10.209865854853513,10.249253387474058,10.236124209933882,10.209865854853513,10.236124209933882,10.236124209933882,10.249253387474058,10.236124209933882,10.236124209933882,10.209865854853513,10.222995032393689,10.236124209933882,10.236124209933882,10.209865854853513,10.236124209933882,10.249253387474058,10.222995032393689,10.249253387474058,10.236124209933882,10.249253387474058,10.222995032393689,10.209865854853513,10.209865854853513,10.209865854853513,10.249253387474058,10.236124209933882,10.209865854853513,10.209865854853513,10.222995032393689,10.236124209933882,10.222995032393689,10.249253387474058,10.249253387474058,10.209865854853513,10.249253387474058,10.222995032393689,10.249253387474058,10.222995032393689,10.209865854853513,10.209865854853513,10.236124209933882,10.209865854853513,10.222995032393689,10.236124209933882,10.249253387474058,10.249253387474058,10.249253387474058,10.236124209933882,10.209865854853513,10.236124209933882,10.249253387474058,10.222995032393689,10.209865854853513,10.249253387474058,10.209865854853513,10.236124209933882,10.209865854853513,10.209865854853513,10.209865854853513,10.209865854853513,10.249253387474058,10.249253387474058,10.209865854853513,10.222995032393689,10.209865854853513,10.236124209933882,10.249253387474058,10.236124209933882,10.236124209933882,10.209865854853513,10.249253387474058,10.249253387474058,10.236124209933882,10.236124209933882,10.209865854853513,10.236124209933882,10.222995032393689,10.236124209933882,10.236124209933882,10.222995032393689,10.209865854853513,10.222995032393689,10.209865854853513,10.249253387474058,10.249253387474058,10.249253387474058,10.209865854853513,10.249253387474058,10.236124209933882,10.209865854853513,10.236124209933882,10.222995032393689,10.209865854853513,10.249253387474058,10.222995032393689,10.209865854853513,10.236124209933882,10.222995032393689,10.249253387474058,10.209865854853513,10.222995032393689,10.222995032393689,10.249253387474058,10.236124209933882,10.209865854853513,10.222995032393689,10.249253387474058,10.222995032393689,10.222995032393689,10.222995032393689,10.209865854853513,10.249253387474058,10.209865854853513,10.236124209933882,10.249253387474058,10.236124209933882,10.236124209933882,10.222995032393689,10.209865854853513,10.249253387474058,10.236124209933882,10.222995032393689,10.236124209933882,10.222995032393689,10.222995032393689,10.209865854853513,10.249253387474058,10.222995032393689,10.209865854853513,10.222995032393689,10.209865854853513,10.236124209933882,10.209865854853513,10.249253387474058,10.236124209933882,10.222995032393689,10.236124209933882,10.249253387474058,10.249253387474058,10.249253387474058,10.236124209933882,10.236124209933882,10.222995032393689,10.249253387474058,10.236124209933882,10.249253387474058,10.249253387474058,10.222995032393689,10.249253387474058,10.209865854853513,10.249253387474058,10.249253387474058,10.222995032393689,10.222995032393689,10.249253387474058,10.209865854853513,10.236124209933882,10.236124209933882,10.222995032393689,10.249253387474058,10.249253387474058,10.222995032393689,10.249253387474058,10.222995032393689,10.236124209933882,10.222995032393689,10.209865854853513,10.222995032393689,10.209865854853513,10.236124209933882,10.249253387474058,10.209865854853513,10.236124209933882,10.222995032393689,10.236124209933882,10.236124209933882,10.209865854853513,10.209865854853513,10.236124209933882,10.222995032393689,10.249253387474058,10.236124209933882,10.236124209933882,10.209865854853513,10.222995032393689,10.222995032393689,10.249253387474058,10.209865854853513,10.236124209933882,10.236124209933882,10.249253387474058,10.209865854853513,10.222995032393689,10.209865854853513,10.222995032393689,10.209865854853513,10.209865854853513,10.222995032393689,10.209865854853513,10.222995032393689
10.073799833073478,10.047541477993127,10.047541477993127,10.073799833073478,10.073799833073478,10.021283122912775,10.047541477993127,9.995024767832405,9.995024767832405,10.073799833073478,10.021283122912775,10.073799833073478,10.073799833073478,10.073799833073478,10.073799833073478,10.073799833073478,10.047541477993127,10.073799833073478,10.073799833073478,10.047541477993127,9.995024767832405,9.995024767832405,10.021283122912775,9.995024767832405,9.995024767832405,9.995024767832405,10.047541477993127,10.021283122912775,9.995024767832405,10.047541477993127,10.021283122912775,9.995024767832405,10.073799833073478,10.021283122912775,9.995024767832405,10.021283122912775,10.073799833073478,10.021283122912775,9.995024767832405,10.047541477993127,10.047541477993127,10.047541477993127,9.995024767832405,10.021283122912775,10.021283122912775,10.047541477993127,10.047541477993127,10.021283122912775,10.047541477993127,10.047541477993127,9.995024767832405,10.047541477993127,10.047541477993127,10.073799833073478,10.073799833073478,10.047541477993127,10.021283122912775,10.073799833073478,9.995024767832405,10.021283122912775,10.047541477993127,9.995024767832405,9.995024767832405,10.047541477993127,10.021283122912775,10.047541477993127,9.995024767832405,10.073799833073478,10.047541477993127,10.073799833073478,10.021283122912775,10.047541477993127,10.073799833073478,9.995024767832405,10.021283122912775,10.047541477993127,10.073799833073478,10.073799833073478,10.047541477993127,10.021283122912775,10.073799833073478,10.047541477993127,10.021283122912775,10.073799833073478,10.073799833073478,10.021283122912775,10.047541477993127,10.021283122912775,9.995024767832405,10.073799833073478,10.073799833073478,10.047541477993127,10.021283122912775,10.047541477993127,9.995024767832405,10.021283122912775,9.995024767832405,10.021283122912775,10.021283122912775,9.995024767832405,10.047541477993127,10.047541477993127,10.073799833073478,9.995024767832405,9.995024767832405,10.021283122912775,9.995024767832405,9.995024767832405,10.073799833073478,10.021283122912775,9.995024767832405,10.021283122912775,10.047541477993127,10.021283122912775,10.021283122912775,10.073799833073478,9.995024767832405,10.047541477993127,10.073799833073478,9.995024767832405,9.995024767832405,10.047541477993127,10.021283122912775,9.995024767832405,10.047541477993127,9.995024767832405,10.021283122912775,10.021283122912775,9.995024767832405,10.021283122912775,10.021283122912775,10.047541477993127,9.995024767832405,10.021283122912775,9.995024767832405,10.047541477993127,10.073799833073478,10.073799833073478,10.021283122912775,10.073799833073478,10.021283122912775,9.995024767832405,10.047541477993127,9.995024767832405,10.073799833073478,10.021283122912775,10.021283122912775,10.021283122912775,9.995024767832405,10.021283122912775,9.995024767832405,10.047541477993127,10.073799833073478,9.995024767832405,9.995024767832405,10.047541477993127,9.995024767832405,10.021283122912775,9.995024767832405,9.995024767832405,10.021283122912775,10.073799833073478,10.021283122912775,10.021283122912775,10.073799833073478,9.995024767832405,10.073799833073478,10.021283122912775,10.021283122912775,10.021283122912775,10.021283122912775,9.995024767832405,10.073799833073478,10.073799833073478,10.021283122912775,10.073799833073478,10.047541477993127,10.047541477993127,9.995024767832405,9.995024767832405,10.021283122912775,10.021283122912775,10.047541477993127,10.073799833073478,10.021283122912775,9.995024767832405,9.995024767832405,10.021283122912775,10.073799833073478,10.073799833073478,10.047541477993127,9.995024767832405,9.995024767832405,10.021283122912775,10.073799833073478,10.021283122912775,10.021283122912775,9.995024767832405,10.047541477993127,10.073799833073478
9.819571213431843,9.780183680811316,9.780183680811316,9.858958746052389,9.780183680811316,9.819571213431843,9.858958746052389,9.898346278672916,9.858958746052389,9.780183680811316,9.780183680811316,9.819571213431843,9.780183680811316,9.898346278672916,9.898346278672916,9.819571213431843,9.898346278672916,9.858958746052389,9.898346278672916,9.819571213431843,9.780183680811316,9.898346278672916,9.819571213431843,9.780183680811316,9.780183680811316,9.898346278672916,9.858958746052389,9.858958746052389,9.858958746052389,9.898346278672916,9.819571213431843,9.858958746052389,9.858958746052389,9.819571213431843,9.780183680811316,9.819571213431843,9.780183680811316,9.819571213431843,9.780183680811316,9.780183680811316,9.898346278672916,9.780183680811316,9.858958746052389,9.780183680811316,9.858958746052389,9.819571213431843,9.858958746052389,9.780183680811316,9.819571213431843,9.898346278672916,9.898346278672916,9.858958746052389,9.858958746052389,9.819571213431843,9.819571213431843,9.858958746052389,9.780183680811316,9.780183680811316,9.780183680811316,9.780183680811316,9.858958746052389,9.898346278672916,9.780183680811316,9.858958746052389,9.819571213431843,9.819571213431843,9.819571213431843,9.780183680811316,9.898346278672916,9.780183680811316,9.898346278672916,9.819571213431843,9.819571213431843,9.898346278672916,9.780183680811316,9.858958746052389,9.898346278672916,9.858958746052389,9.858958746052389,9.780183680811316,9.898346278672916,9.819571213431843,9.898346278672916,9.780183680811316,9.898346278672916,9.858958746052389,9.898346278672916,9.858958746052389,9.819571213431843,9.780183680811316,9.819571213431843,9.780183680811316,9.858958746052389,9.858958746052389,9.819571213431843,9.780183680811316,9.898346278672916,9.819571213431843,9.780183680811316,9.858958746052389,9.898346278672916,9.898346278672916,9.858958746052389,9.780183680811316,9.858958746052389,9.858958746052389,9.780183680811316,9.858958746052389,9.780183680811316,9.780183680811316,9.898346278672916,9.819571213431843,9.858958746052389,9.898346278672916,9.819571213431843,9.898346278672916,9.780183680811316,9.898346278672916,9.780183680811316,9.780183680811316,9.858958746052389,9.898346278672916,9.858958746052389,9.819571213431843,9.780183680811316,9.858958746052389,9.858958746052389,9.780183680811316,9.898346278672916,9.898346278672916,9.819571213431843,9.780183680811316,9.898346278672916,9.819571213431843,9.898346278672916,9.819571213431843,9.780183680811316,9.898346278672916,9.898346278672916,9.898346278672916,9.898346278672916,9.819571213431843,9.780183680811316,9.858958746052389,9.780183680811316,9.819571213431843,9.780183680811316,9.898346278672916,9.898346278672916,9.780183680811316,9.819571213431843,9.898346278672916,9.898346278672916,9.819571213431843,9.898346278672916,9.858958746052389,9.819571213431843,9.858958746052389,9.819571213431843,9.819571213431843,9.858958746052389,9.898346278672916,9.780183680811316,9.819571213431843,9.898346278672916,9.858958746052389,9.898346278672916,9.858958746052389,9.819571213431843,9.858958746052389,9.780183680811316,9.819571213431843,9.898346278672916,9.898346278672916,9.780183680811316,9.780183680811316,9.898346278672916,9.858958746052389,9.898346278672916,9.898346278672916,9.780183680811316,9.819571213431843,9.858958746052389,9.858958746052389,9.819571213431843,9.898346278672916,9.819571213431843,9.898346278672916,9.819571213431843,9.898346278672916,9.858958746052389,9.858958746052389,9.858958746052389,9.898346278672916,9.819571213431843,9.898346278672916,9.858958746052389,9.819571213431843,9.898346278672916,9.780183680811316
9.56534259379021,9.670376014111632,9.617859303950912,9.670376014111632,9.617859303950912,9.56534259379021,9.56534259379021,9.722892724272352,9.670376014111632,9.617859303950912,9.56534259379021,9.722892724272352,9.670376014111632,9.670376014111632,9.56534259379021,9.670376014111632,9.722892724272352,9.670376014111632,9.56534259379021,9.617859303950912,9.617859303950912,9.722892724272352,9.56534259379021,9.722892724272352,9.617859303950912,9.722892724272352,9.617859303950912,9.670376014111632,9.670376014111632,9.722892724272352,9.617859303950912,9.617859303950912,9.722892724272352,9.617859303950912,9.617859303950912,9.722892724272352,9.670376014111632,9.722892724272352,9.56534259379021,9.617859303950912,9.722892724272352,9.670376014111632,9.722892724272352,9.670376014111632,9.56534259379021,9.722892724272352,9.670376014111632,9.617859303950912,9.56534259379021,9.670376014111632,9.56534259379021,9.722892724272352,9.722892724272352,9.617859303950912,9.722892724272352,9.617859303950912,9.722892724272352,9.56534259379021,9.617859303950912,9.670376014111632,9.56534259379021,9.670376014111632,9.617859303950912,9.617859303950912,9.56534259379021,9.56534259379021,9.56534259379021,9.617859303950912,9.722892724272352,9.670376014111632,9.670376014111632,9.56534259379021,9.56534259379021,9.617859303950912,9.722892724272352,9.617859303950912,9.56534259379021,9.617859303950912,9.722892724272352,9.670376014111632,9.670376014111632,9.56534259379021,9.722892724272352,9.670376014111632,9.722892724272352,9.722892724272352,9.617859303950912,9.56534259379021,9.722892724272352,9.56534259379021,9.56534259379021,9.670376014111632,9.617859303950912,9.722892724272352,9.617859303950912,9.722892724272352,9.617859303950912,9.670376014111632,9.617859303950912,9.722892724272352,9.722892724272352,9.617859303950912,9.617859303950912,9.670376014111632,9.617859303950912,9.722892724272352,9.670376014111632,9.617859303950912,9.56534259379021,9.722892724272352,9.617859303950912,9.670376014111632,9.670376014111632,9.722892724272352,9.617859303950912,9.56534259379021,9.56534259379021,9.56534259379021,9.722892724272352,9.670376014111632,9.670376014111632,9.56534259379021,9.56534259379021,9.722892724272352,9.617859303950912,9.56534259379021,9.617859303950912,9.670376014111632,9.56534259379021,9.670376014111632,9.617859303950912,9.617859303950912,9.670376014111632,9.617859303950912,9.670376014111632,9.722892724272352,9.56534259379021,9.617859303950912,9.722892724272352,9.56534259379021,9.617859303950912,9.670376014111632,9.617859303950912,9.56534259379021,9.56534259379021,9.56534259379021,9.56534259379021,9.722892724272352,9.722892724272352,9.722892724272352,9.56534259379021,9.722892724272352,9.670376014111632,9.617859303950912,9.56534259379021,9.722892724272352,9.670376014111632,9.670376014111632,9.56534259379021,9.617859303950912,9.617859303950912,9.56534259379021,9.722892724272352,9.56534259379021,9.56534259379021,9.722892724272352,9.56534259379021,9.722892724272352,9.722892724272352,9.56534259379021,9.722892724272352,9.617859303950912,9.670376014111632,9.670376014111632,9.617859303950912,9.617859303950912,9.56534259379021,9.617859303950912,9.722892724272352,9.722892724272352,9.617859303950912,9.670376014111632,9.617859303950912,9.56534259379021,9.617859303950912,9.670376014111632,9.56534259379021,9.617859303950912,9.56534259379021,9.670376014111632,9.670376014111632,9.56534259379021,9.722892724272352,9.617859303950912,9.617859303950912,9.670376014111632,9.722892724272352,9.722892724272352,9.670376014111632,9.722892724272352
9.547439169871772,9.547439169871772,9.481793282170894,9.481793282170894,9.547439169871772,9.416147394469998,9.481793282170894,9.481793282170894,9.547439169871772,9.481793282170894,9.547439169871772,9.3505015067691,9.3505015067691,9.481793282170894,9.481793282170894,9.547439169871772,9.3505015067691,9.481793282170894,9.416147394469998,9.3505015067691,9.416147394469998,9.547439169871772,9.547439169871772,9.3505015067691,9.3505015067691,9.481793282170894,9.3505015067691,9.3505015067691,9.481793282170894,9.416147394469998,9.481793282170894,9.3505015067691,9.416147394469998,9.481793282170894,9.547439169871772,9.3505015067691,9.3505015067691,9.481793282170894,9.3505015067691,9.481793282170894,9.481793282170894,9.416147394469998,9.3505015067691,9.3505015067691,9.481793282170894,9.416147394469998,9.416147394469998,9.3505015067691,9.416147394469998,9.547439169871772,9.416147394469998,9.416147394469998,9.547439169871772,9.416147394469998,9.481793282170894,9.547439169871772,9.481793282170894,9.3505015067691,9.3505015067691,9.3505015067691,9.547439169871772,9.481793282170894,9.3505015067691,9.416147394469998,9.547439169871772,9.481793282170894,9.547439169871772,9.3505015067691,9.416147394469998,9.547439169871772,9.547439169871772,9.547439169871772,9.416147394469998,9.416147394469998,9.416147394469998,9.416147394469998,9.547439169871772,9.416147394469998,9.416147394469998,9.481793282170894,9.416147394469998,9.481793282170894,9.481793282170894,9.481793282170894,9.416147394469998,9.547439169871772,9.547439169871772,9.547439169871772,9.416147394469998,9.481793282170894,9.547439169871772,9.547439169871772,9.416147394469998,9.547439169871772,9.547439169871772,9.481793282170894,9.3505015067691,9.547439169871772,9.416147394469998,9.416147394469998,9.547439169871772,9.3505015067691,9.3505015067691,9.481793282170894,9.416147394469998,9.481793282170894,9.3505015067691,9.481793282170894,9.3505015067691,9.547439169871772,9.3505015067691,9.481793282170894,9.416147394469998,9.481793282170894,9.547439169871772,9.3505015067691,9.547439169871772,9.547439169871772,9.481793282170894,9.3505015067691,9.416147394469998,9.547439169871772,9.481793282170894,9.416147394469998,9.3505015067691,9.416147394469998,9.481793282170894,9.481793282170894,9.416147394469998,9.3505015067691,9.3505015067691,9.547439169871772,9.3505015067691,9.3505015067691,9.416147394469998,9.3505015067691,9.3505015067691,9.416147394469998,9.547439169871772,9.416147394469998,9.481793282170894,9.416147394469998,9.416147394469998,9.547439169871772,9.481793282170894,9.3505015067691,9.3505015067691,9.481793282170894,9.481793282170894,9.416147394469998,9.547439169871772,9.481793282170894,9.3505015067691,9.416147394469998,9.547439169871772,9.416147394469998,9.481793282170894,9.416147394469998,9.416147394469998,9.481793282170894,9.547439169871772,9.481793282170894,9.3505015067691,9.481793282170894,9.416147394469998,9.3505015067691,9.3505015067691,9.481793282170894,9.481793282170894,9.416147394469998,9.481793282170894,9.547439169871772,9.481793282170894,9.547439169871772,9.3505015067691,9.416147394469998,9.3505015067691,9.547439169871772,9.3505015067691,9.481793282170894,9.547439169871772,9.481793282170894,9.547439169871772,9.481793282170894,9.416147394469998,9.3505015067691,9.416147394469998,9.547439169871772,9.3505015067691,9.547439169871772,9.3505015067691,9.547439169871772,9.547439169871772,9.3505015067691,9.547439169871772,9.416147394469998,9.3505015067691,9.416147394469998,9.481793282170894,9.481793282170894
9.37198561547121,9.293210550230139,9.37198561547121,9.293210550230139,9.37198561547121,9.293210550230139,9.214435484989068,9.214435484989068,9.214435484989068,9.37198561547121,9.37198561547121,9.37198561547121,9.135660419747994,9.293210550230139,9.135660419747994,9.293210550230139,9.37198561547121,9.135660419747994,9.293210550230139,9.293210550230139,9.214435484989068,9.293210550230139,9.135660419747994,9.293210550230139,9.37198561547121,9.37198561547121,9.214435484989068,9.135660419747994,9.214435484989068,9.135660419747994,9.37198561547121,9.293210550230139,9.293210550230139,9.293210550230139,9.293210550230139,9.37198561547121,9.135660419747994,9.214435484989068,9.135660419747994,9.135660419747994,9.135660419747994,9.293210550230139,9.37198561547121,9.214435484989068,9.37198561547121,9.37198561547121,9.214435484989068,9.214435484989068,9.37198561547121,9.135660419747994,9.214435484989068,9.293210550230139,9.214435484989068,9.214435484989068,9.135660419747994,9.135660419747994,9.214435484989068,9.135660419747994,9.135660419747994,9.135660419747994,9.135660419747994,9.214435484989068,9.214435484989068,9.135660419747994,9.293210550230139,9.135660419747994,9.214435484989068,9.135660419747994,9.214435484989068,9.214435484989068,9.214435484989068,9.37198561547121,9.214435484989068,9.293210550230139,9.135660419747994,9.37198561547121,9.214435484989068,9.293210550230139,9.293210550230139,9.135660419747994,9.214435484989068,9.37198561547121,9.214435484989068,9.214435484989068,9.135660419747994,9.37198561547121,9.293210550230139,9.214435484989068,9.293210550230139,9.293210550230139,9.214435484989068,9.37198561547121,9.37198561547121,9.214435484989068,9.37198561547121,9.214435484989068,9.135660419747994,9.135660419747994,9.293210550230139,9.293210550230139,9.37198561547121,9.293210550230139,9.135660419747994,9.135660419747994,9.214435484989068,9.37198561547121,9.214435484989068,9.135660419747994,9.37198561547121,9.37198561547121,9.293210550230139,9.37198561547121,9.214435484989068,9.37198561547121,9.293210550230139,9.37198561547121,9.293210550230139,9.214435484989068,9.37198561547121,9.37198561547121,9.293210550230139,9.135660419747994,9.37198561547121,9.37198561547121,9.37198561547121,9.214435484989068,9.293210550230139,9.37198561547121,9.214435484989068,9.214435484989068,9.214435484989068,9.37198561547121,9.135660419747994,9.214435484989068,9.135660419747994,9.214435484989068,9.37198561547121,9.214435484989068,9.37198561547121,9.293210550230139,9.214435484989068,9.293210550230139,9.214435484989068,9.293210550230139,9.293210550230139,9.214435484989068,9.135660419747994,9.37198561547121,9.37198561547121,9.293210550230139,9.293210550230139,9.37198561547121,9.214435484989068,9.293210550230139,9.135660419747994,9.214435484989068,9.37198561547121,9.37198561547121,9.37198561547121,9.214435484989068,9.214435484989068,9.214435484989068,9.37198561547121,9.214435484989068,9.293210550230139,9.37198561547121,9.37198561547121,9.135660419747994,9.135660419747994,9.293210550230139,9.135660419747994,9.214435484989068,9.293210550230139,9.214435484989068,9.135660419747994,9.293210550230139,9.135660419747994,9.214435484989068,9.135660419747994,9.135660419747994,9.293210550230139,9.37198561547121,9.293210550230139,9.135660419747994,9.37198561547121,9.293210550230139,9.214435484989068,9.37198561547121,9.293210550230139,9.135660419747994,9.135660419747994,9.293210550230139,9.293210550230139,9.37198561547121,9.293210550230139,9.37198561547121,9.293210550230139,9.135660419747994,9.293210550230139,9.37198561547121
9.196532061070648,9.1046278182894,9.196532061070648,9.012723575508153,9.1046278182894,9.012723575508153,8.920819332726888,9.1046278182894,9.196532061070648,9.1046278182894,9.196532061070648,9.196532061070648,8.920819332726888,9.1046278182894,9.196532061070648,9.196532061070648,9.196532061070648,9.196532061070648,8.920819332726888,8.920819332726888,9.196532061070648,8.920819332726888,8.920819332726888,9.1046278182894,9.012723575508153,8.920819332726888,9.196532061070648,9.1046278182894,8.920819332726888,9.1046278182894,9.196532061070648,9.012723575508153,9.196532061070648,9.1046278182894,8.920819332726888,9.1046278182894,9.1046278182894,8.920819332726888,9.196532061070648,8.920819332726888,8.920819332726888,9.1046278182894,9.196532061070648,9.196532061070648,9.012723575508153,9.196532061070648,9.012723575508153,9.1046278182894,9.012723575508153,8.920819332726888,8.920819332726888,9.1046278182894,9.196532061070648,8.920819332726888,8.920819332726888,8.920819332726888,9.196532061070648,9.012723575508153,9.012723575508153,9.196532061070648,8.920819332726888,9.196532061070648,9.1046278182894,8.920819332726888,9.196532061070648,9.012723575508153,8.920819332726888,9.012723575508153,9.1046278182894,9.196532061070648,9.012723575508153,9.012723575508153,9.196532061070648,8.920819332726888,9.196532061070648,9.196532061070648,9.196532061070648,9.012723575508153,9.1046278182894,9.012723575508153,8.920819332726888,9.1046278182894,9.196532061070648,9.196532061070648,9.012723575508153,9.196532061070648,8.920819332726888,9.012723575508153,8.920819332726888,9.196532061070648,8.920819332726888,8.920819332726888,9.196532061070648,9.1046278182894,8.920819332726888,9.1046278182894,9.1046278182894,8.920819332726888,9.196532061070648,9.196532061070648,9.012723575508153,9.1046278182894,9.012723575508153,8.920819332726888,9.012723575508153,8.920819332726888,8.920819332726888,9.012723575508153,9.012723575508153,8.920819332726888,8.920819332726888,9.1046278182894,8.920819332726888,8.920819332726888,8.920819332726888,9.1046278182894,9.1046278182894,9.196532061070648,9.012723575508153,9.196532061070648,9.196532061070648,8.920819332726888,9.1046278182894,8.920819332726888,8.920819332726888,8.920819332726888,8.920819332726888,9.012723575508153,9.1046278182894,8.920819332726888,9.1046278182894,9.196532061070648,8.920819332726888,8.920819332726888,8.920819332726888,9.1046278182894,8.920819332726888,9.1046278182894,9.1046278182894,9.012723575508153,9.1046278182894,9.1046278182894,9.1046278182894,8.920819332726888,8.920819332726888,9.1046278182894,9.1046278182894,9.1046278182894,9.012723575508153,9.012723575508153,9.012723575508153,8.920819332726888,9.1046278182894,9.1046278182894,9.012723575508153,9.012723575508153,9.012723575508153,9.196532061070648,9.1046278182894,8.920819332726888,9.1046278182894,9.196532061070648,8.920819332726888,9.012723575508153,9.012723575508153,8.920819332726888,9.196532061070648,9.1046278182894,9.012723575508153,8.920819332726888,8.920819332726888,9.012723575508153,8.920819332726888,8.920819332726888,9.1046278182894,8.920819332726888,8.920819332726888,9.196532061070648,9.196532061070648,9.012723575508153,9.196532061070648,8.920819332726888,9.1046278182894,9.1046278182894,9.012723575508153,9.196532061070648,9.196532061070648,9.1046278182894,8.920819332726888,9.012723575508153,8.920819332726888,9.012723575508153,9.012723575508153,9.012723575508153,9.196532061070648,9.1046278182894,9.1046278182894,9.1046278182894,9.012723575508153,8.920819332726888
8.811011666027222,8.705978245705797,9.021078506670067,8.916045086348644,9.021078506670067,8.705978245705797,8.811011666027222,9.021078506670067,8.916045086348644,8.916045086348644,9.021078506670067,8.705978245705797,8.916045086348644,9.021078506670067,8.916045086348644,9.021078506670067,8.916045086348644,8.705978245705797,8.705978245705797,9.021078506670067,9.021078506670067,9.021078506670067,8.705978245705797,8.705978245705797,8.916045086348644,9.021078506670067,9.021078506670067,8.705978245705797,9.021078506670067,9.021078506670067,9.021078506670067,8.811011666027222,8.705978245705797,8.811011666027222,9.021078506670067,8.916045086348644,8.705978245705797,8.811011666027222,8.705978245705797,8.705978245705797,8.811011666027222,8.705978245705797,9.021078506670067,8.916045086348644,8.811011666027222,9.021078506670067,9.021078506670067,8.916045086348644,9.021078506670067,8.916045086348644,8.811011666027222,9.021078506670067,8.811011666027222,8.705978245705797,8.705978245705797,8.916045086348644,8.916045086348644,8.705978245705797,9.021078506670067,9.021078506670067,8.811011666027222,9.021078506670067,8.705978245705797,8.811011666027222,8.916045086348644,8.811011666027222,8.705978245705797,8.705978245705797,8.705978245705797,9.021078506670067,8.705978245705797,8.811011666027222,8.705978245705797,8.705978245705797,8.705978245705797,8.705978245705797,9.021078506670067,8.811011666027222,8.705978245705797,8.705978245705797,9.021078506670067,8.705978245705797,8.811011666027222,8.811011666027222,9.021078506670067,8.916045086348644,8.916045086348644,8.811011666027222,8.705978245705797,9.021078506670067,8.811011666027222,8.811011666027222,9.021078506670067,9.021078506670067,8.705978245705797,8.811011666027222,9.021078506670067,8.705978245705797,9.021078506670067,8.916045086348644,9.021078506670067,8.811011666027222,8.916045086348644,8.916045086348644,8.916045086348644,9.021078506670067,8.811011666027222,9.021078506670067,8.811011666027222,8.811011666027222,8.916045086348644,8.811011666027222,8.811011666027222,8.916045086348644,9.021078506670067,8.811011666027222,8.916045086348644,8.916045086348644,9.021078506670067,9.021078506670067,8.916045086348644,8.705978245705797,8.811011666027222,8.916045086348644,8.916045086348644,9.021078506670067,8.811011666027222,8.705978245705797,8.705978245705797,8.916045086348644,8.811011666027222,8.705978245705797,9.021078506670067,8.811011666027222,8.705978245705797,8.916045086348644,9.021078506670067,8.916045086348644,9.021078506670067,8.705978245705797,8.705978245705797,8.916045086348644,8.916045086348644,9.021078506670067,9.021078506670067,8.705978245705797,8.811011666027222,8.916045086348644,9.021078506670067,8.811011666027222,8.705978245705797,8.916045086348644,8.811011666027222,8.811011666027222,8.811011666027222,8.705978245705797,8.811011666027222,9.021078506670067,8.916045086348644,8.916045086348644,8.705978245705797,9.021078506670067,8.916045086348644,9.021078506670067,8.811011666027222,8.916045086348644,8.705978245705797,8.811011666027222,9.021078506670067,8.705978245705797,8.916045086348644,8.705978245705797,8.916045086348644,8.705978245705797,9.021078506670067,8.811011666027222,8.916045086348644,8.916045086348644,8.705978245705797,8.916045086348644,8.916045086348644,8.811011666027222,8.916045086348644,9.021078506670067,9.021078506670067,8.811011666027222,9.021078506670067,8.705978245705797,8.705978245705797,8.916045086348644,8.811011666027222,8.916045086348644,8.705978245705797,8.705978245705797,8.705978245705797,8.811011666027222,9.021078506670067,8.811011666027222,8.811011666027222,9.021078506670067
8.609299756546289,8.845624952269505,8.609299756546289,8.49113715868469,8.49113715868469,8.609299756546289,8.609299756546289,8.609299756546289,8.49113715868469,8.845624952269505,8.49113715868469,8.49113715868469,8.609299756546289,8.727462354407907,8.49113715868469,8.609299756546289,8.845624952269505,8.727462354407907,8.609299756546289,8.845624952269505,8.609299756546289,8.727462354407907,8.49113715868469,8.727462354407907,8.727462354407907,8.727462354407907,8.609299756546289,8.609299756546289,8.49113715868469,8.845624952269505,8.727462354407907,8.727462354407907,8.845624952269505,8.49113715868469,8.609299756546289,8.727462354407907,8.845624952269505,8.727462354407907,8.845624952269505,8.727462354407907,8.845624952269505,8.727462354407907,8.609299756546289,8.609299756546289,8.49113715868469,8.727462354407907,8.845624952269505,8.845624952269505,8.609299756546289,8.727462354407907,8.727462354407907,8.845624952269505,8.727462354407907,8.49113715868469,8.609299756546289,8.49113715868469,8.845624952269505,8.49113715868469,8.845624952269505,8.845624952269505,8.727462354407907,8.845624952269505,8.845624952269505,8.845624952269505,8.845624952269505,8.609299756546289,8.727462354407907,8.49113715868469,8.49113715868469,8.49113715868469,8.609299756546289,8.49113715868469,8.845624952269505,8.609299756546289,8.845624952269505,8.727462354407907,8.727462354407907,8.609299756546289,8.49113715868469,8.609299756546289,8.727462354407907,8.845624952269505,8.609299756546289,8.845624952269505,8.845624952269505,8.609299756546289,8.49113715868469,8.49113715868469,8.49113715868469,8.609299756546289,8.609299756546289,8.845624952269505,8.49113715868469,8.49113715868469,8.727462354407907,8.609299756546289,8.727462354407907,8.845624952269505,8.609299756546289,8.49113715868469,8.727462354407907,8.609299756546289,8.845624952269505,8.49113715868469,8.49113715868469,8.609299756546289,8.49113715868469,8.845624952269505,8.609299756546289,8.845624952269505,8.727462354407907,8.49113715868469,8.609299756546289,8.49113715868469,8.609299756546289,8.845624952269505,8.727462354407907,8.609299756546289,8.49113715868469,8.727462354407907,8.727462354407907,8.727462354407907,8.609299756546289,8.609299756546289,8.845624952269505,8.727462354407907,8.49113715868469,8.845624952269505,8.49113715868469,8.49113715868469,8.845624952269505,8.609299756546289,8.845624952269505,8.49113715868469,8.727462354407907,8.49113715868469,8.609299756546289,8.845624952269505,8.609299756546289,8.49113715868469,8.49113715868469,8.845624952269505,8.727462354407907,8.49113715868469,8.609299756546289,8.49113715868469,8.727462354407907,8.49113715868469,8.49113715868469,8.727462354407907,8.845624952269505,8.727462354407907,8.845624952269505,8.727462354407907,8.845624952269505,8.49113715868469,8.727462354407907,8.845624952269505,8.609299756546289,8.845624952269505,8.727462354407907,8.727462354407907,8.845624952269505,8.845624952269505,8.727462354407907,8.845624952269505,8.609299756546289,8.609299756546289,8.49113715868469,8.49113715868469,8.845624952269505,8.727462354407907,8.609299756546289,8.727462354407907,8.609299756546289,8.845624952269505,8.845624952269505,8.609299756546289,8.727462354407907,8.845624952269505,8.49113715868469,8.845624952269505,8.727462354407907,8.609299756546289,8.727462354407907,8.609299756546289,8.845624952269505,8.609299756546289,8.845624952269505,8.49113715868469,8.727462354407907,8.49113715868469,8.49113715868469,8.845624952269505,8.727462354407907,8.49113715868469,8.609299756546289,8.49113715868469,8.727462354407907,8.49113715868469
8.670171397868943,8.276296071663584,8.670171397868943,8.670171397868943,8.538879622467151,8.407587847065376,8.538879622467151,8.538879622467151,8.670171397868943,8.670171397868943,8.538879622467151,8.407587847065376,8.407587847065376,8.538879622467151,8.538879622467151,8.670171397868943,8.670171397868943,8.276296071663584,8.407587847065376,8.407587847065376,8.407587847065376,8.538879622467151,8.276296071663584,8.407587847065376,8.276296071663584,8.670171397868943,8.670171397868943,8.538879622467151,8.670171397868943,8.276296071663584,8.670171397868943,8.276296071663584,8.670171397868943,8.538879622467151,8.538879622467151,8.407587847065376,8.670171397868943,8.407587847065376,8.276296071663584,8.670171397868943,8.670171397868943,8.670171397868943,8.670171397868943,8.276296071663584,8.538879622467151,8.276296071663584,8.538879622467151,8.407587847065376,8.276296071663584,8.276296071663584,8.538879622467151,8.538879622467151,8.276296071663584,8.276296071663584,8.670171397868943,8.670171397868943,8.538879622467151,8.276296071663584,8.407587847065376,8.276296071663584,8.538879622467151,8.670171397868943,8.538879622467151,8.407587847065376,8.670171397868943,8.276296071663584,8.538879622467151,8.670171397868943,8.538879622467151,8.276296071663584,8.538879622467151,8.276296071663584,8.670171397868943,8.538879622467151,8.670171397868943,8.407587847065376,8.276296071663584,8.276296071663584,8.670171397868943,8.538879622467151,8.276296071663584,8.670171397868943,8.538879622467151,8.670171397868943,8.407587847065376,8.276296071663584,8.670171397868943,8.670171397868943,8.538879622467151,8.276296071663584,8.670171397868943,8.538879622467151,8.407587847065376,8.538879622467151,8.407587847065376,8.538879622467151,8.670171397868943,8.538879622467151,8.276296071663584,8.670171397868943,8.276296071663584,8.538879622467151,8.670171397868943,8.670171397868943,8.407587847065376,8.276296071663584,8.276296071663584,8.276296071663584,8.538879622467151,8.276296071663584,8.538879622467151,8.538879622467151,8.407587847065376,8.407587847065376,8.407587847065376,8.407587847065376,8.670171397868943,8.538879622467151,8.670171397868943,8.407587847065376,8.670171397868943,8.276296071663584,8.670171397868943,8.407587847065376,8.670171397868943,8.538879622467151,8.407587847065376,8.407587847065376,8.670171397868943,8.407587847065376,8.670171397868943,8.407587847065376,8.538879622467151,8.670171397868943,8.538879622467151,8.670171397868943,8.538879622467151,8.670171397868943,8.538879622467151,8.276296071663584,8.670171397868943,8.276296071663584,8.276296071663584,8.538879622467151,8.538879622467151,8.276296071663584,8.276296071663584,8.670171397868943,8.276296071663584,8.670171397868943,8.538879622467151,8.276296071663584,8.276296071663584,8.538879622467151,8.670171397868943,8.407587847065376,8.407587847065376,8.407587847065376,8.407587847065376,8.276296071663584,8.276296071663584,8.538879622467151,8.276296071663584,8.538879622467151,8.670171397868943,8.407587847065376,8.407587847065376,8.670171397868943,8.670171397868943,8.538879622467151,8.407587847065376,8.670171397868943,8.670171397868943,8.276296071663584,8.407587847065376,8.538879622467151,8.276296071663584,8.407587847065376,8.276296071663584,8.407587847065376,8.407587847065376,8.276296071663584,8.538879622467151,8.407587847065376,8.670171397868943,8.670171397868943,8.670171397868943,8.276296071663584,8.407587847065376,8.670171397868943,8.538879622467151,8.407587847065376,8.538879622467151,8.670171397868943,8.276296071663584,8.538879622467151,8.538879622467151,8.670171397868943,8.407587847065376,8.670171397868943
8.061454984642475,8.061454984642475,8.350296890526412,8.061454984642475,8.205875937584443,8.494717843468363,8.494717843468363,8.205875937584443,8.350296890526412,8.061454984642475,8.494717843468363,8.205875937584443,8.494717843468363,8.205875937584443,8.205875937584443,8.350296890526412,8.061454984642475,8.350296890526412,8.205875937584443,8.350296890526412,8.061454984642475,8.061454984642475,8.205875937584443,8.205875937584443,8.350296890526412,8.350296890526412,8.205875937584443,8.205875937584443,8.205875937584443,8.205875937584443,8.061454984642475,8.350296890526412,8.350296890526412,8.205875937584443,8.350296890526412,8.061454984642475,8.061454984642475,8.494717843468363,8.494717843468363,8.061454984642475,8.061454984642475,8.205875937584443,8.061454984642475,8.061454984642475,8.061454984642475,8.494717843468363,8.494717843468363,8.205875937584443,8.494717843468363,8.205875937584443,8.494717843468363,8.061454984642475,8.205875937584443,8.350296890526412,8.350296890526412,8.494717843468363,8.350296890526412,8.350296890526412,8.494717843468363,8.494717843468363,8.494717843468363,8.205875937584443,8.205875937584443,8.205875937584443,8.061454984642475,8.494717843468363,8.494717843468363,8.061454984642475,8.205875937584443,8.350296890526412,8.350296890526412,8.061454984642475,8.061454984642475,8.494717843468363,8.494717843468363,8.061454984642475,8.350296890526412,8.494717843468363,8.205875937584443,8.205875937584443,8.350296890526412,8.350296890526412,8.494717843468363,8.205875937584443,8.061454984642475,8.350296890526412,8.205875937584443,8.061454984642475,8.494717843468363,8.350296890526412,8.350296890526412,8.205875937584443,8.205875937584443,8.350296890526412,8.205875937584443,8.205875937584443,8.061454984642475,8.350296890526412,8.061454984642475,8.350296890526412,8.494717843468363,8.205875937584443,8.494717843468363,8.350296890526412,8.061454984642475,8.350296890526412,8.350296890526412,8.350296890526412,8.350296890526412,8.350296890526412,8.350296890526412,8.205875937584443,8.494717843468363,8.350296890526412,8.061454984642475,8.494717843468363,8.350296890526412,8.205875937584443,8.350296890526412,8.061454984642475,8.061454984642475,8.205875937584443,8.061454984642475,8.350296890526412,8.494717843468363,8.061454984642475,8.205875937584443,8.205875937584443,8.494717843468363,8.494717843468363,8.350296890526412,8.494717843468363,8.061454984642475,8.494717843468363,8.061454984642475,8.350296890526412,8.494717843468363,8.205875937584443,8.350296890526412,8.061454984642475,8.350296890526412,8.350296890526412,8.350296890526412,8.350296890526412,8.494717843468363,8.494717843468363,8.205875937584443,8.350296890526412,8.494717843468363,8.061454984642475,8.494717843468363,8.350296890526412,8.061454984642475,8.494717843468363,8.494717843468363,8.205875937584443,8.494717843468363,8.494717843468363,8.494717843468363,8.205875937584443,8.061454984642475,8.494717843468363,8.494717843468363,8.494717843468363,8.494717843468363,8.205875937584443,8.494717843468363,8.350296890526412,8.061454984642475,8.350296890526412,8.205875937584443,8.350296890526412,8.494717843468363,8.494717843468363,8.350296890526412,8.350296890526412,8.205875937584443,8.061454984642475,8.350296890526412,8.061454984642475,8.061454984642475,8.350296890526412,8.205875937584443,8.350296890526412,8.494717843468363,8.494717843468363,8.205875937584443,8.061454984642475,8.494717843468363,8.061454984642475,8.350296890526412,8.061454984642475,8.350296890526412,8.350296890526412,8.350296890526412,8.061454984642475,8.061454984642475,8.061454984642475,8.205875937584443,8.350296890526412
8.161714158585657,8.161714158585657,8.004164028103512,8.3192642890678,8.004164028103512,7.846613897621369,8.004164028103512,8.3192642890678,8.004164028103512,8.161714158585657,8.161714158585657,8.161714158585657,8.004164028103512,8.004164028103512,8.004164028103512,8.161714158585657,8.161714158585657,7.846613897621369,8.161714158585657,8.004164028103512,8.004164028103512,7.846613897621369,8.3192642890678,8.3192642890678,8.3192642890678,7.846613897621369,8.161714158585657,7.846613897621369,8.004164028103512,7.846613897621369,8.004164028103512,8.3192642890678,8.3192642890678,7.846613897621369,8.3192642890678,8.004164028103512,8.161714158585657,8.004164028103512,8.004164028103512,8.3192642890678,8.161714158585657,8.161714158585657,8.004164028103512,8.161714158585657,7.846613897621369,8.004164028103512,8.004164028103512,8.3192642890678,8.004164028103512,8.004164028103512,8.3192642890678,8.3192642890678,7.846613897621369,8.004164028103512,8.3192642890678,8.3192642890678,7.846613897621369,8.3192642890678,7.846613897621369,8.004164028103512,8.3192642890678,8.3192642890678,7.846613897621369,7.846613897621369,8.004164028103512,8.004164028103512,8.004164028103512,7.846613897621369,8.161714158585657,7.846613897621369,8.3192642890678,8.004164028103512,7.846613897621369,8.161714158585657,8.161714158585657,7.846613897621369,8.3192642890678,8.004164028103512,7.846613897621369,7.846613897621369,7.846613897621369,8.004164028103512,8.161714158585657,8.004164028103512,8.161714158585657,8.3192642890678,8.3192642890678,7.846613897621369,8.161714158585657,8.3192642890678,8.3192642890678,7.846613897621369,7.846613897621369,8.161714158585657,8.3192642890678,8.3192642890678,8.3192642890678,8.004164028103512,7.846613897621369,8.3192642890678,8.004164028103512,8.004164028103512,7.846613897621369,8.161714158585657,8.3192642890678,7.846613897621369,7.846613897621369,8.161714158585657,8.004164028103512,8.004164028103512,7.846613897621369,8.3192642890678,8.3192642890678,7.846613897621369,7.846613897621369,8.161714158585657,8.004164028103512,8.161714158585657,8.3192642890678,7.846613897621369,8.3192642890678,8.3192642890678,8.004164028103512,8.161714158585657,8.3192642890678,8.161714158585657,8.3192642890678,7.846613897621369,7.846613897621369,8.004164028103512,8.004164028103512,8.161714158585657,7.846613897621369,8.3192642890678,8.3192642890678,7.846613897621369,8.3192642890678,7.846613897621369,8.004164028103512,8.3192642890678,8.3192642890678,8.004164028103512,8.161714158585657,7.846613897621369,8.004164028103512,8.004164028103512,8.161714158585657,8.004164028103512,8.161714158585657,8.3192642890678,8.3192642890678,7.846613897621369,8.161714158585657,8.004164028103512,8.3192642890678,8.161714158585657,8.3192642890678,8.161714158585657,8.004164028103512,8.004164028103512,8.161714158585657,8.3192642890678,7.846613897621369,8.004164028103512,8.004164028103512,7.846613897621369,8.161714158585657,8.3192642890678,7.846613897621369,8.161714158585657,8.004164028103512,8.161714158585657,8.3192642890678,8.3192642890678,8.004164028103512,8.161714158585657,7.846613897621369,7.846613897621369,8.004164028103512,7.846613897621369,8.004164028103512,7.846613897621369,8.004164028103512,7.846613897621369,7.846613897621369,8.004164028103512,8.161714158585657,8.004164028103512,8.161714158585657,8.004164028103512,8.3192642890678,8.004164028103512,8.3192642890678,8.3192642890678,8.004164028103512,8.161714158585657,8.3192642890678,7.846613897621369,8.004164028103512,8.004164028103512
7.973131426644918,7.631772810600279,7.802452118622598,7.973131426644918,7.802452118622598,8.143810734667237,8.143810734667237,8.143810734667237,8.143810734667237,7.802452118622598,7.631772810600279,7.631772810600279,7.631772810600279,7.973131426644918,7.631772810600279,7.631772810600279,7.631772810600279,7.802452118622598,7.631772810600279,7.802452118622598,7.802452118622598,7.802452118622598,8.143810734667237,7.802452118622598,8.143810734667237,7.631772810600279,8.143810734667237,7.802452118622598,7.973131426644918,7.973131426644918,7.973131426644918,7.802452118622598,7.973131426644918,8.143810734667237,7.973131426644918,7.973131426644918,8.143810734667237,7.973131426644918,7.802452118622598,7.973131426644918,7.802452118622598,7.973131426644918,7.802452118622598,7.802452118622598,7.631772810600279,7.973131426644918,7.973131426644918,7.802452118622598,7.973131426644918,8.143810734667237,7.802452118622598,7.973131426644918,7.631772810600279,7.631772810600279,7.973131426644918,7.973131426644918,7.973131426644918,7.802452118622598,8.143810734667237,7.802452118622598,7.631772810600279,8.143810734667237,7.973131426644918,7.973131426644918,7.631772810600279,7.973131426644918,8.143810734667237,7.973131426644918,7.973131426644918,7.631772810600279,7.802452118622598,7.802452118622598,7.631772810600279,8.143810734667237,8.143810734667237,7.973131426644918,8.143810734667237,8.143810734667237,8.143810734667237,7.802452118622598,7.973131426644918,7.802452118622598,7.973131426644918,7.802452118622598,7.802452118622598,7.631772810600279,7.973131426644918,7.973131426644918,7.802452118622598,7.631772810600279,7.631772810600279,7.631772810600279,8.143810734667237,8.143810734667237,7.631772810600279,7.973131426644918,7.631772810600279,7.631772810600279,7.631772810600279,7.631772810600279,8.143810734667237,7.631772810600279,7.631772810600279,7.802452118622598,8.143810734667237,7.631772810600279,7.631772810600279,7.973131426644918,7.802452118622598,7.802452118622598,7.802452118622598,7.802452118622598,8.143810734667237,7.802452118622598,8.143810734667237,7.631772810600279,7.973131426644918,8.143810734667237,8.143810734667237,7.631772810600279,7.802452118622598,7.973131426644918,7.631772810600279,7.973131426644918,7.802452118622598,7.973131426644918,8.143810734667237,7.802452118622598,7.802452118622598,7.631772810600279,7.631772810600279,8.143810734667237,7.973131426644918,7.802452118622598,7.802452118622598,7.631772810600279,7.802452118622598,7.631772810600279,7.631772810600279,8.143810734667237,7.802452118622598,8.143810734667237,8.143810734667237,8.143810734667237,8.143810734667237,8.143810734667237,7.973131426644918,7.631772810600279,7.973131426644918,8.143810734667237,8.143810734667237,7.802452118622598,7.631772810600279,7.802452118622598,7.631772810600279,8.143810734667237,7.802452118622598,7.631772810600279,8.143810734667237,7.631772810600279,7.802452118622598,7.631772810600279,8.143810734667237,8.143810734667237,7.802452118622598,7.973131426644918,8.143810734667237,7.973131426644918,7.802452118622598,8.143810734667237,7.802452118622598,8.143810734667237,7.802452118622598,7.631772810600279,7.631772810600279,8.143810734667237,7.973131426644918,7.631772810600279,7.631772810600279,7.973131426644918,7.631772810600279,7.802452118622598,7.631772810600279,7.631772810600279,7.631772810600279,7.631772810600279,7.973131426644918,7.631772810600279,7.973131426644918,8.143810734667237,7.802452118622598,8.143810734667237,8.143810734667237,7.973131426644918,8.143810734667237,8.143810734667237,7.631772810600279,7.631772810600279,7.973131426644918,7.973131426644918
7.784548694704162,7.968357180266676,7.600740209141667,7.600740209141667,7.416931723579172,7.968357180266676,7.784548694704162,7.600740209141667,7.600740209141667,7.416931723579172,7.416931723579172,7.600740209141667,7.600740209141667,7.600740209141667,7.784548694704162,7.600740209141667,7.784548694704162,7.968357180266676,7.600740209141667,7.968357180266676,7.784548694704162,7.416931723579172,7.600740209141667,7.600740209141667,7.600740209141667,7.784548694704162,7.416931723579172,7.416931723579172,7.416931723579172,7.416931723579172,7.968357180266676,7.600740209141667,7.416931723579172,7.600740209141667,7.784548694704162,7.968357180266676,7.600740209141667,7.600740209141667,7.784548694704162,7.600740209141667,7.416931723579172,7.784548694704162,7.784548694704162,7.968357180266676,7.968357180266676,7.968357180266676,7.600740209141667,7.600740209141667,7.600740209141667,7.416931723579172,7.416931723579172,7.600740209141667,7.784548694704162,7.784548694704162,7.416931723579172,7.784548694704162,7.600740209141667,7.968357180266676,7.600740209141667,7.600740209141667,7.416931723579172,7.600740209141667,7.968357180266676,7.784548694704162,7.416931723579172,7.600740209141667,7.600740209141667,7.968357180266676,7.416931723579172,7.600740209141667,7.416931723579172,7.784548694704162,7.968357180266676,7.600740209141667,7.968357180266676,7.416931723579172,7.600740209141667,7.968357180266676,7.968357180266676,7.600740209141667,7.784548694704162,7.416931723579172,7.416931723579172,7.416931723579172,7.968357180266676,7.416931723579172,7.416931723579172,7.600740209141667,7.784548694704162,7.784548694704162,7.968357180266676,7.600740209141667,7.416931723579172,7.416931723579172,7.416931723579172,7.416931723579172,7.968357180266676,7.968357180266676,7.600740209141667,7.416931723579172,7.968357180266676,7.784548694704162,7.784548694704162,7.784548694704162,7.968357180266676,7.600740209141667,7.784548694704162,7.968357180266676,7.968357180266676,7.416931723579172,7.784548694704162,7.784548694704162,7.968357180266676,7.968357180266676,7.600740209141667,7.416931723579172,7.416931723579172,7.416931723579172,7.416931723579172,7.600740209141667,7.600740209141667,7.416931723579172,7.968357180266676,7.968357180266676,7.600740209141667,7.968357180266676,7.784548694704162,7.784548694704162,7.600740209141667,7.416931723579172,7.968357180266676,7.416931723579172,7.968357180266676,7.416931723579172,7.968357180266676,7.784548694704162,7.416931723579172,7.968357180266676,7.968357180266676,7.416931723579172,7.600740209141667,7.600740209141667,7.416931723579172,7.600740209141667,7.968357180266676,7.784548694704162,7.600740209141667,7.784548694704162,7.600740209141667,7.416931723579172,7.968357180266676,7.600740209141667,7.600740209141667,7.600740209141667,7.416931723579172,7.600740209141667,7.968357180266676,7.416931723579172,7.600740209141667,7.784548694704162,7.600740209141667,7.968357180266676,7.416931723579172,7.968357180266676,7.600740209141667,7.968357180266676,7.416931723579172,7.784548694704162,7.600740209141667,7.784548694704162,7.600740209141667,7.416931723579172,7.784548694704162,7.600740209141667,7.968357180266676,7.600740209141667,7.600740209141667,7.600740209141667,7.416931723579172,7.968357180266676,7.968357180266676,7.968357180266676,7.784548694704162,7.784548694704162,7.416931723579172,7.416931723579172,7.784548694704162,7.416931723579172,7.968357180266676,7.600740209141667,7.968357180266676,7.968357180266676,7.968357180266676,7.784548694704162,7.968357180266676,7.416931723579172,7.416931723579172,7.416931723579172,7.600740209141667,7.784548694704162
7.792903625866096,7.399028299660736,7.202090636558063,7.595965962763425,7.399028299660736,7.792903625866096,7.399028299660736,7.399028299660736,7.792903625866096,7.792903625866096,7.792903625866096,7.792903625866096,7.399028299660736,7.595965962763425,7.202090636558063,7.792903625866096,7.399028299660736,7.595965962763425,7.595965962763425,7.595965962763425,7.792903625866096,7.202090636558063,7.595965962763425,7.202090636558063,7.202090636558063,7.399028299660736,7.202090636558063,7.792903625866096,7.399028299660736,7.202090636558063,7.792903625866096,7.399028299660736,7.399028299660736,7.202090636558063,7.399028299660736,7.792903625866096,7.202090636558063,7.792903625866096,7.399028299660736,7.399028299660736,7.595965962763425,7.399028299660736,7.792903625866096,7.202090636558063,7.202090636558063,7.792903625866096,7.595965962763425,7.792903625866096,7.595965962763425,7.595965962763425,7.202090636558063,7.595965962763425,7.595965962763425,7.399028299660736,7.202090636558063,7.792903625866096,7.595965962763425,7.792903625866096,7.399028299660736,7.399028299660736,7.792903625866096,7.792903625866096,7.792903625866096,7.202090636558063,7.399028299660736,7.792903625866096,7.399028299660736,7.595965962763425,7.595965962763425,7.595965962763425,7.202090636558063,7.399028299660736,7.399028299660736,7.792903625866096,7.792903625866096,7.595965962763425,7.792903625866096,7.202090636558063,7.202090636558063,7.792903625866096,7.792903625866096,7.792903625866096,7.792903625866096,7.202090636558063,7.202090636558063,7.792903625866096,7.792903625866096,7.792903625866096,7.595965962763425,7.202090636558063,7.202090636558063,7.399028299660736,7.202090636558063,7.202090636558063,7.399028299660736,7.595965962763425,7.792903625866096,7.595965962763425,7.202090636558063,7.595965962763425,7.595965962763425,7.399028299660736,7.792903625866096,7.595965962763425,7.399028299660736,7.595965962763425,7.792903625866096,7.399028299660736,7.792903625866096,7.595965962763425,7.202090636558063,7.202090636558063,7.595965962763425,7.792903625866096,7.202090636558063,7.399028299660736,7.202090636558063,7.792903625866096,7.595965962763425,7.399028299660736,7.792903625866096,7.595965962763425,7.792903625866096,7.202090636558063,7.792903625866096,7.792903625866096,7.792903625866096,7.792903625866096,7.792903625866096,7.399028299660736,7.399028299660736,7.399028299660736,7.399028299660736,7.792903625866096,7.595965962763425,7.792903625866096,7.202090636558063,7.399028299660736,7.202090636558063,7.202090636558063,7.595965962763425,7.399028299660736,7.202090636558063,7.202090636558063,7.792903625866096,7.595965962763425,7.792903625866096,7.792903625866096,7.202090636558063,7.595965962763425,7.202090636558063,7.202090636558063,7.399028299660736,7.399028299660736,7.792903625866096,7.399028299660736,7.792903625866096,7.399028299660736,7.399028299660736,7.399028299660736,7.792903625866096,7.202090636558063,7.792903625866096,7.792903625866096,7.202090636558063,7.595965962763425,7.202090636558063,7.202090636558063,7.595965962763425,7.399028299660736,7.792903625866096,7.595965962763425,7.595965962763425,7.399028299660736,7.595965962763425,7.399028299660736,7.595965962763425,7.399028299660736,7.595965962763425,7.202090636558063,7.595965962763425,7.595965962763425,7.595965962763425,7.792903625866096,7.595965962763425,7.202090636558063,7.792903625866096,7.202090636558063,7.399028299660736,7.792903625866096,7.202090636558063,7.595965962763425,7.399028299660736,7.792903625866096,7.792903625866096,7.595965962763425,7.399028299660736,7.792903625866096,7.202090636558063,7.399028299660736
7.197316390179822,6.987249549536956,6.987249549536956,7.197316390179822,6.987249549536956,6.987249549536956,6.987249549536956,7.197316390179822,7.407383230822669,7.407383230822669,6.987249549536956,7.407383230822669,7.617450071465533,6.987249549536956,7.407383230822669,7.617450071465533,7.407383230822669,7.197316390179822,6.987249549536956,7.197316390179822,7.197316390179822,7.407383230822669,7.407383230822669,7.407383230822669,7.407383230822669,7.407383230822669,6.987249549536956,7.617450071465533,7.197316390179822,7.617450071465533,6.987249549536956,7.197316390179822,6.987249549536956,6.987249549536956,7.617450071465533,6.987249549536956,7.407383230822669,7.197316390179822,7.407383230822669,6.987249549536956,7.407383230822669,7.197316390179822,6.987249549536956,7.407383230822669,7.617450071465533,7.617450071465533,7.617450071465533,7.197316390179822,7.407383230822669,7.407383230822669,7.197316390179822,6.987249549536956,7.617450071465533,7.197316390179822,6.987249549536956,7.407383230822669,7.197316390179822,7.407383230822669,6.987249549536956,7.407383230822669,6.987249549536956,6.987249549536956,7.617450071465533,7.197316390179822,7.197316390179822,7.407383230822669,7.617450071465533,7.197316390179822,7.197316390179822,7.197316390179822,6.987249549536956,7.407383230822669,7.197316390179822,7.197316390179822,6.987249549536956,7.617450071465533,6.987249549536956,7.407383230822669,7.197316390179822,7.617450071465533,7.197316390179822,7.617450071465533,6.987249549536956,6.987249549536956,7.407383230822669,7.197316390179822,7.197316390179822,7.197316390179822,6.987249549536956,7.407383230822669,7.407383230822669,7.617450071465533,7.407383230822669,7.197316390179822,7.197316390179822,6.987249549536956,7.617450071465533,7.407383230822669,7.407383230822669,7.407383230822669,7.617450071465533,7.617450071465533,7.617450071465533,7.197316390179822,6.987249549536956,6.987249549536956,6.987249549536956,6.987249549536956,6.987249549536956,7.617450071465533,6.987249549536956,7.617450071465533,7.407383230822669,6.987249549536956,6.987249549536956,7.407383230822669,7.197316390179822,6.987249549536956,7.197316390179822,6.987249549536956,7.407383230822669,6.987249549536956,7.197316390179822,7.407383230822669,7.617450071465533,7.407383230822669,7.197316390179822,7.197316390179822,6.987249549536956,7.407383230822669,7.617450071465533,7.617450071465533,7.197316390179822,7.197316390179822,7.617450071465533,7.617450071465533,7.407383230822669,7.617450071465533,6.987249549536956,7.617450071465533,7.197316390179822,7.617450071465533,7.197316390179822,7.617450071465533,7.197316390179822,7.197316390179822,6.987249549536956,6.987249549536956,7.197316390179822,7.407383230822669,7.197316390179822,6.987249549536956,7.407383230822669,7.197316390179822,7.197316390179822,6.987249549536956,7.197316390179822,7.407383230822669,7.407383230822669,6.987249549536956,7.197316390179822,7.617450071465533,6.987249549536956,7.617450071465533,7.197316390179822,7.617450071465533,7.617450071465533,6.987249549536956,7.197316390179822,7.617450071465533,7.407383230822669,7.407383230822669,7.197316390179822,6.987249549536956,7.407383230822669,7.407383230822669,7.407383230822669,7.617450071465533,7.617450071465533,7.407383230822669,6.987249549536956,7.407383230822669,7.197316390179822,6.987249549536956,7.407383230822669,7.617450071465533,6.987249549536956,7.617450071465533,7.407383230822669,7.617450071465533,6.987249549536956,7.407383230822669,7.197316390179822,7.197316390179822,7.197316390179822,6.987249549536956,7.407383230822669,7.407383230822669,7.197316390179822,6.987249549536956
6.772408462515848,6.772408462515848,6.99560448069889,7.441996517064971,6.99560448069889,7.441996517064971,7.21880049888193,7.441996517064971,7.21880049888193,6.99560448069889,6.772408462515848,7.21880049888193,6.99560448069889,7.441996517064971,6.772408462515848,7.21880049888193,6.772408462515848,7.441996517064971,7.21880049888193,7.21880049888193,7.441996517064971,7.21880049888193,7.441996517064971,7.21880049888193,7.441996517064971,6.772408462515848,7.21880049888193,6.99560448069889,6.772408462515848,7.441996517064971,6.772408462515848,7.21880049888193,7.21880049888193,7.441996517064971,6.99560448069889,7.21880049888193,6.99560448069889,7.441996517064971,6.99560448069889,7.21880049888193,7.21880049888193,7.441996517064971,6.99560448069889,7.441996517064971,6.99560448069889,6.99560448069889,6.772408462515848,6.772408462515848,7.441996517064971,7.441996517064971,6.772408462515848,6.772408462515848,7.441996517064971,6.772408462515848,6.99560448069889,6.99560448069889,6.772408462515848,6.772408462515848,7.441996517064971,7.21880049888193,6.772408462515848,7.441996517064971,7.21880049888193,7.21880049888193,6.772408462515848,6.772408462515848,6.99560448069889,6.772408462515848,6.772408462515848,7.21880049888193,6.772408462515848,6.772408462515848,7.441996517064971,7.21880049888193,6.99560448069889,7.21880049888193,6.99560448069889,6.99560448069889,6.99560448069889,7.21880049888193,7.21880049888193,7.441996517064971,6.99560448069889,6.99560448069889,6.99560448069889,7.441996517064971,6.99560448069889,7.441996517064971,7.21880049888193,6.772408462515848,7.21880049888193,6.772408462515848,7.21880049888193,7.21880049888193,7.441996517064971,6.772408462515848,7.21880049888193,7.21880049888193,6.772408462515848,6.99560448069889,7.21880049888193,7.21880049888193,6.772408462515848,7.21880049888193,7.441996517064971,6.772408462515848,7.21880049888193,7.441996517064971,7.21880049888193,6.772408462515848,7.441996517064971,6.99560448069889,6.772408462515848,7.21880049888193,6.99560448069889,7.21880049888193,7.21880049888193,7.21880049888193,6.99560448069889,6.99560448069889,6.99560448069889,6.772408462515848,6.772408462515848,7.441996517064971,6.772408462515848,7.441996517064971,7.21880049888193,6.772408462515848,6.772408462515848,7.21880049888193,7.441996517064971,7.441996517064971,6.772408462515848,6.99560448069889,7.21880049888193,7.441996517064971,7.441996517064971,6.772408462515848,7.21880049888193,6.772408462515848,6.772408462515848,6.99560448069889,7.441996517064971,6.772408462515848,7.441996517064971,7.441996517064971,6.772408462515848,6.772408462515848,6.99560448069889,6.99560448069889,6.99560448069889,6.99560448069889,6.772408462515848,6.772408462515848,7.21880049888193,7.441996517064971,6.772408462515848,6.772408462515848,7.21880049888193,7.441996517064971,7.441996517064971,6.99560448069889,7.21880049888193,6.99560448069889,7.441996517064971,6.772408462515848,6.99560448069889,6.99560448069889,7.441996517064971,6.99560448069889,7.441996517064971,6.99560448069889,6.99560448069889,6.99560448069889,7.21880049888193,7.441996517064971,6.99560448069889,7.441996517064971,7.441996517064971,7.21880049888193,7.21880049888193,6.772408462515848,6.772408462515848,7.21880049888193,7.21880049888193,7.21880049888193,6.99560448069889,6.772408462515848,6.772408462515848,6.772408462515848,7.441996517064971,7.21880049888193,7.21880049888193,7.21880049888193,7.441996517064971,6.772408462515848,6.99560448069889,6.99560448069889,7.441996517064971,6.772408462515848
7.030217766941174,7.26654296266439,6.557567375494759,7.030217766941174,6.793892571217958,6.793892571217958,6.557567375494759,6.557567375494759,7.26654296266439,6.557567375494759,6.557567375494759,7.030217766941174,6.793892571217958,7.030217766941174,6.793892571217958,6.793892571217958,7.030217766941174,7.030217766941174,7.030217766941174,7.030217766941174,6.793892571217958,7.26654296266439,7.030217766941174,7.26654296266439,7.030217766941174,6.557567375494759,6.793892571217958,7.26654296266439,7.030217766941174,7.26654296266439,7.030217766941174,6.557567375494759,7.030217766941174,6.793892571217958,7.26654296266439,7.26654296266439,6.557567375494759,7.26654296266439,7.26654296266439,7.030217766941174,6.557567375494759,7.26654296266439,7.030217766941174,7.030217766941174,6.557567375494759,7.030217766941174,6.793892571217958,6.793892571217958,7.26654296266439,6.793892571217958,7.030217766941174,7.030217766941174,6.793892571217958,6.793892571217958,7.26654296266439,6.793892571217958,6.793892571217958,6.557567375494759,6.793892571217958,7.26654296266439,7.030217766941174,7.26654296266439,6.793892571217958,6.557567375494759,7.26654296266439,6.557567375494759,6.793892571217958,7.030217766941174,6.557567375494759,7.26654296266439,6.557567375494759,7.030217766941174,7.030217766941174,7.26654296266439,6.557567375494759,7.030217766941174,7.030217766941174,6.557567375494759,6.793892571217958,6.557567375494759,6.557567375494759,7.030217766941174,7.26654296266439,7.26654296266439,7.030217766941174,6.557567375494759,6.557567375494759,6.557567375494759,6.557567375494759,6.557567375494759,6.557567375494759,6.793892571217958,7.26654296266439,6.793892571217958,6.793892571217958,7.030217766941174,7.26654296266439,6.793892571217958,6.793892571217958,6.793892571217958,7.26654296266439,6.793892571217958,7.26654296266439,7.26654296266439,6.557567375494759,6.557567375494759,6.557567375494759,6.557567375494759,6.793892571217958,7.26654296266439,7.030217766941174,6.557567375494759,7.26654296266439,6.793892571217958,7.030217766941174,6.557567375494759,7.030217766941174,7.030217766941174,6.793892571217958,6.557567375494759,6.793892571217958,6.793892571217958,7.26654296266439,7.26654296266439,6.557567375494759,6.793892571217958,7.030217766941174,6.557567375494759,6.793892571217958,7.26654296266439,7.030217766941174,6.793892571217958,6.793892571217958,6.793892571217958,7.26654296266439,7.26654296266439,7.26654296266439,7.030217766941174,7.26654296266439,7.030217766941174,7.26654296266439,7.030217766941174,6.793892571217958,7.26654296266439,7.26654296266439,6.557567375494759,7.030217766941174,6.557567375494759,6.557567375494759,6.557567375494759,6.557567375494759,7.030217766941174,6.793892571217958,7.030217766941174,6.793892571217958,7.030217766941174,7.26654296266439,6.557567375494759,7.26654296266439,7.030217766941174,7.030217766941174,7.26654296266439,7.26654296266439,7.26654296266439,6.557567375494759,6.557567375494759,6.793892571217958,7.26654296266439,6.793892571217958,6.793892571217958,7.26654296266439,7.030217766941174,6.793892571217958,6.557567375494759,7.26654296266439,7.030217766941174,7.26654296266439,7.030217766941174,6.557567375494759,7.030217766941174,6.793892571217958,7.030217766941174,7.26654296266439,6.557567375494759,6.557567375494759,7.26654296266439,7.030217766941174,7.030217766941174,7.030217766941174,6.557567375494759,7.26654296266439,6.557567375494759,6.557567375494759,6.793892571217958,7.26654296266439,6.793892571217958,7.26654296266439,6.557567375494759,6.557567375494759,6.793892571217958
7.091089408263828,7.091089408263828,6.841635035000436,7.091089408263828,6.592180661737045,6.841635035000436,6.841635035000436,7.091089408263828,6.592180661737045,7.091089408263828,6.592180661737045,7.091089408263828,6.841635035000436,6.841635035000436,7.091089408263828,7.091089408263828,6.841635035000436,6.841635035000436,6.342726288473652,6.342726288473652,7.091089408263828,7.091089408263828,6.592180661737045,6.841635035000436,6.592180661737045,7.091089408263828,6.841635035000436,6.841635035000436,7.091089408263828,7.091089408263828,6.592180661737045,7.091089408263828,7.091089408263828,6.841635035000436,6.592180661737045,6.841635035000436,6.841635035000436,6.342726288473652,7.091089408263828,6.841635035000436,6.592180661737045,6.342726288473652,7.091089408263828,6.841635035000436,6.592180661737045,6.342726288473652,6.841635035000436,6.342726288473652,7.091089408263828,7.091089408263828,6.841635035000436,6.592180661737045,6.342726288473652,6.592180661737045,7.091089408263828,6.841635035000436,6.841635035000436,6.841635035000436,6.592180661737045,6.592180661737045,6.592180661737045,6.592180661737045,6.592180661737045,6.841635035000436,6.592180661737045,7.091089408263828,6.342726288473652,7.091089408263828,7.091089408263828,6.841635035000436,6.592180661737045,6.841635035000436,6.841635035000436,6.592180661737045,7.091089408263828,7.091089408263828,6.342726288473652,7.091089408263828,6.592180661737045,6.342726288473652,6.592180661737045,6.342726288473652,6.592180661737045,7.091089408263828,6.342726288473652,6.841635035000436,6.592180661737045,7.091089408263828,6.592180661737045,7.091089408263828,6.841635035000436,7.091089408263828,6.342726288473652,6.342726288473652,6.841635035000436,6.592180661737045,6.592180661737045,7.091089408263828,7.091089408263828,7.091089408263828,7.091089408263828,6.592180661737045,6.592180661737045,6.342726288473652,6.841635035000436,6.841635035000436,6.342726288473652,6.342726288473652,6.841635035000436,7.091089408263828,6.342726288473652,7.091089408263828,7.091089408263828,6.592180661737045,6.592180661737045,6.592180661737045,7.091089408263828,6.342726288473652,7.091089408263828,7.091089408263828,7.091089408263828,6.592180661737045,6.342726288473652,6.342726288473652,6.592180661737045,6.592180661737045,6.342726288473652,6.342726288473652,7.091089408263828,7.091089408263828,6.841635035000436,6.592180661737045,7.091089408263828,6.841635035000436,6.841635035000436,6.342726288473652,6.841635035000436,6.841635035000436,7.091089408263828,6.841635035000436,7.091089408263828,6.592180661737045,6.592180661737045,6.592180661737045,6.592180661737045,7.091089408263828,7.091089408263828,7.091089408263828,6.342726288473652,7.091089408263828,6.841635035000436,7.091089408263828,6.592180661737045,7.091089408263828,6.841635035000436,6.841635035000436,6.342726288473652,6.342726288473652,6.342726288473652,6.592180661737045,6.841635035000436,6.841635035000436,6.342726288473652,6.841635035000436,6.841635035000436,7.091089408263828,6.592180661737045,7.091089408263828,6.592180661737045,6.841635035000436,6.592180661737045,7.091089408263828,7.091089408263828,7.091089408263828,6.342726288473652,6.342726288473652,7.091089408263828,7.091089408263828,6.592180661737045,6.841635035000436,6.841635035000436,6.592180661737045,6.841635035000436,7.091089408263828,6.592180661737045,7.091089408263828,7.091089408263828,6.592180661737045,6.592180661737045,6.342726288473652,6.592180661737045,7.091089408263828,6.841635035000436,6.841635035000436,6.342726288473652,6.342726288473652,7.091089408263828,6.841635035000436,7.091089408263828,6.342726288473652
6.390468752256112,6.653052303059679,6.390468752256112,6.1278852014525445,6.653052303059679,6.653052303059679,6.915635853863265,6.390468752256112,6.915635853863265,6.915635853863265,6.653052303059679,6.390468752256112,6.915635853863265,6.390468752256112,6.915635853863265,6.1278852014525445,6.915635853863265,6.390468752256112,6.1278852014525445,6.390468752256112,6.915635853863265,6.653052303059679,6.390468752256112,6.653052303059679,6.915635853863265,6.915635853863265,6.653052303059679,6.390468752256112,6.1278852014525445,6.1278852014525445,6.390468752256112,6.390468752256112,6.653052303059679,6.390468752256112,6.653052303059679,6.653052303059679,6.1278852014525445,6.653052303059679,6.653052303059679,6.915635853863265,6.1278852014525445,6.653052303059679,6.1278852014525445,6.1278852014525445,6.653052303059679,6.1278852014525445,6.390468752256112,6.1278852014525445,6.915635853863265,6.653052303059679,6.915635853863265,6.653052303059679,6.915635853863265,6.915635853863265,6.390468752256112,6.1278852014525445,6.653052303059679,6.1278852014525445,6.653052303059679,6.390468752256112,6.653052303059679,6.390468752256112,6.390468752256112,6.1278852014525445,6.390468752256112,6.915635853863265,6.390468752256112,6.1278852014525445,6.390468752256112,6.915635853863265,6.653052303059679,6.653052303059679,6.653052303059679,6.653052303059679,6.390468752256112,6.1278852014525445,6.653052303059679,6.653052303059679,6.1278852014525445,6.915635853863265,6.1278852014525445,6.653052303059679,6.653052303059679,6.1278852014525445,6.653052303059679,6.653052303059679,6.653052303059679,6.653052303059679,6.915635853863265,6.653052303059679,6.1278852014525445,6.1278852014525445,6.915635853863265,6.653052303059679,6.1278852014525445,6.653052303059679,6.1278852014525445,6.915635853863265,6.1278852014525445,6.653052303059679,6.1278852014525445,6.1278852014525445,6.653052303059679,6.915635853863265,6.653052303059679,6.390468752256112,6.915635853863265,6.1278852014525445,6.915635853863265,6.915635853863265,6.653052303059679,6.653052303059679,6.653052303059679,6.653052303059679,6.1278852014525445,6.653052303059679,6.390468752256112,6.390468752256112,6.1278852014525445,6.390468752256112,6.915635853863265,6.1278852014525445,6.390468752256112,6.390468752256112,6.915635853863265,6.915635853863265,6.1278852014525445,6.915635853863265,6.915635853863265,6.915635853863265,6.1278852014525445,6.915635853863265,6.915635853863265,6.915635853863265,6.915635853863265,6.390468752256112,6.653052303059679,6.1278852014525445,6.915635853863265,6.390468752256112,6.915635853863265,6.1278852014525445,6.1278852014525445,6.1278852014525445,6.390468752256112,6.915635853863265,6.653052303059679,6.915635853863265,6.915635853863265,6.915635853863265,6.1278852014525445,6.915635853863265,6.653052303059679,6.390468752256112,6.1278852014525445,6.653052303059679,6.915635853863265,6.653052303059679,6.915635853863265,6.653052303059679,6.1278852014525445,6.390468752256112,6.390468752256112,6.390468752256112,6.915635853863265,6.1278852014525445,6.390468752256112,6.390468752256112,6.1278852014525445,6.915635853863265,6.653052303059679,6.1278852014525445,6.915635853863265,6.653052303059679,6.390468752256112,6.1278852014525445,6.390468752256112,6.1278852014525445,6.653052303059679,6.915635853863265,6.915635853863265,6.915635853863265,6.390468752256112,6.915635853863265,6.653052303059679,6.915635853863265,6.915635853863265,6.390468752256112,6.653052303059679,6.1278852014525445,6.1278852014525445,6.653052303059679,6.915635853863265,6.915635853863265,6.390468752256112,6.390468752256112,6.915635853863265,6.390468752256112,6.390468752256112,6.653052303059679
6.464469571118943,5.913044114431437,5.913044114431437,6.188756842775199,6.188756842775199,6.740182299462686,5.913044114431437,6.740182299462686,5.913044114431437,6.464469571118943,6.188756842775199,6.740182299462686,5.913044114431437,6.740182299462686,5.913044114431437,5.913044114431437,6.740182299462686,6.464469571118943,6.464469571118943,6.740182299462686,6.188756842775199,6.464469571118943,6.740182299462686,6.740182299462686,6.740182299462686,5.913044114431437,6.464469571118943,5.913044114431437,6.188756842775199,5.913044114431437,6.188756842775199,6.464469571118943,6.740182299462686,6.740182299462686,6.188756842775199,6.464469571118943,6.188756842775199,6.188756842775199,6.740182299462686,6.740182299462686,6.740182299462686,5.913044114431437,6.464469571118943,6.464469571118943,6.740182299462686,6.740182299462686,6.188756842775199,6.188756842775199,5.913044114431437,6.740182299462686,6.740182299462686,6.188756842775199,6.740182299462686,6.188756842775199,6.464469571118943,6.188756842775199,5.913044114431437,6.464469571118943,6.740182299462686,6.188756842775199,6.740182299462686,6.464469571118943,6.188756842775199,5.913044114431437,6.188756842775199,6.464469571118943,6.188756842775199,5.913044114431437,6.740182299462686,6.740182299462686,6.188756842775199,5.913044114431437,6.464469571118943,6.464469571118943,6.740182299462686,5.913044114431437,6.464469571118943,5.913044114431437,6.188756842775199,6.740182299462686,6.464469571118943,6.740182299462686,6.464469571118943,5.913044114431437,5.913044114431437,5.913044114431437,6.464469571118943,5.913044114431437,6.188756842775199,6.464469571118943,5.913044114431437,6.464469571118943,6.740182299462686,6.188756842775199,6.188756842775199,5.913044114431437,6.740182299462686,5.913044114431437,6.188756842775199,5.913044114431437,6.740182299462686,6.464469571118943,6.740182299462686,6.188756842775199,6.464469571118943,6.740182299462686,6.464469571118943,5.913044114431437,6.464469571118943,5.913044114431437,5.913044114431437,6.464469571118943,5.913044114431437,6.464469571118943,5.913044114431437,6.464469571118943,5.913044114431437,5.913044114431437,6.740182299462686,6.188756842775199,5.913044114431437,5.913044114431437,6.740182299462686,6.188756842775199,6.740182299462686,6.740182299462686,5.913044114431437,6.188756842775199,6.464469571118943,6.740182299462686,5.913044114431437,6.740182299462686,6.740182299462686,6.740182299462686,5.913044114431437,6.464469571118943,6.464469571118943,6.740182299462686,6.740182299462686,6.464469571118943,6.740182299462686,6.740182299462686,6.464469571118943,6.740182299462686,6.188756842775199,6.188756842775199,6.188756842775199,5.913044114431437,6.464469571118943,6.188756842775199,6.464469571118943,6.464469571118943,5.913044114431437,6.740182299462686,6.188756842775199,5.913044114431437,6.464469571118943,6.464469571118943,6.464469571118943,6.740182299462686,5.913044114431437,6.188756842775199,6.740182299462686,6.464469571118943,6.740182299462686,6.740182299462686,5.913044114431437,5.913044114431437,6.740182299462686,5.913044114431437,5.913044114431437,6.464469571118943,6.464469571118943,5.913044114431437,6.464469571118943,5.913044114431437,6.464469571118943,5.913044114431437,6.464469571118943,6.188756842775199,6.740182299462686,6.464469571118943,6.464469571118943,6.188756842775199,5.913044114431437,6.464469571118943,5.913044114431437,6.740182299462686,6.464469571118943,5.913044114431437,6.740182299462686,5.913044114431437,6.464469571118943,6.740182299462686,6.188756842775199,6.188756842775199,5.913044114431437,6.740182299462686,6.464469571118943,6.740182299462686
6.564728745062124,6.275886839178186,6.275886839178186,6.564728745062124,5.987044933294268,6.564728745062124,6.275886839178186,5.987044933294268,5.987044933294268,6.564728745062124,5.6982030274103295,6.275886839178186,5.987044933294268,5.987044933294268,6.564728745062124,6.275886839178186,6.275886839178186,6.564728745062124,6.564728745062124,6.275886839178186,5.6982030274103295,5.987044933294268,6.564728745062124,6.275886839178186,6.564728745062124,6.564728745062124,6.564728745062124,6.564728745062124,5.987044933294268,5.987044933294268,5.987044933294268,6.564728745062124,6.564728745062124,5.987044933294268,5.6982030274103295,6.275886839178186,6.564728745062124,6.275886839178186,6.275886839178186,5.987044933294268,5.987044933294268,5.987044933294268,6.564728745062124,6.564728745062124,5.987044933294268,6.275886839178186,5.6982030274103295,5.987044933294268,5.987044933294268,5.987044933294268,5.6982030274103295,6.564728745062124,5.6982030274103295,5.6982030274103295,5.6982030274103295,5.6982030274103295,5.987044933294268,6.564728745062124,5.6982030274103295,5.987044933294268,6.564728745062124,6.564728745062124,5.987044933294268,5.6982030274103295,6.275886839178186,6.275886839178186,6.564728745062124,5.6982030274103295,5.987044933294268,5.987044933294268,5.987044933294268,5.6982030274103295,5.6982030274103295,5.987044933294268,6.564728745062124,5.987044933294268,6.275886839178186,5.6982030274103295,6.275886839178186,5.6982030274103295,5.6982030274103295,5.987044933294268,6.564728745062124,5.6982030274103295,5.6982030274103295,6.564728745062124,6.275886839178186,6.275886839178186,6.275886839178186,5.6982030274103295,6.564728745062124,6.275886839178186,6.275886839178186,5.6982030274103295,5.6982030274103295,6.275886839178186,6.564728745062124,5.6982030274103295,6.275886839178186,5.987044933294268,6.275886839178186,6.564728745062124,5.987044933294268,5.6982030274103295,6.275886839178186,5.987044933294268,5.987044933294268,5.987044933294268,5.6982030274103295,5.6982030274103295,5.987044933294268,5.987044933294268,5.6982030274103295,5.987044933294268,5.6982030274103295,5.987044933294268,6.564728745062124,6.275886839178186,6.564728745062124,6.275886839178186,6.275886839178186,6.564728745062124,6.275886839178186,5.987044933294268,6.275886839178186,6.564728745062124,6.564728745062124,5.987044933294268,6.275886839178186,5.6982030274103295,6.275886839178186,5.6982030274103295,6.275886839178186,6.564728745062124,5.6982030274103295,5.6982030274103295,6.275886839178186,5.6982030274103295,6.275886839178186,6.564728745062124,6.564728745062124,5.987044933294268,5.987044933294268,5.6982030274103295,5.987044933294268,5.6982030274103295,6.564728745062124,6.564728745062124,6.275886839178186,5.6982030274103295,5.6982030274103295,6.564728745062124,5.987044933294268,6.564728745062124,5.987044933294268,6.564728745062124,6.275886839178186,6.564728745062124,6.564728745062124,6.564728745062124,5.987044933294268,5.987044933294268,5.987044933294268,5.6982030274103295,5.987044933294268,5.6982030274103295,5.6982030274103295,5.6982030274103295,5.987044933294268,5.987044933294268,5.6982030274103295,5.987044933294268,5.987044933294268,5.6982030274103295,5.6982030274103295,6.564728745062124,5.987044933294268,6.564728745062124,6.275886839178186,5.987044933294268,5.987044933294268,6.564728745062124,6.275886839178186,5.6982030274103295,5.987044933294268,5.6982030274103295,5.987044933294268,6.564728745062124,6.564728745062124,5.6982030274103295,6.275886839178186,5.6982030274103295,5.6982030274103295,5.6982030274103295,5.987044933294268,5.6982030274103295,5.6982030274103295,5.987044933294268,5.6982030274103295,5.987044933294268
6.389275190661562,5.785333023813336,6.087304107237449,5.483361940389241,5.483361940389241,5.483361940389241,5.483361940389241,6.389275190661562,6.087304107237449,6.087304107237449,6.087304107237449,5.785333023813336,5.785333023813336,6.389275190661562,6.087304107237449,6.389275190661562,6.389275190661562,6.087304107237449,6.389275190661562,5.785333023813336,5.785333023813336,5.483361940389241,5.483361940389241,5.785333023813336,6.087304107237449,5.483361940389241,6.389275190661562,5.785333023813336,6.389275190661562,6.389275190661562,6.389275190661562,6.389275190661562,6.087304107237449,6.389275190661562,5.483361940389241,5.483361940389241,5.483361940389241,6.389275190661562,6.389275190661562,6.389275190661562,6.389275190661562,6.389275190661562,6.087304107237449,6.389275190661562,6.389275190661562,6.087304107237449,6.087304107237449,6.087304107237449,5.785333023813336,5.483361940389241,5.785333023813336,6.087304107237449,5.483361940389241,6.087304107237449,5.785333023813336,5.785333023813336,6.389275190661562,5.483361940389241,6.087304107237449,5.785333023813336,5.785333023813336,6.087304107237449,5.785333023813336,5.785333023813336,5.785333023813336,5.785333023813336,6.087304107237449,5.483361940389241,5.483361940389241,5.785333023813336,5.483361940389241,6.389275190661562,6.389275190661562,5.483361940389241,5.483361940389241,5.483361940389241,6.389275190661562,6.087304107237449,5.483361940389241,5.483361940389241,6.389275190661562,6.087304107237449,6.087304107237449,6.389275190661562,5.785333023813336,6.087304107237449,5.483361940389241,6.389275190661562,6.087304107237449,5.785333023813336,5.483361940389241,6.389275190661562,6.087304107237449,6.087304107237449,6.389275190661562,5.483361940389241,5.483361940389241,6.087304107237449,5.785333023813336,5.785333023813336,5.785333023813336,6.389275190661562,5.483361940389241,5.785333023813336,6.087304107237449,5.483361940389241,6.087304107237449,5.785333023813336,5.483361940389241,5.483361940389241,6.087304107237449,5.483361940389241,5.785333023813336,5.483361940389241,5.483361940389241,6.389275190661562,6.087304107237449,5.483361940389241,5.785333023813336,5.483361940389241,5.483361940389241,6.389275190661562,6.389275190661562,6.087304107237449,6.389275190661562,6.389275190661562,6.389275190661562,5.785333023813336,5.483361940389241,6.087304107237449,5.785333023813336,6.087304107237449,6.087304107237449,5.785333023813336,6.087304107237449,6.389275190661562,6.389275190661562,6.087304107237449,5.785333023813336,5.785333023813336,6.389275190661562,5.483361940389241,5.785333023813336,5.785333023813336,5.785333023813336,6.389275190661562,5.785333023813336,5.483361940389241,5.785333023813336,5.483361940389241,5.785333023813336,6.389275190661562,5.483361940389241,5.785333023813336,5.785333023813336,5.483361940389241,6.389275190661562,5.785333023813336,6.087304107237449,6.389275190661562,6.087304107237449,5.785333023813336,6.087304107237449,5.785333023813336,6.389275190661562,6.087304107237449,5.483361940389241,6.389275190661562,6.389275190661562,5.785333023813336,6.389275190661562,5.483361940389241,5.483361940389241,6.389275190661562,5.483361940389241,5.785333023813336,6.389275190661562,5.785333023813336,6.087304107237449,5.483361940389241,6.389275190661562,6.087304107237449,6.087304107237449,5.785333023813336,5.785333023813336,6.087304107237449,5.483361940389241,5.785333023813336,6.389275190661562,6.389275190661562,6.389275190661562,5.785333023813336,6.389275190661562,6.087304107237449,5.785333023813336,6.389275190661562,6.087304107237449,6.087304107237449,6.087304107237449,6.389275190661562
5.583621114332422,6.213821636260981,5.583621114332422,5.8987213752966925,5.8987213752966925,5.268520853368133,5.8987213752966925,6.213821636260981,5.268520853368133,5.268520853368133,5.583621114332422,5.8987213752966925,6.213821636260981,5.583621114332422,6.213821636260981,5.8987213752966925,6.213821636260981,5.268520853368133,6.213821636260981,5.583621114332422,5.8987213752966925,5.583621114332422,5.8987213752966925,5.268520853368133,5.583621114332422,5.268520853368133,5.268520853368133,6.213821636260981,5.8987213752966925,5.583621114332422,5.583621114332422,5.8987213752966925,5.583621114332422,5.583621114332422,5.8987213752966925,6.213821636260981,5.583621114332422,5.8987213752966925,5.583621114332422,6.213821636260981,5.268520853368133,5.268520853368133,5.8987213752966925,6.213821636260981,5.268520853368133,5.268520853368133,5.8987213752966925,5.8987213752966925,6.213821636260981,5.583621114332422,5.583621114332422,6.213821636260981,5.8987213752966925,5.8987213752966925,5.268520853368133,5.268520853368133,5.8987213752966925,5.8987213752966925,6.213821636260981,5.583621114332422,5.583621114332422,5.268520853368133,5.583621114332422,5.583621114332422,5.268520853368133,6.213821636260981,6.213821636260981,5.583621114332422,5.268520853368133,6.213821636260981,6.213821636260981,6.213821636260981,5.583621114332422,6.213821636260981,6.213821636260981,5.583621114332422,6.213821636260981,5.8987213752966925,5.268520853368133,5.268520853368133,5.8987213752966925,5.583621114332422,5.583621114332422,6.213821636260981,5.268520853368133,5.8987213752966925,5.8987213752966925,5.8987213752966925,5.583621114332422,5.583621114332422,5.583621114332422,5.583621114332422,5.268520853368133,5.583621114332422,5.8987213752966925,5.268520853368133,6.213821636260981,5.583621114332422,5.583621114332422,5.268520853368133,6.213821636260981,5.8987213752966925,5.268520853368133,5.268520853368133,5.583621114332422,6.213821636260981,5.8987213752966925,5.8987213752966925,5.8987213752966925,5.268520853368133,5.8987213752966925,6.213821636260981,5.583621114332422,5.268520853368133,5.268520853368133,5.8987213752966925,5.268520853368133,5.268520853368133,5.8987213752966925,6.213821636260981,5.8987213752966925,5.583621114332422,5.8987213752966925,6.213821636260981,6.213821636260981,6.213821636260981,6.213821636260981,5.583621114332422,5.8987213752966925,5.583621114332422,6.213821636260981,6.213821636260981,5.8987213752966925,5.8987213752966925,5.8987213752966925,5.268520853368133,6.213821636260981,5.583621114332422,5.8987213752966925,5.268520853368133,5.8987213752966925,5.268520853368133,5.8987213752966925,5.8987213752966925,5.583621114332422,5.268520853368133,5.583621114332422,6.213821636260981,6.213821636260981,5.8987213752966925,5.268520853368133,6.213821636260981,5.8987213752966925,5.8987213752966925,5.268520853368133,5.583621114332422,5.583621114332422,5.268520853368133,6.213821636260981,6.213821636260981,5.268520853368133,5.8987213752966925,5.8987213752966925,5.8987213752966925,5.268520853368133,6.213821636260981,5.268520853368133,5.268520853368133,5.8987213752966925,5.8987213752966925,5.268520853368133,6.213821636260981,5.8987213752966925,5.583621114332422,6.213821636260981,6.213821636260981,5.8987213752966925,5.583621114332422,5.8987213752966925,5.268520853368133,6.213821636260981,5.8987213752966925,5.268520853368133,5.268520853368133,6.213821636260981,6.213821636260981,6.213821636260981,5.8987213752966925,5.268520853368133,5.583621114332422,6.213821636260981,5.268520853368133,5.8987213752966925,5.583621114332422,5.8987213752966925,5.268520853368133,5.583621114332422,5.8987213752966925,5.583621114332422,5.583621114332422
5.053679766347026,5.38190920485149,6.038368081860418,5.710138643355954,5.38190920485149,5.710138643355954,5.053679766347026,6.038368081860418,5.38190920485149,6.038368081860418,5.053679766347026,6.038368081860418,5.710138643355954,5.710138643355954,6.038368081860418,5.38190920485149,5.053679766347026,5.053679766347026,6.038368081860418,5.053679766347026,5.38190920485149,5.710138643355954,5.053679766347026,5.053679766347026,5.38190920485149,5.38190920485149,5.710138643355954,5.38190920485149,6.038368081860418,5.053679766347026,5.710138643355954,5.38190920485149,5.053679766347026,5.38190920485149,5.053679766347026,5.38190920485149,5.053679766347026,5.710138643355954,5.38190920485149,5.710138643355954,6.038368081860418,6.038368081860418,5.053679766347026,6.038368081860418,6.038368081860418,5.053679766347026,5.710138643355954,5.38190920485149,5.710138643355954,5.053679766347026,5.710138643355954,6.038368081860418,5.053679766347026,5.053679766347026,5.38190920485149,6.038368081860418,5.710138643355954,5.38190920485149,6.038368081860418,5.710138643355954,5.053679766347026,5.053679766347026,6.038368081860418,5.053679766347026,5.053679766347026,5.38190920485149,5.053679766347026,5.053679766347026,5.38190920485149,5.053679766347026,5.053679766347026,5.053679766347026,6.038368081860418,5.38190920485149,5.710138643355954,6.038368081860418,5.053679766347026,6.038368081860418,5.710138643355954,6.038368081860418,6.038368081860418,6.038368081860418,6.038368081860418,5.38190920485149,5.710138643355954,5.710138643355954,6.038368081860418,5.053679766347026,6.038368081860418,5.38190920485149,5.38190920485149,5.710138643355954,5.710138643355954,5.053679766347026,5.38190920485149,5.710138643355954,6.038368081860418,5.38190920485149,6.038368081860418,5.053679766347026,5.053679766347026,5.710138643355954,5.38190920485149,5.38190920485149,5.710138643355954,6.038368081860418,5.710138643355954,5.053679766347026,5.38190920485149,5.053679766347026,5.710138643355954,6.038368081860418,5.053679766347026,5.710138643355954,6.038368081860418,5.053679766347026,5.710138643355954,5.053679766347026,5.710138643355954,5.38190920485149,5.38190920485149,6.038368081860418,6.038368081860418,6.038368081860418,5.38190920485149,5.053679766347026,5.710138643355954,6.038368081860418,5.053679766347026,5.38190920485149,5.38190920485149,5.38190920485149,5.710138643355954,5.38190920485149,6.038368081860418,6.038368081860418,5.710138643355954,5.053679766347026,5.053679766347026,6.038368081860418,6.038368081860418,5.710138643355954,5.053679766347026,5.38190920485149,5.38190920485149,6.038368081860418,5.710138643355954,6.038368081860418,5.710138643355954,5.710138643355954,5.710138643355954,5.710138643355954,5.053679766347026,5.710138643355954,5.38190920485149,5.710138643355954,6.038368081860418,6.038368081860418,6.038368081860418,5.38190920485149,5.38190920485149,6.038368081860418,6.038368081860418,5.38190920485149,5.053679766347026,5.710138643355954,5.053679766347026,5.053679766347026,6.038368081860418,5.38190920485149,5.710138643355954,5.710138643355954,6.038368081860418,5.710138643355954,5.38190920485149,5.710138643355954,5.38190920485149,5.38190920485149,5.38190920485149,5.38190920485149,5.38190920485149,6.038368081860418,5.38190920485149,5.38190920485149,6.038368081860418,5.053679766347026,5.38190920485149,5.053679766347026,5.710138643355954,6.038368081860418,5.38190920485149,5.710138643355954,6.038368081860418,6.038368081860418,5.38190920485149,5.38190920485149,5.38190920485149,5.053679766347026,5.053679766347026,5.710138643355954
5.521555911415216,5.862914527459856,5.521555911415216,5.180197295370558,5.521555911415216,5.862914527459856,5.521555911415216,5.180197295370558,4.838838679325919,4.838838679325919,5.180197295370558,5.180197295370558,5.180197295370558,5.862914527459856,5.180197295370558,5.862914527459856,4.838838679325919,5.180197295370558,4.838838679325919,5.521555911415216,5.180197295370558,4.838838679325919,5.180197295370558,5.521555911415216,5.180197295370558,5.862914527459856,4.838838679325919,4.838838679325919,5.862914527459856,5.521555911415216,5.180197295370558,5.521555911415216,5.521555911415216,4.838838679325919,5.521555911415216,4.838838679325919,5.180197295370558,5.180197295370558,5.521555911415216,5.180197295370558,5.521555911415216,5.521555911415216,5.521555911415216,4.838838679325919,5.862914527459856,4.838838679325919,5.862914527459856,5.180197295370558,4.838838679325919,5.521555911415216,5.862914527459856,4.838838679325919,5.180197295370558,4.838838679325919,4.838838679325919,5.180197295370558,4.838838679325919,5.862914527459856,5.180197295370558,5.862914527459856,5.521555911415216,5.862914527459856,5.180197295370558,5.862914527459856,5.180197295370558,4.838838679325919,4.838838679325919,5.180197295370558,5.180197295370558,5.862914527459856,4.838838679325919,5.862914527459856,4.838838679325919,4.838838679325919,5.862914527459856,5.862914527459856,5.862914527459856,5.862914527459856,5.862914527459856,5.862914527459856,5.180197295370558,5.862914527459856,5.180197295370558,5.521555911415216,5.521555911415216,5.180197295370558,5.180197295370558,4.838838679325919,5.180197295370558,4.838838679325919,5.180197295370558,4.838838679325919,4.838838679325919,4.838838679325919,5.180197295370558,5.521555911415216,4.838838679325919,5.862914527459856,5.521555911415216,5.521555911415216,5.521555911415216,5.862914527459856,4.838838679325919,4.838838679325919,5.180197295370558,4.838838679325919,5.180197295370558,5.180197295370558,5.180197295370558,5.180197295370558,5.180197295370558,4.838838679325919,5.180197295370558,4.838838679325919,5.521555911415216,5.862914527459856,5.862914527459856,5.180197295370558,5.862914527459856,4.838838679325919,5.862914527459856,4.838838679325919,5.521555911415216,5.521555911415216,5.862914527459856,5.521555911415216,5.862914527459856,5.862914527459856,5.180197295370558,5.180197295370558,5.521555911415216,5.180197295370558,5.521555911415216,4.838838679325919,5.521555911415216,5.521555911415216,5.521555911415216,4.838838679325919,5.180197295370558,4.838838679325919,4.838838679325919,5.521555911415216,5.180197295370558,5.180197295370558,5.521555911415216,4.838838679325919,4.838838679325919,4.838838679325919,5.521555911415216,4.838838679325919,5.862914527459856,5.521555911415216,4.838838679325919,5.180197295370558,5.180197295370558,5.862914527459856,5.862914527459856,5.180197295370558,5.862914527459856,5.180197295370558,5.521555911415216,5.180197295370558,5.521555911415216,5.862914527459856,4.838838679325919,5.180197295370558,5.862914527459856,5.180197295370558,5.180197295370558,5.521555911415216,4.838838679325919,4.838838679325919,5.862914527459856,4.838838679325919,5.180197295370558,5.862914527459856,5.180197295370558,5.521555911415216,5.862914527459856,4.838838679325919,5.862914527459856,5.521555911415216,5.180197295370558,5.862914527459856,5.521555911415216,5.521555911415216,4.838838679325919,5.521555911415216,5.180197295370558,4.838838679325919,5.862914527459856,5.862914527459856,4.838838679325919,5.862914527459856,5.521555911415216,5.180197295370558,5.862914527459856,5.521555911415216,4.838838679325919,4.838838679325919
5.33297317947446,5.687460973059276,4.978485385889645,5.687460973059276,4.6239975923048116,5.687460973059276,4.6239975923048116,4.978485385889645,4.978485385889645,4.6239975923048116,5.33297317947446,5.33297317947446,5.687460973059276,5.33297317947446,4.6239975923048116,5.687460973059276,4.978485385889645,4.978485385889645,5.33297317947446,5.33297317947446,4.6239975923048116,4.6239975923048116,4.6239975923048116,4.978485385889645,4.6239975923048116,5.687460973059276,4.6239975923048116,5.33297317947446,4.6239975923048116,5.687460973059276,5.687460973059276,4.978485385889645,4.978485385889645,4.978485385889645,5.33297317947446,4.6239975923048116,5.33297317947446,5.687460973059276,5.687460973059276,4.6239975923048116,4.6239975923048116,4.6239975923048116,5.33297317947446,4.6239975923048116,4.6239975923048116,4.6239975923048116,4.978485385889645,4.6239975923048116,4.6239975923048116,4.978485385889645,4.978485385889645,5.687460973059276,4.6239975923048116,5.687460973059276,5.33297317947446,4.978485385889645,4.6239975923048116,4.978485385889645,4.6239975923048116,4.6239975923048116,4.6239975923048116,4.6239975923048116,4.978485385889645,4.978485385889645,4.6239975923048116,5.687460973059276,4.6239975923048116,4.978485385889645,4.6239975923048116,4.978485385889645,5.687460973059276,4.978485385889645,5.33297317947446,5.687460973059276,4.6239975923048116,5.33297317947446,4.6239975923048116,4.978485385889645,4.6239975923048116,5.687460973059276,4.6239975923048116,4.6239975923048116,5.33297317947446,5.33297317947446,5.33297317947446,4.978485385889645,4.6239975923048116,5.687460973059276,4.978485385889645,4.6239975923048116,4.978485385889645,4.978485385889645,5.33297317947446,4.978485385889645,5.33297317947446,4.6239975923048116,5.687460973059276,4.6239975923048116,4.6239975923048116,4.978485385889645,4.978485385889645,4.978485385889645,5.33297317947446,4.978485385889645,5.687460973059276,4.6239975923048116,4.978485385889645,4.978485385889645,4.978485385889645,5.33297317947446,4.6239975923048116,4.978485385889645,5.687460973059276,5.687460973059276,5.33297317947446,4.6239975923048116,4.978485385889645,4.6239975923048116,5.33297317947446,5.687460973059276,4.6239975923048116,4.978485385889645,5.687460973059276,4.6239975923048116,5.687460973059276,5.33297317947446,4.6239975923048116,4.978485385889645,5.33297317947446,4.6239975923048116,5.687460973059276,4.6239975923048116,5.687460973059276,4.6239975923048116,4.6239975923048116,4.6239975923048116,4.6239975923048116,5.33297317947446,5.687460973059276,4.978485385889645,5.687460973059276,5.33297317947446,4.6239975923048116,5.33297317947446,5.687460973059276,4.6239975923048116,5.33297317947446,5.33297317947446,4.978485385889645,4.6239975923048116,5.687460973059276,4.978485385889645,4.978485385889645,4.6239975923048116,4.6239975923048116,5.687460973059276,5.687460973059276,4.978485385889645,5.33297317947446,4.978485385889645,5.33297317947446,4.978485385889645,4.6239975923048116,4.978485385889645,5.687460973059276,4.6239975923048116,5.33297317947446,4.6239975923048116,4.6239975923048116,5.33297317947446,4.6239975923048116,5.687460973059276,5.687460973059276,4.978485385889645,5.33297317947446,4.6239975923048116,5.33297317947446,4.6239975923048116,4.6239975923048116,4.978485385889645,5.687460973059276,4.6239975923048116,4.6239975923048116,5.33297317947446,4.978485385889645,5.33297317947446,5.33297317947446,4.6239975923048116,5.687460973059276,5.687460973059276,4.978485385889645,4.6239975923048116,5.687460973059276,4.978485385889645,5.33297317947446,4.978485385889645,5.687460973059276,5.33297317947446,5.687460973059276,5.687460973059276
5.144390447533722,4.776773476408713,4.409156505283722,5.144390447533722,4.409156505283722,5.144390447533722,5.144390447533722,4.776773476408713,4.776773476408713,5.144390447533722,4.409156505283722,5.144390447533722,5.512007418658714,5.512007418658714,5.512007418658714,5.512007418658714,5.144390447533722,5.144390447533722,5.144390447533722,4.409156505283722,5.144390447533722,4.409156505283722,5.512007418658714,5.512007418658714,4.776773476408713,4.776773476408713,4.776773476408713,5.144390447533722,4.776773476408713,4.776773476408713,4.776773476408713,5.144390447533722,5.512007418658714,5.512007418658714,4.409156505283722,5.512007418658714,5.144390447533722,5.512007418658714,5.512007418658714,4.409156505283722,5.512007418658714,5.144390447533722,4.409156505283722,4.409156505283722,5.512007418658714,5.512007418658714,5.512007418658714,5.144390447533722,5.144390447533722,4.776773476408713,5.144390447533722,4.409156505283722,5.144390447533722,5.512007418658714,4.776773476408713,4.409156505283722,4.409156505283722,4.776773476408713,5.144390447533722,5.144390447533722,5.512007418658714,4.776773476408713,5.512007418658714,5.144390447533722,4.409156505283722,5.512007418658714,5.144390447533722,4.409156505283722,4.409156505283722,5.144390447533722,4.776773476408713,5.144390447533722,5.144390447533722,4.776773476408713,4.776773476408713,5.144390447533722,4.409156505283722,4.409156505283722,5.512007418658714,5.144390447533722,5.144390447533722,5.144390447533722,4.409156505283722,4.409156505283722,5.144390447533722,5.144390447533722,4.776773476408713,5.144390447533722,5.144390447533722,5.512007418658714,5.144390447533722,5.512007418658714,5.512007418658714,4.409156505283722,4.409156505283722,5.144390447533722,4.776773476408713,5.144390447533722,5.512007418658714,4.776773476408713,4.409156505283722,4.409156505283722,4.776773476408713,5.144390447533722,4.776773476408713,5.512007418658714,4.409156505283722,4.409156505283722,4.776773476408713,5.512007418658714,4.776773476408713,4.409156505283722,4.409156505283722,4.409156505283722,4.776773476408713,5.512007418658714,5.144390447533722,4.409156505283722,5.144390447533722,4.409156505283722,5.144390447533722,4.409156505283722,5.144390447533722,4.409156505283722,4.409156505283722,4.776773476408713,5.144390447533722,4.776773476408713,5.144390447533722,5.512007418658714,5.144390447533722,5.512007418658714,5.512007418658714,4.776773476408713,5.144390447533722,5.144390447533722,5.512007418658714,5.512007418658714,4.776773476408713,5.144390447533722,5.512007418658714,5.512007418658714,5.512007418658714,4.409156505283722,4.409156505283722,5.512007418658714,4.776773476408713,4.776773476408713,4.409156505283722,5.512007418658714,4.776773476408713,5.144390447533722,4.409156505283722,5.144390447533722,5.144390447533722,4.776773476408713,5.144390447533722,4.409156505283722,4.409156505283722,4.776773476408713,5.144390447533722,4.409156505283722,5.512007418658714,5.144390447533722,5.144390447533722,4.409156505283722,4.776773476408713,5.144390447533722,4.776773476408713,5.512007418658714,5.144390447533722,5.512007418658714,4.409156505283722,5.512007418658714,5.144390447533722,5.144390447533722,5.512007418658714,4.409156505283722,4.776773476408713,5.512007418658714,5.144390447533722,5.512007418658714,4.409156505283722,5.512007418658714,5.512007418658714,4.409156505283722,5.512007418658714,5.144390447533722,4.409156505283722,4.409156505283722,4.409156505283722,4.776773476408713,5.144390447533722,5.512007418658714,4.409156505283722,5.512007418658714,5.144390447533722,4.409156505283722,5.144390447533722,5.512007418658714
5.336553864258152,5.336553864258152,4.955807715592966,4.575061566927782,4.955807715592966,5.336553864258152,4.194315418262614,5.336553864258152,5.336553864258152,4.955807715592966,4.194315418262614,4.955807715592966,5.336553864258152,4.955807715592966,5.336553864258152,5.336553864258152,4.575061566927782,4.194315418262614,4.194315418262614,4.955807715592966,4.955807715592966,5.336553864258152,4.575061566927782,5.336553864258152,4.955807715592966,4.955807715592966,4.194315418262614,4.575061566927782,4.194315418262614,5.336553864258152,5.336553864258152,5.336553864258152,4.194315418262614,5.336553864258152,4.575061566927782,4.194315418262614,4.575061566927782,4.575061566927782,4.194315418262614,4.575061566927782,5.336553864258152,4.575061566927782,4.194315418262614,4.575061566927782,4.194315418262614,4.194315418262614,5.336553864258152,5.336553864258152,4.575061566927782,4.955807715592966,4.575061566927782,4.575061566927782,4.575061566927782,5.336553864258152,4.955807715592966,4.575061566927782,4.194315418262614,4.955807715592966,4.955807715592966,4.194315418262614,4.575061566927782,4.194315418262614,4.194315418262614,4.575061566927782,4.575061566927782,4.194315418262614,4.194315418262614,4.575061566927782,4.955807715592966,4.194315418262614,4.194315418262614,4.194315418262614,4.955807715592966,4.955807715592966,4.194315418262614,4.575061566927782,4.575061566927782,4.194315418262614,4.955807715592966,5.336553864258152,4.575061566927782,4.955807715592966,4.955807715592966,5.336553864258152,4.955807715592966,4.194315418262614,4.575061566927782,4.955807715592966,4.194315418262614,4.955807715592966,4.575061566927782,4.955807715592966,4.955807715592966,4.194315418262614,5.336553864258152,5.336553864258152,4.955807715592966,5.336553864258152,4.575061566927782,5.336553864258152,5.336553864258152,4.194315418262614,5.336553864258152,4.955807715592966,4.575061566927782,4.955807715592966,4.955807715592966,5.336553864258152,5.336553864258152,4.194315418262614,5.336553864258152,4.194315418262614,4.955807715592966,4.575061566927782,4.575061566927782,5.336553864258152,4.575061566927782,4.194315418262614,4.575061566927782,5.336553864258152,4.575061566927782,4.194315418262614,5.336553864258152,4.575061566927782,4.955807715592966,4.575061566927782,4.575061566927782,4.194315418262614,5.336553864258152,4.575061566927782,5.336553864258152,5.336553864258152,4.955807715592966,4.194315418262614,5.336553864258152,5.336553864258152,4.955807715592966,4.194315418262614,4.955807715592966,4.575061566927782,4.955807715592966,5.336553864258152,4.194315418262614,4.575061566927782,4.194315418262614,4.955807715592966,4.955807715592966,4.955807715592966,4.575061566927782,5.336553864258152,5.336553864258152,4.194315418262614,4.194315418262614,4.575061566927782,4.194315418262614,4.575061566927782,4.194315418262614,4.575061566927782,4.955807715592966,4.194315418262614,4.955807715592966,4.194315418262614,4.194315418262614,4.194315418262614,4.955807715592966,5.336553864258152,4.575061566927782,4.575061566927782,4.575061566927782,4.194315418262614,4.955807715592966,4.955807715592966,4.194315418262614,4.955807715592966,4.194315418262614,4.194315418262614,4.955807715592966,4.955807715592966,4.575061566927782,5.336553864258152,4.955807715592966,4.955807715592966,4.194315418262614,5.336553864258152,4.575061566927782,4.575061566927782,4.575061566927782,5.336553864258152,4.955807715592966,4.194315418262614,4.955807715592966,4.194315418262614,4.194315418262614,4.955807715592966,5.336553864258152,5.336553864258152,5.336553864258152,4.575061566927782,4.194315418262614,4.575061566927782
5.161100309857571,5.161100309857571,5.161100309857571,4.373349657446868,5.161100309857571,5.161100309857571,4.767224983652228,4.767224983652228,3.979474331241507,4.767224983652228,3.979474331241507,4.373349657446868,5.161100309857571,4.767224983652228,3.979474331241507,4.767224983652228,3.979474331241507,4.767224983652228,4.373349657446868,4.767224983652228,5.161100309857571,4.767224983652228,4.767224983652228,5.161100309857571,4.373349657446868,3.979474331241507,4.373349657446868,4.373349657446868,4.767224983652228,4.373349657446868,4.767224983652228,5.161100309857571,4.767224983652228,4.767224983652228,3.979474331241507,5.161100309857571,4.373349657446868,3.979474331241507,3.979474331241507,4.767224983652228,3.979474331241507,4.373349657446868,5.161100309857571,3.979474331241507,3.979474331241507,3.979474331241507,4.373349657446868,3.979474331241507,4.373349657446868,5.161100309857571,3.979474331241507,4.767224983652228,5.161100309857571,4.373349657446868,4.767224983652228,4.373349657446868,4.767224983652228,4.767224983652228,5.161100309857571,3.979474331241507,5.161100309857571,4.767224983652228,3.979474331241507,3.979474331241507,3.979474331241507,3.979474331241507,3.979474331241507,5.161100309857571,5.161100309857571,5.161100309857571,4.767224983652228,3.979474331241507,5.161100309857571,4.373349657446868,4.373349657446868,4.767224983652228,5.161100309857571,4.373349657446868,4.767224983652228,4.373349657446868,3.979474331241507,5.161100309857571,5.161100309857571,5.161100309857571,5.161100309857571,5.161100309857571,4.373349657446868,4.767224983652228,5.161100309857571,4.767224983652228,4.767224983652228,4.767224983652228,5.161100309857571,4.373349657446868,5.161100309857571,3.979474331241507,4.767224983652228,5.161100309857571,4.767224983652228,5.161100309857571,3.979474331241507,4.767224983652228,4.767224983652228,4.767224983652228,4.767224983652228,4.767224983652228,4.373349657446868,5.161100309857571,3.979474331241507,4.373349657446868,4.373349657446868,4.767224983652228,3.979474331241507,5.161100309857571,5.161100309857571,3.979474331241507,3.979474331241507,5.161100309857571,3.979474331241507,3.979474331241507,5.161100309857571,3.979474331241507,4.373349657446868,4.767224983652228,4.767224983652228,3.979474331241507,4.767224983652228,4.767224983652228,3.979474331241507,4.373349657446868,5.161100309857571,5.161100309857571,4.373349657446868,3.979474331241507,5.161100309857571,4.767224983652228,4.767224983652228,4.373349657446868,4.373349657446868,5.161100309857571,4.767224983652228,4.373349657446868,3.979474331241507,5.161100309857571,5.161100309857571,4.373349657446868,4.373349657446868,4.767224983652228,3.979474331241507,4.767224983652228,3.979474331241507,4.373349657446868,4.373349657446868,4.767224983652228,4.767224983652228,4.373349657446868,3.979474331241507,3.979474331241507,4.767224983652228,3.979474331241507,4.767224983652228,4.373349657446868,4.373349657446868,3.979474331241507,3.979474331241507,3.979474331241507,4.373349657446868,5.161100309857571,5.161100309857571,4.373349657446868,5.161100309857571,5.161100309857571,4.767224983652228,5.161100309857571,5.161100309857571,5.161100309857571,3.979474331241507,4.373349657446868,3.979474331241507,4.373349657446868,3.979474331241507,4.373349657446868,5.161100309857571,3.979474331241507,3.979474331241507,5.161100309857571,4.767224983652228,3.979474331241507,3.979474331241507,4.767224983652228,5.161100309857571,4.767224983652228,3.979474331241507,4.373349657446868,4.767224983652228,5.161100309857571,3.979474331241507,5.161100309857571,4.767224983652228,3.979474331241507
4.5786422517114715,4.171637747965936,4.5786422517114715,4.5786422517114715,4.985646755457009,4.985646755457009,4.171637747965936,3.7646332442203994,3.7646332442203994,4.5786422517114715,3.7646332442203994,4.171637747965936,4.171637747965936,4.985646755457009,4.171637747965936,4.171637747965936,3.7646332442203994,3.7646332442203994,4.985646755457009,3.7646332442203994,4.171637747965936,4.985646755457009,3.7646332442203994,4.985646755457009,4.5786422517114715,4.985646755457009,3.7646332442203994,3.7646332442203994,4.171637747965936,4.985646755457009,4.171637747965936,4.5786422517114715,3.7646332442203994,4.985646755457009,4.171637747965936,4.5786422517114715,4.5786422517114715,4.985646755457009,4.5786422517114715,4.171637747965936,4.171637747965936,4.5786422517114715,4.5786422517114715,4.985646755457009,4.171637747965936,4.171637747965936,4.171637747965936,4.5786422517114715,4.985646755457009,3.7646332442203994,4.5786422517114715,4.985646755457009,4.5786422517114715,4.171637747965936,4.171637747965936,4.5786422517114715,4.985646755457009,4.985646755457009,4.171637747965936,3.7646332442203994,4.171637747965936,4.985646755457009,4.5786422517114715,4.171637747965936,4.985646755457009,4.985646755457009,3.7646332442203994,4.171637747965936,3.7646332442203994,4.5786422517114715,3.7646332442203994,4.985646755457009,4.171637747965936,4.985646755457009,4.985646755457009,4.171637747965936,3.7646332442203994,4.171637747965936,4.5786422517114715,4.985646755457009,4.5786422517114715,3.7646332442203994,4.171637747965936,4.171637747965936,4.5786422517114715,4.5786422517114715,3.7646332442203994,4.5786422517114715,4.171637747965936,4.171637747965936,4.5786422517114715,4.171637747965936,4.171637747965936,4.171637747965936,4.5786422517114715,4.5786422517114715,4.171637747965936,4.171637747965936,4.171637747965936,3.7646332442203994,4.171637747965936,4.5786422517114715,4.171637747965936,3.7646332442203994,4.985646755457009,3.7646332442203994,4.5786422517114715,4.985646755457009,4.171637747965936,4.5786422517114715,4.5786422517114715,4.5786422517114715,3.7646332442203994,4.171637747965936,4.5786422517114715,3.7646332442203994,4.985646755457009,3.7646332442203994,4.5786422517114715,3.7646332442203994,4.5786422517114715,3.7646332442203994,4.985646755457009,4.5786422517114715,4.985646755457009,4.171637747965936,4.171637747965936,4.985646755457009,4.985646755457009,4.171637747965936,4.171637747965936,4.985646755457009,3.7646332442203994,3.7646332442203994,3.7646332442203994,4.5786422517114715,4.171637747965936,4.171637747965936,3.7646332442203994,4.171637747965936,4.171637747965936,4.171637747965936,3.7646332442203994,4.5786422517114715,4.985646755457009,4.985646755457009,3.7646332442203994,4.985646755457009,3.7646332442203994,4.5786422517114715,4.171637747965936,4.5786422517114715,4.5786422517114715,4.5786422517114715,4.5786422517114715,3.7646332442203994,3.7646332442203994,4.5786422517114715,4.985646755457009,4.171637747965936,4.985646755457009,4.985646755457009,4.985646755457009,4.171637747965936,4.5786422517114715,4.985646755457009,4.985646755457009,4.985646755457009,4.171637747965936,4.5786422517114715,4.985646755457009,4.5786422517114715,3.7646332442203994,4.5786422517114715,3.7646332442203994,4.171637747965936,4.985646755457009,4.171637747965936,4.5786422517114715,4.171637747965936,3.7646332442203994,4.171637747965936,4.985646755457009,3.7646332442203994,4.5786422517114715,4.5786422517114715,4.5786422517114715,4.171637747965936,4.985646755457009,4.985646755457009,4.171637747965936,3.7646332442203994,4.5786422517114715,4.5786422517114715,3.7646332442203994,4.5786422517114715,3.7646332442203994,4.985646755457009,4.5786422517114715,3.7646332442203994
3.9699258384850222,4.390059519770734,3.549792157199292,3.9699258384850222,4.390059519770734,3.549792157199292,3.9699258384850222,3.549792157199292,4.810193201056446,3.549792157199292,3.549792157199292,4.390059519770734,4.810193201056446,3.9699258384850222,4.390059519770734,3.9699258384850222,4.810193201056446,4.390059519770734,4.390059519770734,4.390059519770734,3.549792157199292,3.9699258384850222,3.9699258384850222,3.9699258384850222,4.390059519770734,3.549792157199292,4.390059519770734,4.810193201056446,4.390059519770734,3.9699258384850222,4.810193201056446,4.390059519770734,3.9699258384850222,3.9699258384850222,4.390059519770734,4.390059519770734,3.9699258384850222,4.810193201056446,4.810193201056446,4.390059519770734,4.390059519770734,3.549792157199292,4.810193201056446,3.9699258384850222,3.549792157199292,3.9699258384850222,4.810193201056446,4.810193201056446,3.549792157199292,3.9699258384850222,4.390059519770734,4.390059519770734,4.390059519770734,3.549792157199292,4.390059519770734,4.390059519770734,4.810193201056446,4.810193201056446,4.810193201056446,4.810193201056446,4.390059519770734,3.549792157199292,4.390059519770734,4.390059519770734,4.810193201056446,4.390059519770734,4.810193201056446,4.810193201056446,3.9699258384850222,3.9699258384850222,4.390059519770734,3.549792157199292,3.549792157199292,3.9699258384850222,3.9699258384850222,4.810193201056446,3.549792157199292,3.9699258384850222,4.390059519770734,3.9699258384850222,3.9699258384850222,4.810193201056446,3.9699258384850222,4.810193201056446,3.549792157199292,4.390059519770734,3.9699258384850222,3.9699258384850222,3.9699258384850222,3.549792157199292,4.810193201056446,4.390059519770734,3.549792157199292,4.810193201056446,3.549792157199292,4.810193201056446,3.9699258384850222,4.810193201056446,4.390059519770734,4.810193201056446,4.390059519770734,4.810193201056446,3.549792157199292,3.549792157199292,3.549792157199292,4.810193201056446,3.549792157199292,3.9699258384850222,4.390059519770734,3.9699258384850222,3.549792157199292,4.810193201056446,3.9699258384850222,4.390059519770734,4.390059519770734,3.9699258384850222,4.810193201056446,4.810193201056446,4.810193201056446,3.9699258384850222,3.9699258384850222,4.810193201056446,4.810193201056446,3.549792157199292,4.810193201056446,4.810193201056446,3.9699258384850222,4.810193201056446,3.9699258384850222,3.9699258384850222,3.9699258384850222,4.810193201056446,3.9699258384850222,3.549792157199292,3.549792157199292,4.810193201056446,4.810193201056446,3.549792157199292,3.9699258384850222,4.810193201056446,4.390059519770734,4.810193201056446,3.549792157199292,4.390059519770734,4.810193201056446,4.810193201056446,3.549792157199292,3.9699258384850222,3.549792157199292,4.390059519770734,4.810193201056446,4.810193201056446,3.9699258384850222,3.549792157199292,3.549792157199292,4.810193201056446,4.390059519770734,4.390059519770734,4.390059519770734,3.549792157199292,3.549792157199292,4.390059519770734,3.9699258384850222,3.9699258384850222,4.390059519770734,4.810193201056446,3.549792157199292,4.810193201056446,3.549792157199292,3.9699258384850222,4.390059519770734,4.390059519770734,4.390059519770734,4.810193201056446,4.390059519770734,3.9699258384850222,4.390059519770734,3.549792157199292,4.810193201056446,3.549792157199292,3.9699258384850222,4.810193201056446,4.390059519770734,4.390059519770734,3.9699258384850222,4.810193201056446,4.810193201056446,3.9699258384850222,4.390059519770734,4.810193201056446,4.390059519770734,4.810193201056446,4.390059519770734,4.810193201056446,4.810193201056446,4.810193201056446,4.810193201056446,3.9699258384850222,4.810193201056446,3.9699258384850222
4.201476787829979,3.3349510701782026,4.201476787829979,3.7682139290040904,4.6347396466558655,3.7682139290040904,4.6347396466558655,3.7682139290040904,4.201476787829979,4.6347396466558655,4.6347396466558655,3.3349510701782026,3.7682139290040904,4.201476787829979,3.7682139290040904,4.6347396466558655,4.201476787829979,4.6347396466558655,4.201476787829979,3.3349510701782026,4.201476787829979,4.6347396466558655,3.3349510701782026,3.3349510701782026,3.3349510701782026,4.6347396466558655,3.3349510701782026,4.6347396466558655,3.3349510701782026,3.3349510701782026,3.7682139290040904,3.3349510701782026,3.7682139290040904,3.3349510701782026,4.6347396466558655,4.6347396466558655,4.6347396466558655,3.3349510701782026,3.3349510701782026,3.7682139290040904,4.6347396466558655,3.7682139290040904,3.7682139290040904,4.201476787829979,3.3349510701782026,4.6347396466558655,4.201476787829979,4.201476787829979,3.7682139290040904,4.201476787829979,3.7682139290040904,3.3349510701782026,3.3349510701782026,3.7682139290040904,3.7682139290040904,4.6347396466558655,3.7682139290040904,3.3349510701782026,3.7682139290040904,4.6347396466558655,3.3349510701782026,3.7682139290040904,3.3349510701782026,4.201476787829979,3.7682139290040904,4.201476787829979,4.6347396466558655,3.3349510701782026,4.201476787829979,4.201476787829979,3.3349510701782026,3.7682139290040904,3.3349510701782026,4.6347396466558655,4.6347396466558655,3.3349510701782026,3.3349510701782026,4.201476787829979,3.3349510701782026,3.7682139290040904,4.201476787829979,4.6347396466558655,3.3349510701782026,4.6347396466558655,3.3349510701782026,4.201476787829979,3.7682139290040904,3.7682139290040904,4.201476787829979,3.7682139290040904,3.7682139290040904,4.6347396466558655,3.3349510701782026,3.3349510701782026,4.201476787829979,3.3349510701782026,4.6347396466558655,4.6347396466558655,4.201476787829979,3.3349510701782026,4.201476787829979,3.3349510701782026,3.3349510701782026,4.6347396466558655,3.3349510701782026,3.7682139290040904,4.6347396466558655,3.7682139290040904,3.7682139290040904,3.3349510701782026,4.201476787829979,4.6347396466558655,3.7682139290040904,3.3349510701782026,3.7682139290040904,3.3349510701782026,3.3349510701782026,4.6347396466558655,4.6347396466558655,3.3349510701782026,4.201476787829979,4.201476787829979,3.3349510701782026,3.3349510701782026,3.3349510701782026,4.201476787829979,3.7682139290040904,4.201476787829979,3.3349510701782026,3.3349510701782026,4.6347396466558655,4.6347396466558655,3.3349510701782026,4.201476787829979,4.201476787829979,3.7682139290040904,4.201476787829979,3.3349510701782026,3.7682139290040904,3.7682139290040904,4.6347396466558655,4.201476787829979,3.3349510701782026,3.3349510701782026,4.6347396466558655,3.3349510701782026,4.201476787829979,4.6347396466558655,4.201476787829979,3.3349510701782026,4.201476787829979,3.3349510701782026,4.6347396466558655,3.3349510701782026,4.6347396466558655,3.7682139290040904,4.6347396466558655,3.3349510701782026,4.6347396466558655,3.7682139290040904,4.201476787829979,3.7682139290040904,3.3349510701782026,4.6347396466558655,3.7682139290040904,3.3349510701782026,4.6347396466558655,3.3349510701782026,3.3349510701782026,4.6347396466558655,3.7682139290040904,4.6347396466558655,4.201476787829979,3.7682139290040904,4.6347396466558655,4.6347396466558655,3.3349510701782026,3.7682139290040904,3.7682139290040904,4.6347396466558655,3.7682139290040904,4.201476787829979,4.201476787829979,4.201476787829979,3.3349510701782026,4.6347396466558655,4.201476787829979,3.7682139290040904,3.7682139290040904,3.3349510701782026,3.7682139290040904,3.7682139290040904,3.7682139290040904,4.201476787829979,4.6347396466558655,3.3349510701782026,3.3349510701782026,3.3349510701782026,4.6347396466558655,4.201476787829979
3.5665020195231585,3.5665020195231585,3.5665020195231585,4.4592860922553035,4.01289405588924,3.5665020195231585,3.1201099831570955,3.5665020195231585,3.1201099831570955,3.1201099831570955,4.01289405588924,3.1201099831570955,4.4592860922553035,4.01289405588924,3.1201099831570955,3.1201099831570955,4.4592860922553035,4.01289405588924,4.01289405588924,3.5665020195231585,3.5665020195231585,3.1201099831570955,4.4592860922553035,4.01289405588924,4.4592860922553035,3.5665020195231585,3.1201099831570955,4.01289405588924,4.01289405588924,4.4592860922553035,3.1201099831570955,4.4592860922553035,3.1201099831570955,3.5665020195231585,4.4592860922553035,3.5665020195231585,3.1201099831570955,3.1201099831570955,3.5665020195231585,4.4592860922553035,4.01289405588924,4.01289405588924,3.5665020195231585,4.01289405588924,3.5665020195231585,3.1201099831570955,4.01289405588924,3.5665020195231585,3.1201099831570955,4.4592860922553035,3.5665020195231585,4.4592860922553035,3.5665020195231585,3.1201099831570955,4.01289405588924,3.5665020195231585,3.5665020195231585,4.01289405588924,4.4592860922553035,3.1201099831570955,3.1201099831570955,3.5665020195231585,4.01289405588924,3.1201099831570955,3.1201099831570955,3.1201099831570955,4.01289405588924,3.1201099831570955,3.5665020195231585,3.5665020195231585,3.1201099831570955,3.1201099831570955,4.4592860922553035,3.5665020195231585,3.5665020195231585,3.5665020195231585,3.1201099831570955,4.4592860922553035,4.4592860922553035,4.01289405588924,4.4592860922553035,3.1201099831570955,4.4592860922553035,4.4592860922553035,3.5665020195231585,4.4592860922553035,4.01289405588924,4.01289405588924,3.5665020195231585,3.1201099831570955,4.01289405588924,4.4592860922553035,4.4592860922553035,4.01289405588924,4.4592860922553035,3.5665020195231585,3.1201099831570955,4.4592860922553035,4.01289405588924,4.4592860922553035,3.5665020195231585,3.1201099831570955,3.1201099831570955,3.5665020195231585,3.1201099831570955,3.1201099831570955,3.1201099831570955,4.4592860922553035,4.01289405588924,3.5665020195231585,4.01289405588924,4.4592860922553035,4.4592860922553035,4.01289405588924,4.01289405588924,3.5665020195231585,4.01289405588924,3.1201099831570955,4.01289405588924,3.5665020195231585,3.5665020195231585,3.1201099831570955,3.1201099831570955,3.5665020195231585,3.1201099831570955,3.5665020195231585,4.01289405588924,4.4592860922553035,3.5665020195231585,3.1201099831570955,3.5665020195231585,3.5665020195231585,4.4592860922553035,4.01289405588924,3.5665020195231585,4.01289405588924,4.01289405588924,4.01289405588924,4.4592860922553035,4.01289405588924,3.1201099831570955,3.5665020195231585,4.01289405588924,3.1201099831570955,4.01289405588924,3.5665020195231585,4.01289405588924,4.01289405588924,3.5665020195231585,4.4592860922553035,4.01289405588924,3.5665020195231585,3.1201099831570955,4.01289405588924,4.4592860922553035,3.1201099831570955,3.1201099831570955,3.5665020195231585,3.5665020195231585,4.4592860922553035,3.5665020195231585,3.5665020195231585,3.5665020195231585,3.1201099831570955,3.1201099831570955,3.1201099831570955,3.1201099831570955,3.5665020195231585,3.5665020195231585,4.4592860922553035,4.01289405588924,4.4592860922553035,3.1201099831570955,3.1201099831570955,4.01289405588924,4.01289405588924,4.4592860922553035,4.4592860922553035,3.1201099831570955,3.5665020195231585,3.1201099831570955,3.1201099831570955,4.4592860922553035,3.5665020195231585,3.5665020195231585,4.4592860922553035,3.5665020195231585,3.5665020195231585,4.4592860922553035,3.1201099831570955,3.5665020195231585,3.5665020195231585,4.4592860922553035,3.5665020195231585,3.5665020195231585,3.5665020195231585,4.01289405588924,4.01289405588924,4.01289405588924,4.01289405588924
3.824311323948484,3.364790110042245,3.364790110042245,4.2838325378547415,3.824311323948484,3.364790110042245,3.824311323948484,2.905268896135988,4.2838325378547415,3.364790110042245,3.824311323948484,3.824311323948484,4.2838325378547415,2.905268896135988,4.2838325378547415,3.824311323948484,3.364790110042245,2.905268896135988,3.364790110042245,4.2838325378547415,3.824311323948484,4.2838325378547415,4.2838325378547415,3.824311323948484,3.364790110042245,2.905268896135988,4.2838325378547415,4.2838325378547415,4.2838325378547415,3.364790110042245,4.2838325378547415,3.364790110042245,3.824311323948484,3.364790110042245,2.905268896135988,4.2838325378547415,4.2838325378547415,2.905268896135988,3.824311323948484,4.2838325378547415,4.2838325378547415,3.364790110042245,3.824311323948484,3.364790110042245,3.364790110042245,3.824311323948484,3.824311323948484,2.905268896135988,3.364790110042245,2.905268896135988,3.364790110042245,3.824311323948484,2.905268896135988,2.905268896135988,2.905268896135988,3.364790110042245,3.364790110042245,3.364790110042245,3.824311323948484,3.364790110042245,3.824311323948484,3.364790110042245,4.2838325378547415,4.2838325378547415,3.364790110042245,3.364790110042245,3.364790110042245,3.824311323948484,3.824311323948484,3.364790110042245,3.824311323948484,3.364790110042245,3.824311323948484,3.824311323948484,2.905268896135988,3.824311323948484,3.824311323948484,3.364790110042245,2.905268896135988,2.905268896135988,4.2838325378547415,3.364790110042245,3.364790110042245,2.905268896135988,4.2838325378547415,3.824311323948484,2.905268896135988,2.905268896135988,3.364790110042245,3.364790110042245,3.824311323948484,2.905268896135988,2.905268896135988,4.2838325378547415,3.824311323948484,3.824311323948484,2.905268896135988,3.824311323948484,2.905268896135988,3.824311323948484,4.2838325378547415,2.905268896135988,3.364790110042245,4.2838325378547415,3.364790110042245,2.905268896135988,3.824311323948484,4.2838325378547415,4.2838325378547415,4.2838325378547415,3.364790110042245,3.364790110042245,2.905268896135988,4.2838325378547415,4.2838325378547415,3.824311323948484,3.364790110042245,4.2838325378547415,3.364790110042245,3.364790110042245,2.905268896135988,3.824311323948484,3.364790110042245,2.905268896135988,3.824311323948484,2.905268896135988,3.364790110042245,3.824311323948484,4.2838325378547415,4.2838325378547415,3.824311323948484,2.905268896135988,4.2838325378547415,4.2838325378547415,3.364790110042245,3.824311323948484,4.2838325378547415,3.824311323948484,2.905268896135988,3.364790110042245,2.905268896135988,3.364790110042245,2.905268896135988,3.824311323948484,3.824311323948484,3.824311323948484,4.2838325378547415,3.824311323948484,4.2838325378547415,3.824311323948484,4.2838325378547415,2.905268896135988,4.2838325378547415,3.824311323948484,4.2838325378547415,3.364790110042245,3.364790110042245,3.364790110042245,2.905268896135988,3.824311323948484,3.824311323948484,3.364790110042245,2.905268896135988,3.824311323948484,2.905268896135988,2.905268896135988,3.824311323948484,3.364790110042245,2.905268896135988,3.364790110042245,2.905268896135988,3.824311323948484,2.905268896135988,3.824311323948484,2.905268896135988,4.2838325378547415,2.905268896135988,3.824311323948484,3.364790110042245,4.2838325378547415,3.824311323948484,3.364790110042245,3.364790110042245,2.905268896135988,4.2838325378547415,3.364790110042245,3.824311323948484,2.905268896135988,4.2838325378547415,3.364790110042245,4.2838325378547415,4.2838325378547415,3.824311323948484,3.824311323948484,4.2838325378547415,2.905268896135988,4.2838325378547415,3.364790110042245,4.2838325378547415,3.824311323948484
2.6904278091148806,2.6904278091148806,3.163078200561313,3.6357285920077462,3.163078200561313,4.108378983454161,3.163078200561313,3.163078200561313,3.6357285920077462,3.6357285920077462,3.6357285920077462,4.108378983454161,3.6357285920077462,3.6357285920077462,2.6904278091148806,3.6357285920077462,3.163078200561313,2.6904278091148806,3.163078200561313,3.6357285920077462,2.6904278091148806,3.6357285920077462,3.6357285920077462,3.163078200561313,2.6904278091148806,2.6904278091148806,2.6904278091148806,3.6357285920077462,3.163078200561313,2.6904278091148806,2.6904278091148806,4.108378983454161,3.6357285920077462,4.108378983454161,2.6904278091148806,2.6904278091148806,4.108378983454161,3.6357285920077462,4.108378983454161,3.6357285920077462,2.6904278091148806,3.163078200561313,2.6904278091148806,4.108378983454161,3.163078200561313,2.6904278091148806,3.6357285920077462,2.6904278091148806,3.6357285920077462,3.163078200561313,2.6904278091148806,3.6357285920077462,3.163078200561313,3.6357285920077462,3.6357285920077462,3.6357285920077462,2.6904278091148806,4.108378983454161,3.6357285920077462,3.6357285920077462,4.108378983454161,3.6357285920077462,3.6357285920077462,2.6904278091148806,4.108378983454161,2.6904278091148806,2.6904278091148806,2.6904278091148806,3.6357285920077462,3.6357285920077462,2.6904278091148806,3.6357285920077462,4.108378983454161,3.6357285920077462,3.163078200561313,2.6904278091148806,4.108378983454161,3.6357285920077462,4.108378983454161,2.6904278091148806,4.108378983454161,3.163078200561313,2.6904278091148806,3.163078200561313,3.6357285920077462,3.163078200561313,3.6357285920077462,3.6357285920077462,3.163078200561313,3.163078200561313,4.108378983454161,4.108378983454161,3.6357285920077462,2.6904278091148806,3.6357285920077462,4.108378983454161,3.163078200561313,4.108378983454161,3.6357285920077462,3.163078200561313,2.6904278091148806,3.163078200561313,2.6904278091148806,3.163078200561313,3.163078200561313,3.6357285920077462,4.108378983454161,2.6904278091148806,3.163078200561313,3.163078200561313,4.108378983454161,2.6904278091148806,3.6357285920077462,3.163078200561313,4.108378983454161,4.108378983454161,3.6357285920077462,3.6357285920077462,3.6357285920077462,2.6904278091148806,2.6904278091148806,4.108378983454161,3.163078200561313,3.163078200561313,2.6904278091148806,2.6904278091148806,2.6904278091148806,3.6357285920077462,4.108378983454161,4.108378983454161,2.6904278091148806,3.6357285920077462,4.108378983454161,3.6357285920077462,3.6357285920077462,3.163078200561313,3.6357285920077462,3.163078200561313,3.6357285920077462,3.6357285920077462,2.6904278091148806,2.6904278091148806,3.6357285920077462,3.6357285920077462,4.108378983454161,3.6357285920077462,3.163078200561313,2.6904278091148806,4.108378983454161,3.6357285920077462,4.108378983454161,3.6357285920077462,2.6904278091148806,4.108378983454161,3.163078200561313,2.6904278091148806,3.6357285920077462,2.6904278091148806,3.163078200561313,3.163078200561313,2.6904278091148806,3.6357285920077462,2.6904278091148806,3.6357285920077462,3.6357285920077462,3.6357285920077462,4.108378983454161,3.6357285920077462,2.6904278091148806,2.6904278091148806,3.163078200561313,3.6357285920077462,2.6904278091148806,2.6904278091148806,4.108378983454161,3.163078200561313,3.163078200561313,2.6904278091148806,3.6357285920077462,4.108378983454161,3.163078200561313,2.6904278091148806,3.6357285920077462,3.163078200561313,2.6904278091148806,2.6904278091148806,2.6904278091148806,2.6904278091148806,4.108378983454161,4.108378983454161,3.163078200561313,2.6904278091148806,3.163078200561313,3.6357285920077462,4.108378983454161,2.6904278091148806,3.163078200561313,2.6904278091148806,4.108378983454161,4.108378983454161
2.475586722093773,3.9329254290535984,2.9613662910803815,3.44714586006699,2.475586722093773,2.475586722093773,3.9329254290535984,3.44714586006699,3.44714586006699,2.475586722093773,2.475586722093773,2.9613662910803815,3.9329254290535984,2.475586722093773,3.44714586006699,2.475586722093773,3.9329254290535984,2.9613662910803815,3.9329254290535984,2.475586722093773,3.9329254290535984,3.44714586006699,3.44714586006699,3.44714586006699,2.9613662910803815,3.9329254290535984,3.9329254290535984,3.9329254290535984,2.475586722093773,2.9613662910803815,2.475586722093773,3.9329254290535984,2.475586722093773,2.475586722093773,2.9613662910803815,3.44714586006699,3.44714586006699,2.475586722093773,3.9329254290535984,2.9613662910803815,2.475586722093773,2.475586722093773,2.9613662910803815,2.9613662910803815,2.9613662910803815,3.44714586006699,3.44714586006699,3.9329254290535984,2.9613662910803815,3.44714586006699,2.9613662910803815,3.44714586006699,3.44714586006699,3.44714586006699,2.475586722093773,2.9613662910803815,3.9329254290535984,2.475586722093773,2.475586722093773,2.475586722093773,2.475586722093773,3.9329254290535984,2.475586722093773,2.475586722093773,2.475586722093773,3.9329254290535984,3.44714586006699,3.44714586006699,3.44714586006699,3.44714586006699,2.475586722093773,3.44714586006699,2.475586722093773,3.44714586006699,2.475586722093773,2.9613662910803815,2.9613662910803815,3.44714586006699,3.9329254290535984,3.44714586006699,2.9613662910803815,2.9613662910803815,3.44714586006699,3.44714586006699,3.44714586006699,2.475586722093773,3.44714586006699,3.44714586006699,2.9613662910803815,2.475586722093773,3.9329254290535984,2.9613662910803815,3.9329254290535984,2.475586722093773,3.9329254290535984,3.44714586006699,2.475586722093773,2.9613662910803815,3.9329254290535984,2.9613662910803815,2.9613662910803815,2.475586722093773,3.9329254290535984,3.9329254290535984,3.9329254290535984,3.9329254290535984,2.9613662910803815,3.44714586006699,2.9613662910803815,2.475586722093773,2.9613662910803815,3.44714586006699,3.9329254290535984,3.9329254290535984,3.44714586006699,2.475586722093773,2.475586722093773,2.475586722093773,3.9329254290535984,3.9329254290535984,3.44714586006699,2.475586722093773,3.44714586006699,3.44714586006699,2.475586722093773,2.475586722093773,2.9613662910803815,2.475586722093773,2.475586722093773,2.9613662910803815,2.9613662910803815,3.44714586006699,2.475586722093773,2.475586722093773,2.475586722093773,2.475586722093773,2.475586722093773,2.475586722093773,3.44714586006699,2.9613662910803815,2.9613662910803815,3.44714586006699,3.44714586006699,2.475586722093773,2.475586722093773,2.9613662910803815,3.9329254290535984,2.9613662910803815,3.44714586006699,2.9613662910803815,3.9329254290535984,3.9329254290535984,3.44714586006699,3.9329254290535984,2.9613662910803815,2.9613662910803815,3.44714586006699,2.9613662910803815,2.475586722093773,3.44714586006699,3.44714586006699,3.44714586006699,2.475586722093773,3.44714586006699,3.9329254290535984,2.475586722093773,3.9329254290535984,2.475586722093773,2.9613662910803815,3.9329254290535984,3.9329254290535984,2.475586722093773,3.44714586006699,3.44714586006699,2.9613662910803815,2.9613662910803815,3.44714586006699,2.9613662910803815,2.9613662910803815,2.475586722093773,2.9613662910803815,2.9613662910803815,2.475586722093773,3.9329254290535984,2.475586722093773,3.9329254290535984,2.9613662910803815,2.9613662910803815,3.44714586006699,3.44714586006699,3.9329254290535984,2.9613662910803815,2.9613662910803815,2.9613662910803815,3.9329254290535984,2.475586722093773,3.44714586006699,3.44714586006699,3.44714586006699,2.475586722093773
2.260745635072684,2.759654381599468,3.2585631281262515,3.757471874653036,3.2585631281262515,2.759654381599468,2.759654381599468,3.757471874653036,3.757471874653036,2.260745635072684,3.757471874653036,3.757471874653036,2.759654381599468,3.757471874653036,2.759654381599468,3.2585631281262515,2.759654381599468,2.759654381599468,3.757471874653036,3.757471874653036,2.260745635072684,2.759654381599468,2.759654381599468,2.260745635072684,2.759654381599468,2.759654381599468,2.759654381599468,3.757471874653036,3.2585631281262515,2.260745635072684,3.757471874653036,2.759654381599468,3.757471874653036,3.2585631281262515,3.757471874653036,2.260745635072684,3.2585631281262515,2.759654381599468,3.757471874653036,3.757471874653036,2.260745635072684,2.260745635072684,3.2585631281262515,2.759654381599468,3.757471874653036,3.2585631281262515,3.2585631281262515,2.759654381599468,3.2585631281262515,2.759654381599468,2.759654381599468,2.759654381599468,2.759654381599468,3.2585631281262515,3.2585631281262515,2.759654381599468,3.757471874653036,2.759654381599468,3.2585631281262515,3.757471874653036,3.2585631281262515,2.759654381599468,2.260745635072684,2.260745635072684,3.2585631281262515,3.2585631281262515,3.2585631281262515,3.757471874653036,3.2585631281262515,3.757471874653036,3.757471874653036,3.2585631281262515,2.759654381599468,3.757471874653036,2.260745635072684,3.757471874653036,3.757471874653036,2.759654381599468,2.260745635072684,2.260745635072684,2.759654381599468,3.757471874653036,3.2585631281262515,3.2585631281262515,2.260745635072684,2.759654381599468,3.757471874653036,3.2585631281262515,3.2585631281262515,2.759654381599468,3.2585631281262515,2.759654381599468,2.759654381599468,2.759654381599468,3.2585631281262515,2.759654381599468,2.260745635072684,2.759654381599468,3.2585631281262515,2.260745635072684,2.260745635072684,2.260745635072684,3.2585631281262515,3.757471874653036,3.2585631281262515,2.759654381599468,3.757471874653036,3.2585631281262515,3.2585631281262515,3.2585631281262515,3.757471874653036,2.260745635072684,2.759654381599468,2.759654381599468,2.759654381599468,3.2585631281262515,3.2585631281262515,2.260745635072684,3.757471874653036,2.759654381599468,2.759654381599468,3.757471874653036,2.759654381599468,2.260745635072684,3.757471874653036,2.759654381599468,2.759654381599468,2.260745635072684,2.759654381599468,3.757471874653036,3.2585631281262515,2.759654381599468,3.757471874653036,2.260745635072684,3.2585631281262515,3.757471874653036,2.260745635072684,3.2585631281262515,3.2585631281262515,3.2585631281262515,3.2585631281262515,3.757471874653036,3.757471874653036,3.757471874653036,2.260745635072684,3.2585631281262515,3.2585631281262515,2.260745635072684,3.2585631281262515,2.260745635072684,3.2585631281262515,3.757471874653036,2.260745635072684,2.260745635072684,3.2585631281262515,3.2585631281262515,2.759654381599468,2.260745635072684,2.260745635072684,3.757471874653036,3.757471874653036,2.759654381599468,2.260745635072684,3.2585631281262515,3.2585631281262515,2.759654381599468,3.2585631281262515,3.757471874653036,2.260745635072684,2.759654381599468,3.2585631281262515,3.757471874653036,3.2585631281262515,2.759654381599468,2.759654381599468,3.2585631281262515,3.2585631281262515,3.2585631281262515,2.260745635072684,2.759654381599468,2.759654381599468,3.757471874653036,2.260745635072684,3.757471874653036,2.759654381599468,2.759654381599468,2.759654381599468,2.260745635072684,3.757471874653036,3.2585631281262515,3.2585631281262515,3.2585631281262515,3.757471874653036,2.759654381599468,3.757471874653036,2.260745635072684,3.2585631281262515,3.2585631281262515,3.2585631281262515,2.759654381599468
3.582018320252474,3.0699803961854957,2.557942472118536,3.582018320252474,3.0699803961854957,3.0699803961854957,2.557942472118536,2.0459045480515763,2.557942472118536,2.557942472118536,3.582018320252474,2.557942472118536,3.0699803961854957,2.557942472118536,2.557942472118536,3.0699803961854957,2.0459045480515763,2.0459045480515763,3.0699803961854957,3.0699803961854957,3.0699803961854957,2.557942472118536,2.557942472118536,3.582018320252474,3.0699803961854957,3.0699803961854957,2.0459045480515763,2.557942472118536,2.557942472118536,3.582018320252474,3.582018320252474,3.0699803961854957,3.582018320252474,2.557942472118536,3.582018320252474,3.0699803961854957,2.557942472118536,3.582018320252474,3.582018320252474,2.557942472118536,2.0459045480515763,3.582018320252474,3.582018320252474,2.557942472118536,3.0699803961854957,2.557942472118536,2.0459045480515763,3.582018320252474,3.582018320252474,2.557942472118536,3.0699803961854957,2.557942472118536,3.0699803961854957,2.557942472118536,2.557942472118536,3.582018320252474,2.557942472118536,3.582018320252474,2.557942472118536,2.557942472118536,2.557942472118536,3.582018320252474,3.582018320252474,3.0699803961854957,2.0459045480515763,2.0459045480515763,3.582018320252474,2.557942472118536,3.582018320252474,2.557942472118536,2.557942472118536,2.557942472118536,3.582018320252474,3.582018320252474,2.0459045480515763,3.582018320252474,2.0459045480515763,2.557942472118536,3.0699803961854957,3.0699803961854957,2.0459045480515763,2.0459045480515763,2.557942472118536,2.0459045480515763,3.0699803961854957,2.557942472118536,3.0699803961854957,2.0459045480515763,2.557942472118536,2.557942472118536,2.0459045480515763,2.557942472118536,3.582018320252474,3.582018320252474,2.557942472118536,3.0699803961854957,2.0459045480515763,2.557942472118536,3.0699803961854957,3.0699803961854957,2.557942472118536,2.0459045480515763,2.0459045480515763,3.582018320252474,3.0699803961854957,3.0699803961854957,3.582018320252474,3.582018320252474,2.0459045480515763,3.0699803961854957,2.557942472118536,2.0459045480515763,3.582018320252474,2.557942472118536,2.0459045480515763,2.557942472118536,3.0699803961854957,2.557942472118536,2.557942472118536,2.557942472118536,2.557942472118536,2.0459045480515763,2.557942472118536,3.582018320252474,3.0699803961854957,3.0699803961854957,2.557942472118536,3.0699803961854957,3.0699803961854957,2.0459045480515763,2.557942472118536,3.582018320252474,2.0459045480515763,2.0459045480515763,2.0459045480515763,2.557942472118536,3.0699803961854957,3.0699803961854957,3.582018320252474,2.0459045480515763,2.0459045480515763,2.557942472118536,3.0699803961854957,3.0699803961854957,2.557942472118536,3.582018320252474,3.0699803961854957,3.0699803961854957,3.0699803961854957,3.0699803961854957,2.557942472118536,3.582018320252474,3.0699803961854957,3.582018320252474,2.0459045480515763,2.557942472118536,2.0459045480515763,2.557942472118536,2.0459045480515763,2.0459045480515763,2.0459045480515763,3.0699803961854957,2.557942472118536,3.0699803961854957,3.582018320252474,2.557942472118536,3.0699803961854957,2.0459045480515763,2.0459045480515763,2.0459045480515763,3.582018320252474,3.0699803961854957,3.582018320252474,3.582018320252474,3.0699803961854957,3.0699803961854957,3.0699803961854957,3.582018320252474,2.0459045480515763,3.0699803961854957,2.0459045480515763,2.557942472118536,2.557942472118536,3.582018320252474,2.0459045480515763,3.582018320252474,2.557942472118536,3.582018320252474,3.582018320252474,3.582018320252474,2.557942472118536,2.557942472118536,2.0459045480515763,2.557942472118536,3.582018320252474,2.0459045480515763,2.557942472118536,3.0699803961854957,3.0699803961854957,2.557942472118536
1.8310634610304692,2.881397664244758,3.406564765851893,3.406564765851893,3.406564765851893,1.8310634610304692,2.3562305626376046,3.406564765851893,3.406564765851893,1.8310634610304692,1.8310634610304692,3.406564765851893,2.3562305626376046,2.881397664244758,3.406564765851893,2.881397664244758,1.8310634610304692,1.8310634610304692,2.881397664244758,2.3562305626376046,3.406564765851893,2.881397664244758,2.881397664244758,2.881397664244758,1.8310634610304692,2.3562305626376046,2.3562305626376046,2.881397664244758,3.406564765851893,3.406564765851893,2.881397664244758,2.3562305626376046,3.406564765851893,1.8310634610304692,2.3562305626376046,2.3562305626376046,3.406564765851893,3.406564765851893,2.881397664244758,3.406564765851893,3.406564765851893,3.406564765851893,3.406564765851893,1.8310634610304692,2.881397664244758,2.881397664244758,1.8310634610304692,2.881397664244758,2.3562305626376046,2.881397664244758,2.881397664244758,2.881397664244758,1.8310634610304692,2.3562305626376046,1.8310634610304692,2.3562305626376046,1.8310634610304692,1.8310634610304692,2.881397664244758,2.881397664244758,3.406564765851893,2.881397664244758,1.8310634610304692,2.3562305626376046,3.406564765851893,1.8310634610304692,1.8310634610304692,1.8310634610304692,3.406564765851893,3.406564765851893,1.8310634610304692,3.406564765851893,3.406564765851893,2.3562305626376046,3.406564765851893,1.8310634610304692,3.406564765851893,2.3562305626376046,2.3562305626376046,1.8310634610304692,2.881397664244758,2.3562305626376046,1.8310634610304692,1.8310634610304692,2.881397664244758,3.406564765851893,3.406564765851893,2.3562305626376046,1.8310634610304692,2.881397664244758,2.3562305626376046,3.406564765851893,2.881397664244758,2.3562305626376046,1.8310634610304692,2.881397664244758,2.3562305626376046,2.881397664244758,2.881397664244758,3.406564765851893,2.3562305626376046,2.881397664244758,1.8310634610304692,2.3562305626376046,2.3562305626376046,2.881397664244758,3.406564765851893,3.406564765851893,1.8310634610304692,3.406564765851893,2.3562305626376046,1.8310634610304692,2.881397664244758,1.8310634610304692,2.3562305626376046,1.8310634610304692,2.881397664244758,2.3562305626376046,3.406564765851893,3.406564765851893,2.3562305626376046,1.8310634610304692,2.881397664244758,1.8310634610304692,1.8310634610304692,1.8310634610304692,2.3562305626376046,2.881397664244758,1.8310634610304692,2.881397664244758,2.881397664244758,2.881397664244758,2.3562305626376046,2.3562305626376046,2.3562305626376046,2.881397664244758,3.406564765851893,1.8310634610304692,1.8310634610304692,2.3562305626376046,1.8310634610304692,2.3562305626376046,2.3562305626376046,2.881397664244758,2.3562305626376046,2.3562305626376046,2.3562305626376046,1.8310634610304692,2.881397664244758,3.406564765851893,3.406564765851893,2.881397664244758,2.3562305626376046,3.406564765851893,1.8310634610304692,3.406564765851893,2.881397664244758,2.881397664244758,2.881397664244758,2.881397664244758,2.3562305626376046,2.3562305626376046,1.8310634610304692,2.3562305626376046,1.8310634610304692,2.3562305626376046,2.881397664244758,3.406564765851893,2.881397664244758,1.8310634610304692,3.406564765851893,2.881397664244758,2.3562305626376046,2.881397664244758,1.8310634610304692,3.406564765851893,1.8310634610304692,2.3562305626376046,2.881397664244758,3.406564765851893,1.8310634610304692,3.406564765851893,3.406564765851893,2.881397664244758,2.3562305626376046,2.881397664244758,2.881397664244758,2.3562305626376046,2.881397664244758,3.406564765851893,2.3562305626376046,2.881397664244758,1.8310634610304692,1.8310634610304692,2.3562305626376046,3.406564765851893,3.406564765851893,1.8310634610304692,2.3562305626376046,2.3562305626376046
2.154518653156691,3.231111211451331,3.231111211451331,2.154518653156691,2.154518653156691,3.231111211451331,2.692814932304002,2.154518653156691,3.231111211451331,3.231111211451331,3.231111211451331,2.154518653156691,2.154518653156691,1.6162223740093618,2.692814932304002,3.231111211451331,1.6162223740093618,3.231111211451331,2.692814932304002,1.6162223740093618,2.692814932304002,1.6162223740093618,2.692814932304002,1.6162223740093618,3.231111211451331,3.231111211451331,2.692814932304002,3.231111211451331,3.231111211451331,1.6162223740093618,1.6162223740093618,1.6162223740093618,1.6162223740093618,2.154518653156691,2.692814932304002,2.154518653156691,3.231111211451331,1.6162223740093618,2.154518653156691,3.231111211451331,2.154518653156691,1.6162223740093618,2.692814932304002,2.692814932304002,2.154518653156691,1.6162223740093618,3.231111211451331,2.154518653156691,1.6162223740093618,3.231111211451331,2.154518653156691,1.6162223740093618,2.692814932304002,2.154518653156691,2.154518653156691,2.692814932304002,2.154518653156691,1.6162223740093618,1.6162223740093618,2.154518653156691,1.6162223740093618,2.154518653156691,2.154518653156691,2.154518653156691,3.231111211451331,3.231111211451331,3.231111211451331,2.692814932304002,2.154518653156691,2.154518653156691,3.231111211451331,3.231111211451331,2.692814932304002,2.692814932304002,2.154518653156691,2.692814932304002,1.6162223740093618,2.154518653156691,1.6162223740093618,2.154518653156691,2.692814932304002,2.154518653156691,2.692814932304002,1.6162223740093618,1.6162223740093618,2.692814932304002,1.6162223740093618,2.692814932304002,2.154518653156691,2.154518653156691,3.231111211451331,3.231111211451331,2.154518653156691,3.231111211451331,2.154518653156691,2.154518653156691,3.231111211451331,3.231111211451331,3.231111211451331,2.154518653156691,3.231111211451331,1.6162223740093618,2.154518653156691,3.231111211451331,2.154518653156691,2.692814932304002,2.154518653156691,2.154518653156691,3.231111211451331,3.231111211451331,3.231111211451331,2.154518653156691,2.154518653156691,2.692814932304002,3.231111211451331,1.6162223740093618,3.231111211451331,1.6162223740093618,1.6162223740093618,2.154518653156691,2.692814932304002,3.231111211451331,2.692814932304002,2.692814932304002,1.6162223740093618,3.231111211451331,2.692814932304002,2.154518653156691,2.154518653156691,1.6162223740093618,2.692814932304002,3.231111211451331,2.692814932304002,2.154518653156691,3.231111211451331,1.6162223740093618,1.6162223740093618,1.6162223740093618,2.154518653156691,2.692814932304002,3.231111211451331,3.231111211451331,2.692814932304002,1.6162223740093618,3.231111211451331,2.154518653156691,3.231111211451331,2.154518653156691,2.692814932304002,2.692814932304002,1.6162223740093618,2.154518653156691,2.692814932304002,2.154518653156691,3.231111211451331,3.231111211451331,2.154518653156691,2.154518653156691,1.6162223740093618,2.692814932304002,2.692814932304002,3.231111211451331,2.154518653156691,2.692814932304002,3.231111211451331,2.692814932304002,2.692814932304002,1.6162223740093618,1.6162223740093618,1.6162223740093618,2.692814932304002,2.154518653156691,2.154518653156691,1.6162223740093618,3.231111211451331,2.692814932304002,1.6162223740093618,3.231111211451331,3.231111211451331,2.692814932304002,1.6162223740093618,3.231111211451331,2.692814932304002,2.154518653156691,2.692814932304002,2.692814932304002,3.231111211451331,3.231111211451331,2.692814932304002,1.6162223740093618,3.231111211451331,2.692814932304002,2.154518653156691,2.154518653156691,2.154518653156691,2.692814932304002,3.231111211451331,1.6162223740093618,1.6162223740093618,3.231111211451331
3.055657657050769,2.5042322003632638,3.055657657050769,2.5042322003632638,1.9528067436757592,3.055657657050769,3.055657657050769,2.5042322003632638,1.9528067436757592,1.9528067436757592,2.5042322003632638,1.9528067436757592,1.9528067436757592,1.9528067436757592,3.055657657050769,3.055657657050769,1.9528067436757592,1.9528067436757592,1.9528067436757592,1.4013812869882543,1.4013812869882543,3.055657657050769,3.055657657050769,1.4013812869882543,1.9528067436757592,1.4013812869882543,1.4013812869882543,1.9528067436757592,1.9528067436757592,1.4013812869882543,2.5042322003632638,1.9528067436757592,1.4013812869882543,3.055657657050769,1.9528067436757592,3.055657657050769,1.9528067436757592,1.9528067436757592,3.055657657050769,2.5042322003632638,2.5042322003632638,1.4013812869882543,3.055657657050769,3.055657657050769,2.5042322003632638,1.4013812869882543,2.5042322003632638,1.9528067436757592,3.055657657050769,2.5042322003632638,1.9528067436757592,2.5042322003632638,3.055657657050769,1.4013812869882543,1.4013812869882543,1.9528067436757592,1.4013812869882543,2.5042322003632638,2.5042322003632638,2.5042322003632638,3.055657657050769,3.055657657050769,3.055657657050769,1.9528067436757592,2.5042322003632638,3.055657657050769,2.5042322003632638,3.055657657050769,1.4013812869882543,1.9528067436757592,1.4013812869882543,1.4013812869882543,2.5042322003632638,1.4013812869882543,2.5042322003632638,1.9528067436757592,2.5042322003632638,2.5042322003632638,3.055657657050769,1.9528067436757592,2.5042322003632638,2.5042322003632638,1.4013812869882543,2.5042322003632638,1.4013812869882543,2.5042322003632638,1.4013812869882543,2.5042322003632638,3.055657657050769,2.5042322003632638,3.055657657050769,1.4013812869882543,1.9528067436757592,2.5042322003632638,1.4013812869882543,2.5042322003632638,3.055657657050769,1.9528067436757592,1.9528067436757592,1.9528067436757592,3.055657657050769,1.9528067436757592,2.5042322003632638,1.4013812869882543,2.5042322003632638,3.055657657050769,1.9528067436757592,3.055657657050769,3.055657657050769,2.5042322003632638,1.4013812869882543,2.5042322003632638,1.4013812869882543,1.9528067436757592,1.9528067436757592,3.055657657050769,2.5042322003632638,3.055657657050769,1.4013812869882543,1.4013812869882543,1.9528067436757592,2.5042322003632638,2.5042322003632638,1.4013812869882543,2.5042322003632638,1.4013812869882543,2.5042322003632638,1.9528067436757592,2.5042322003632638,2.5042322003632638,3.055657657050769,3.055657657050769,3.055657657050769,1.9528067436757592,2.5042322003632638,2.5042322003632638,2.5042322003632638,3.055657657050769,1.4013812869882543,2.5042322003632638,1.4013812869882543,2.5042322003632638,1.9528067436757592,3.055657657050769,1.9528067436757592,1.4013812869882543,2.5042322003632638,1.9528067436757592,1.9528067436757592,3.055657657050769,1.9528067436757592,2.5042322003632638,1.4013812869882543,1.4013812869882543,1.4013812869882543,1.4013812869882543,3.055657657050769,1.9528067436757592,2.5042322003632638,2.5042322003632638,1.9528067436757592,3.055657657050769,3.055657657050769,2.5042322003632638,1.4013812869882543,2.5042322003632638,2.5042322003632638,1.9528067436757592,1.4013812869882543,3.055657657050769,3.055657657050769,3.055657657050769,1.9528067436757592,3.055657657050769,2.5042322003632638,2.5042322003632638,3.055657657050769,3.055657657050769,2.5042322003632638,1.9528067436757592,1.4013812869882543,3.055657657050769,3.055657657050769,1.9528067436757592,3.055657657050769,2.5042322003632638,3.055657657050769,1.4013812869882543,1.4013812869882543,1.4013812869882543,2.5042322003632638,3.055657657050769,3.055657657050769,2.5042322003632638,2.5042322003632638,3.055657657050769,1.9528067436757592,3.055657657050769,3.055657657050769,1.9528067436757592
1.186540199967165,2.880204102650188,2.880204102650188,1.7510948341948274,1.7510948341948274,1.7510948341948274,2.880204102650188,1.7510948341948274,2.315649468422508,1.7510948341948274,1.186540199967165,2.880204102650188,1.186540199967165,2.315649468422508,2.880204102650188,2.315649468422508,1.7510948341948274,2.315649468422508,2.880204102650188,1.186540199967165,2.880204102650188,2.315649468422508,1.186540199967165,1.7510948341948274,1.7510948341948274,2.315649468422508,2.880204102650188,2.315649468422508,2.880204102650188,2.880204102650188,2.880204102650188,1.7510948341948274,1.7510948341948274,2.315649468422508,2.315649468422508,1.186540199967165,1.186540199967165,1.186540199967165,1.7510948341948274,1.7510948341948274,2.315649468422508,2.315649468422508,2.315649468422508,2.880204102650188,1.186540199967165,2.880204102650188,1.186540199967165,2.880204102650188,1.186540199967165,2.880204102650188,2.880204102650188,1.186540199967165,2.880204102650188,1.7510948341948274,1.7510948341948274,2.880204102650188,2.880204102650188,1.186540199967165,2.315649468422508,1.186540199967165,2.880204102650188,1.7510948341948274,1.186540199967165,2.880204102650188,2.315649468422508,1.7510948341948274,1.186540199967165,2.315649468422508,2.880204102650188,2.315649468422508,2.315649468422508,1.7510948341948274,2.880204102650188,2.880204102650188,2.315649468422508,2.880204102650188,2.880204102650188,1.7510948341948274,2.880204102650188,2.315649468422508,1.186540199967165,1.7510948341948274,2.880204102650188,2.880204102650188,2.315649468422508,1.7510948341948274,1.186540199967165,2.315649468422508,2.880204102650188,2.880204102650188,1.186540199967165,1.186540199967165,1.7510948341948274,2.880204102650188,2.315649468422508,1.7510948341948274,1.7510948341948274,1.186540199967165,1.186540199967165,2.880204102650188,1.186540199967165,2.880204102650188,1.186540199967165,2.315649468422508,2.880204102650188,1.7510948341948274,2.880204102650188,1.7510948341948274,1.186540199967165,2.880204102650188,2.880204102650188,2.315649468422508,1.7510948341948274,2.315649468422508,1.186540199967165,2.880204102650188,1.7510948341948274,2.315649468422508,1.186540199967165,1.7510948341948274,1.186540199967165,2.880204102650188,2.315649468422508,1.7510948341948274,1.7510948341948274,1.7510948341948274,2.880204102650188,2.315649468422508,2.315649468422508,1.7510948341948274,2.880204102650188,1.7510948341948274,2.315649468422508,1.186540199967165,2.880204102650188,2.315649468422508,1.186540199967165,2.315649468422508,2.880204102650188,2.315649468422508,2.880204102650188,1.186540199967165,2.880204102650188,2.315649468422508,1.7510948341948274,1.186540199967165,1.7510948341948274,1.7510948341948274,2.880204102650188,1.186540199967165,1.7510948341948274,2.315649468422508,2.880204102650188,2.880204102650188,2.315649468422508,2.880204102650188,2.880204102650188,1.7510948341948274,2.315649468422508,1.7510948341948274,2.315649468422508,1.7510948341948274,2.880204102650188,1.7510948341948274,2.880204102650188,1.186540199967165,1.7510948341948274,2.880204102650188,1.7510948341948274,2.880204102650188,1.7510948341948274,1.7510948341948274,2.315649468422508,1.7510948341948274,2.315649468422508,2.880204102650188,1.7510948341948274,1.186540199967165,1.7510948341948274,2.315649468422508,1.186540199967165,1.186540199967165,2.880204102650188,1.186540199967165,2.880204102650188,2.315649468422508,2.315649468422508,2.315649468422508,1.7510948341948274,1.7510948341948274,1.7510948341948274,2.315649468422508,1.186540199967165,1.7510948341948274,1.7510948341948274,2.315649468422508,2.315649468422508,1.186540199967165,1.7510948341948274,2.880204102650188
2.12706673648177,2.704750548249626,2.704750548249626,2.12706673648177,2.12706673648177,0.9716991129460575,1.5493829247139137,1.5493829247139137,2.704750548249626,0.9716991129460575,2.12706673648177,0.9716991129460575,0.9716991129460575,1.5493829247139137,2.704750548249626,2.12706673648177,1.5493829247139137,1.5493829247139137,0.9716991129460575,2.704750548249626,2.12706673648177,0.9716991129460575,1.5493829247139137,2.704750548249626,1.5493829247139137,2.12706673648177,2.12706673648177,0.9716991129460575,2.704750548249626,2.12706673648177,2.704750548249626,2.704750548249626,1.5493829247139137,2.704750548249626,2.12706673648177,2.704750548249626,2.12706673648177,1.5493829247139137,2.12706673648177,2.704750548249626,1.5493829247139137,2.12706673648177,0.9716991129460575,1.5493829247139137,2.704750548249626,0.9716991129460575,0.9716991129460575,2.12706673648177,0.9716991129460575,0.9716991129460575,2.704750548249626,0.9716991129460575,1.5493829247139137,0.9716991129460575,2.704750548249626,2.704750548249626,2.704750548249626,0.9716991129460575,1.5493829247139137,0.9716991129460575,1.5493829247139137,2.12706673648177,1.5493829247139137,0.9716991129460575,0.9716991129460575,2.704750548249626,1.5493829247139137,1.5493829247139137,2.704750548249626,1.5493829247139137,1.5493829247139137,2.704750548249626,1.5493829247139137,0.9716991129460575,0.9716991129460575,1.5493829247139137,0.9716991129460575,2.12706673648177,0.9716991129460575,0.9716991129460575,1.5493829247139137,0.9716991129460575,0.9716991129460575,0.9716991129460575,1.5493829247139137,0.9716991129460575,0.9716991129460575,0.9716991129460575,1.5493829247139137,1.5493829247139137,0.9716991129460575,0.9716991129460575,0.9716991129460575,1.5493829247139137,1.5493829247139137,0.9716991129460575,1.5493829247139137,1.5493829247139137,2.704750548249626,1.5493829247139137,2.12706673648177,1.5493829247139137,1.5493829247139137,2.704750548249626,2.12706673648177,2.704750548249626,2.12706673648177,0.9716991129460575,2.12706673648177,1.5493829247139137,1.5493829247139137,1.5493829247139137,0.9716991129460575,2.12706673648177,1.5493829247139137,1.5493829247139137,2.12706673648177,2.704750548249626,2.12706673648177,2.704750548249626,2.12706673648177,2.12706673648177,2.12706673648177,2.704750548249626,2.704750548249626,2.704750548249626,1.5493829247139137,2.12706673648177,2.704750548249626,2.12706673648177,1.5493829247139137,2.704750548249626,2.704750548249626,1.5493829247139137,2.704750548249626,2.12706673648177,0.9716991129460575,1.5493829247139137,1.5493829247139137,0.9716991129460575,2.12706673648177,0.9716991129460575,2.12706673648177,2.12706673648177,0.9716991129460575,1.5493829247139137,2.704750548249626,1.5493829247139137,2.12706673648177,2.12706673648177,0.9716991129460575,2.12706673648177,1.5493829247139137,2.12706673648177,0.9716991129460575,0.9716991129460575,1.5493829247139137,2.12706673648177,2.12706673648177,2.12706673648177,1.5493829247139137,1.5493829247139137,0.9716991129460575,2.704750548249626,2.12706673648177,1.5493829247139137,2.704750548249626,2.12706673648177,1.5493829247139137,2.12706673648177,0.9716991129460575,1.5493829247139137,1.5493829247139137,2.12706673648177,0.9716991129460575,1.5493829247139137,0.9716991129460575,2.704750548249626,1.5493829247139137,1.5493829247139137,0.9716991129460575,2.12706673648177,1.5493829247139137,1.5493829247139137,2.704750548249626,1.5493829247139137,2.704750548249626,0.9716991129460575,2.12706673648177,2.704750548249626,2.704750548249626,2.704750548249626,1.5493829247139137,2.12706673648177,0.9716991129460575,2.12706673648177,1.5493829247139137,2.704750548249626,2.12706673648177,2.12706673648177
1.9384840045410139,2.529296993849064,1.9384840045410139,0.7568580259249502,1.347671015232982,0.7568580259249502,1.347671015232982,1.347671015232982,1.9384840045410139,0.7568580259249502,2.529296993849064,1.347671015232982,2.529296993849064,0.7568580259249502,2.529296993849064,1.347671015232982,1.347671015232982,0.7568580259249502,1.9384840045410139,1.9384840045410139,1.9384840045410139,0.7568580259249502,1.347671015232982,1.347671015232982,1.347671015232982,1.9384840045410139,1.9384840045410139,0.7568580259249502,0.7568580259249502,1.9384840045410139,1.347671015232982,1.9384840045410139,1.347671015232982,0.7568580259249502,1.9384840045410139,2.529296993849064,2.529296993849064,0.7568580259249502,0.7568580259249502,0.7568580259249502,1.347671015232982,1.9384840045410139,2.529296993849064,1.347671015232982,2.529296993849064,2.529296993849064,0.7568580259249502,1.347671015232982,2.529296993849064,1.9384840045410139,0.7568580259249502,1.347671015232982,0.7568580259249502,2.529296993849064,2.529296993849064,0.7568580259249502,1.347671015232982,1.9384840045410139,1.347671015232982,2.529296993849064,0.7568580259249502,2.529296993849064,1.9384840045410139,2.529296993849064,2.529296993849064,1.9384840045410139,1.347671015232982,2.529296993849064,0.7568580259249502,1.9384840045410139,1.9384840045410139,1.347671015232982,0.7568580259249502,2.529296993849064,1.347671015232982,1.9384840045410139,0.7568580259249502,1.9384840045410139,2.529296993849064,0.7568580259249502,0.7568580259249502,2.529296993849064,1.9384840045410139,1.9384840045410139,1.347671015232982,2.529296993849064,2.529296993849064,1.9384840045410139,0.7568580259249502,0.7568580259249502,2.529296993849064,2.529296993849064,0.7568580259249502,2.529296993849064,2.529296993849064,2.529296993849064,2.529296993849064,0.7568580259249502,0.7568580259249502,2.529296993849064,2.529296993849064,2.529296993849064,0.7568580259249502,0.7568580259249502,1.347671015232982,1.347671015232982,1.347671015232982,1.347671015232982,1.347671015232982,1.347671015232982,1.347671015232982,1.347671015232982,1.9384840045410139,1.347671015232982,2.529296993849064,1.347671015232982,1.9384840045410139,0.7568580259249502,2.529296993849064,1.9384840045410139,2.529296993849064,0.7568580259249502,0.7568580259249502,0.7568580259249502,2.529296993849064,0.7568580259249502,0.7568580259249502,0.7568580259249502,2.529296993849064,1.9384840045410139,1.347671015232982,0.7568580259249502,0.7568580259249502,1.347671015232982,1.9384840045410139,1.347671015232982,0.7568580259249502,1.9384840045410139,0.7568580259249502,1.9384840045410139,1.9384840045410139,0.7568580259249502,1.347671015232982,0.7568580259249502,0.7568580259249502,0.7568580259249502,0.7568580259249502,2.529296993849064,1.9384840045410139,0.7568580259249502,0.7568580259249502,1.347671015232982,0.7568580259249502,1.9384840045410139,2.529296993849064,1.347671015232982,1.347671015232982,2.529296993849064,2.529296993849064,1.347671015232982,1.9384840045410139,1.9384840045410139,0.7568580259249502,1.347671015232982,1.9384840045410139,1.347671015232982,1.9384840045410139,1.347671015232982,1.347671015232982,1.347671015232982,1.347671015232982,2.529296993849064,0.7568580259249502,1.9384840045410139,1.347671015232982,0.7568580259249502,1.9384840045410139,1.9384840045410139,1.347671015232982,0.7568580259249502,1.9384840045410139,0.7568580259249502,2.529296993849064,1.347671015232982,0.7568580259249502,0.7568580259249502,0.7568580259249502,0.7568580259249502,2.529296993849064,1.347671015232982,0.7568580259249502,1.347671015232982,2.529296993849064,1.9384840045410139,2.529296993849064,0.7568580259249502,1.9384840045410139,1.347671015232982,1.9384840045410139,1.347671015232982
1.1459591057520684,1.1459591057520684,1.1459591057520684,1.1459591057520684,0.5420169389038428,0.5420169389038428,1.1459591057520684,2.3538434394484833,1.7499012726002758,0.5420169389038428,0.5420169389038428,2.3538434394484833,1.7499012726002758,2.3538434394484833,1.7499012726002758,2.3538434394484833,1.1459591057520684,0.5420169389038428,1.7499012726002758,1.1459591057520684,0.5420169389038428,2.3538434394484833,0.5420169389038428,2.3538434394484833,0.5420169389038428,0.5420169389038428,1.7499012726002758,1.7499012726002758,0.5420169389038428,2.3538434394484833,1.1459591057520684,0.5420169389038428,1.7499012726002758,1.1459591057520684,1.7499012726002758,1.1459591057520684,0.5420169389038428,1.7499012726002758,0.5420169389038428,0.5420169389038428,1.7499012726002758,2.3538434394484833,1.1459591057520684,1.1459591057520684,1.7499012726002758,0.5420169389038428,2.3538434394484833,2.3538434394484833,1.1459591057520684,0.5420169389038428,0.5420169389038428,1.7499012726002758,1.1459591057520684,2.3538434394484833,0.5420169389038428,2.3538434394484833,0.5420169389038428,0.5420169389038428,1.1459591057520684,1.7499012726002758,0.5420169389038428,2.3538434394484833,2.3538434394484833,1.7499012726002758,0.5420169389038428,0.5420169389038428,1.1459591057520684,2.3538434394484833,0.5420169389038428,2.3538434394484833,1.7499012726002758,1.7499012726002758,1.1459591057520684,1.7499012726002758,2.3538434394484833,0.5420169389038428,2.3538434394484833,1.1459591057520684,1.7499012726002758,1.7499012726002758,1.1459591057520684,1.1459591057520684,0.5420169389038428,2.3538434394484833,1.7499012726002758,2.3538434394484833,0.5420169389038428,0.5420169389038428,1.7499012726002758,0.5420169389038428,0.5420169389038428,1.7499012726002758,1.1459591057520684,1.7499012726002758,2.3538434394484833,1.7499012726002758,1.7499012726002758,2.3538434394484833,1.1459591057520684,2.3538434394484833,1.7499012726002758,2.3538434394484833,1.7499012726002758,0.5420169389038428,1.1459591057520684,2.3538434394484833,1.1459591057520684,0.5420169389038428,0.5420169389038428,1.7499012726002758,0.5420169389038428,1.7499012726002758,1.7499012726002758,1.7499012726002758,1.7499012726002758,2.3538434394484833,1.1459591057520684,0.5420169389038428,1.1459591057520684,1.7499012726002758,2.3538434394484833,0.5420169389038428,2.3538434394484833,0.5420169389038428,1.1459591057520684,0.5420169389038428,1.7499012726002758,1.7499012726002758,2.3538434394484833,1.7499012726002758,1.7499012726002758,1.1459591057520684,2.3538434394484833,1.1459591057520684,2.3538434394484833,1.1459591057520684,1.1459591057520684,0.5420169389038428,1.1459591057520684,2.3538434394484833,0.5420169389038428,1.7499012726002758,1.7499012726002758,1.7499012726002758,1.1459591057520684,2.3538434394484833,1.7499012726002758,1.7499012726002758,0.5420169389038428,1.7499012726002758,1.7499012726002758,0.5420169389038428,1.1459591057520684,2.3538434394484833,1.7499012726002758,1.1459591057520684,1.1459591057520684,0.5420169389038428,1.1459591057520684,2.3538434394484833,1.1459591057520684,1.1459591057520684,1.7499012726002758,2.3538434394484833,2.3538434394484833,2.3538434394484833,2.3538434394484833,1.1459591057520684,2.3538434394484833,1.7499012726002758,1.7499012726002758,1.7499012726002758,2.3538434394484833,0.5420169389038428,1.1459591057520684,0.5420169389038428,1.7499012726002758,1.7499012726002758,1.7499012726002758,2.3538434394484833,2.3538434394484833,1.1459591057520684,2.3538434394484833,0.5420169389038428,1.1459591057520684,1.1459591057520684,1.7499012726002758,2.3538434394484833,2.3538434394484833,0.5420169389038428,0.5420169389038428,0.5420169389038428,0.5420169389038428,1.7499012726002758,1.7499012726002758,1.1459591057520684,0.5420169389038428,1.1459591057520684,0.5420169389038428,1.7499012726002758
2.1783898850479213,0.9442471962711366,0.9442471962711366,1.5613185406595196,0.3271758518827354,2.1783898850479213,2.1783898850479213,1.5613185406595196,1.5613185406595196,0.3271758518827354,0.3271758518827354,0.9442471962711366,0.3271758518827354,0.3271758518827354,2.1783898850479213,2.1783898850479213,1.5613185406595196,0.3271758518827354,1.5613185406595196,1.5613185406595196,0.9442471962711366,1.5613185406595196,1.5613185406595196,0.3271758518827354,2.1783898850479213,1.5613185406595196,2.1783898850479213,2.1783898850479213,2.1783898850479213,2.1783898850479213,1.5613185406595196,0.3271758518827354,2.1783898850479213,0.9442471962711366,1.5613185406595196,0.9442471962711366,0.9442471962711366,0.3271758518827354,0.3271758518827354,0.3271758518827354,1.5613185406595196,0.9442471962711366,0.3271758518827354,0.3271758518827354,0.3271758518827354,1.5613185406595196,1.5613185406595196,0.3271758518827354,2.1783898850479213,2.1783898850479213,1.5613185406595196,1.5613185406595196,2.1783898850479213,0.3271758518827354,1.5613185406595196,0.9442471962711366,0.9442471962711366,0.3271758518827354,2.1783898850479213,1.5613185406595196,0.9442471962711366,1.5613185406595196,0.9442471962711366,0.9442471962711366,0.3271758518827354,1.5613185406595196,0.3271758518827354,0.9442471962711366,0.9442471962711366,0.3271758518827354,2.1783898850479213,0.3271758518827354,0.3271758518827354,1.5613185406595196,2.1783898850479213,1.5613185406595196,1.5613185406595196,2.1783898850479213,1.5613185406595196,1.5613185406595196,0.9442471962711366,0.9442471962711366,2.1783898850479213,0.9442471962711366,0.9442471962711366,0.3271758518827354,2.1783898850479213,2.1783898850479213,1.5613185406595196,2.1783898850479213,1.5613185406595196,0.9442471962711366,1.5613185406595196,2.1783898850479213,2.1783898850479213,1.5613185406595196,2.1783898850479213,0.9442471962711366,0.3271758518827354,2.1783898850479213,2.1783898850479213,0.9442471962711366,0.3271758518827354,0.9442471962711366,0.9442471962711366,2.1783898850479213,0.3271758518827354,0.3271758518827354,0.9442471962711366,0.9442471962711366,1.5613185406595196,1.5613185406595196,0.3271758518827354,1.5613185406595196,2.1783898850479213,2.1783898850479213,0.9442471962711366,2.1783898850479213,0.3271758518827354,2.1783898850479213,1.5613185406595196,0.9442471962711366,0.3271758518827354,1.5613185406595196,0.3271758518827354,0.3271758518827354,2.1783898850479213,0.9442471962711366,0.9442471962711366,2.1783898850479213,1.5613185406595196,0.3271758518827354,1.5613185406595196,0.9442471962711366,2.1783898850479213,1.5613185406595196,0.9442471962711366,0.9442471962711366,0.3271758518827354,0.9442471962711366,1.5613185406595196,0.9442471962711366,0.9442471962711366,1.5613185406595196,0.3271758518827354,1.5613185406595196,0.9442471962711366,0.3271758518827354,0.9442471962711366,0.3271758518827354,0.9442471962711366,2.1783898850479213,1.5613185406595196,0.3271758518827354,0.3271758518827354,0.3271758518827354,0.3271758518827354,1.5613185406595196,2.1783898850479213,2.1783898850479213,0.3271758518827354,1.5613185406595196,2.1783898850479213,1.5613185406595196,1.5613185406595196,0.3271758518827354,0.3271758518827354,0.9442471962711366,2.1783898850479213,0.3271758518827354,2.1783898850479213,1.5613185406595196,0.9442471962711366,0.9442471962711366,2.1783898850479213,1.5613185406595196,1.5613185406595196,0.9442471962711366,2.1783898850479213,2.1783898850479213,0.3271758518827354,0.9442471962711366,0.9442471962711366,0.3271758518827354,0.3271758518827354,1.5613185406595196,1.5613185406595196,0.9442471962711366,0.9442471962711366,2.1783898850479213,0.3271758518827354,0.3271758518827354,2.1783898850479213,2.1783898850479213,1.5613185406595196,2.1783898850479213,0.3271758518827354,0.3271758518827354,2.1783898850479213,2.1783898850479213
0.11233476486164609,1.3727358087187818,1.3727358087187818,2.002936330647359,2.002936330647359,0.11233476486164609,2.002936330647359,0.7425352867902049,2.002936330647359,0.7425352867902049,1.3727358087187818,0.7425352867902049,1.3727358087187818,0.7425352867902049,2.002936330647359,2.002936330647359,0.7425352867902049,2.002936330647359,1.3727358087187818,0.7425352867902049,0.7425352867902049,1.3727358087187818,0.11233476486164609,1.3727358087187818,1.3727358087187818,0.11233476486164609,2.002936330647359,2.002936330647359,0.11233476486164609,1.3727358087187818,2.002936330647359,0.11233476486164609,1.3727358087187818,0.11233476486164609,0.11233476486164609,1.3727358087187818,1.3727358087187818,0.11233476486164609,2.002936330647359,1.3727358087187818,0.11233476486164609,2.002936330647359,0.11233476486164609,1.3727358087187818,0.11233476486164609,0.7425352867902049,0.11233476486164609,1.3727358087187818,0.7425352867902049,1.3727358087187818,2.002936330647359,0.11233476486164609,0.11233476486164609,0.11233476486164609,0.11233476486164609,1.3727358087187818,2.002936330647359,0.11233476486164609,2.002936330647359,2.002936330647359,1.3727358087187818,1.3727358087187818,1.3727358087187818,1.3727358087187818,0.7425352867902049,2.002936330647359,2.002936330647359,0.11233476486164609,1.3727358087187818,2.002936330647359,2.002936330647359,0.11233476486164609,2.002936330647359,2.002936330647359,0.11233476486164609,0.7425352867902049,0.11233476486164609,0.11233476486164609,2.002936330647359,1.3727358087187818,0.7425352867902049,1.3727358087187818,1.3727358087187818,0.11233476486164609,2.002936330647359,1.3727358087187818,1.3727358087187818,0.11233476486164609,1.3727358087187818,2.002936330647359,0.11233476486164609,0.7425352867902049,2.002936330647359,0.7425352867902049,2.002936330647359,1.3727358087187818,2.002936330647359,0.11233476486164609,0.7425352867902049,0.7425352867902049,1.3727358087187818,0.7425352867902049,1.3727358087187818,0.11233476486164609,0.7425352867902049,1.3727358087187818,0.7425352867902049,1.3727358087187818,1.3727358087187818,0.7425352867902049,2.002936330647359,0.7425352867902049,0.11233476486164609,0.7425352867902049,0.7425352867902049,1.3727358087187818,2.002936330647359,1.3727358087187818,0.11233476486164609,0.11233476486164609,0.7425352867902049,0.11233476486164609,0.7425352867902049,0.11233476486164609,1.3727358087187818,1.3727358087187818,2.002936330647359,1.3727358087187818,0.11233476486164609,1.3727358087187818,0.11233476486164609,1.3727358087187818,0.11233476486164609,1.3727358087187818,1.3727358087187818,0.7425352867902049,0.11233476486164609,2.002936330647359,1.3727358087187818,0.7425352867902049,0.7425352867902049,1.3727358087187818,0.7425352867902049,2.002936330647359,0.11233476486164609,1.3727358087187818,0.7425352867902049,2.002936330647359,1.3727358087187818,0.11233476486164609,0.11233476486164609,1.3727358087187818,1.3727358087187818,0.7425352867902049,1.3727358087187818,1.3727358087187818,1.3727358087187818,0.11233476486164609,2.002936330647359,2.002936330647359,0.11233476486164609,0.7425352867902049,0.7425352867902049,0.7425352867902049,0.7425352867902049,0.7425352867902049,0.11233476486164609,1.3727358087187818,0.11233476486164609,0.7425352867902049,0.11233476486164609,2.002936330647359,0.11233476486164609,0.7425352867902049,2.002936330647359,2.002936330647359,0.11233476486164609,1.3727358087187818,0.7425352867902049,2.002936330647359,0.7425352867902049,0.7425352867902049,0.7425352867902049,2.002936330647359,0.11233476486164609,0.11233476486164609,1.3727358087187818,2.002936330647359,2.002936330647359,1.3727358087187818,0.11233476486164609,0.7425352867902049,0.7425352867902049,0.11233476486164609,0.11233476486164609,2.002936330647359,0.11233476486164609,0.11233476486164609,1.3727358087187818,1.3727358087187818
-0.10250632215946132,0.5408233773092913,1.1841530767780257,-0.10250632215946132,1.1841530767780257,1.1841530767780257,1.8274827762467785,-0.10250632215946132,1.8274827762467785,0.5408233773092913,1.1841530767780257,0.5408233773092913,0.5408233773092913,-0.10250632215946132,-0.10250632215946132,0.5408233773092913,-0.10250632215946132,1.8274827762467785,1.1841530767780257,0.5408233773092913,1.8274827762467785,0.5408233773092913,1.8274827762467785,0.5408233773092913,1.8274827762467785,1.8274827762467785,1.1841530767780257,1.8274827762467785,1.8274827762467785,1.1841530767780257,0.5408233773092913,-0.10250632215946132,1.1841530767780257,1.1841530767780257,0.5408233773092913,1.1841530767780257,1.8274827762467785,-0.10250632215946132,-0.10250632215946132,1.8274827762467785,-0.10250632215946132,1.1841530767780257,0.5408233773092913,1.1841530767780257,1.8274827762467785,0.5408233773092913,1.8274827762467785,-0.10250632215946132,-0.10250632215946132,-0.10250632215946132,1.1841530767780257,0.5408233773092913,-0.10250632215946132,0.5408233773092913,1.8274827762467785,0.5408233773092913,-0.10250632215946132,-0.10250632215946132,1.1841530767780257,0.5408233773092913,1.1841530767780257,1.8274827762467785,1.8274827762467785,1.1841530767780257,-0.10250632215946132,1.8274827762467785,1.8274827762467785,1.1841530767780257,1.1841530767780257,-0.10250632215946132,0.5408233773092913,-0.10250632215946132,1.8274827762467785,1.1841530767780257,0.5408233773092913,-0.10250632215946132,-0.10250632215946132,1.8274827762467785,0.5408233773092913,1.8274827762467785,0.5408233773092913,-0.10250632215946132,1.8274827762467785,1.1841530767780257,-0.10250632215946132,0.5408233773092913,1.8274827762467785,1.8274827762467785,-0.10250632215946132,1.1841530767780257,0.5408233773092913,0.5408233773092913,1.8274827762467785,0.5408233773092913,-0.10250632215946132,0.5408233773092913,-0.10250632215946132,-0.10250632215946132,0.5408233773092913,1.1841530767780257,1.8274827762467785,0.5408233773092913,1.8274827762467785,1.8274827762467785,-0.10250632215946132,1.8274827762467785,1.8274827762467785,1.8274827762467785,1.1841530767780257,1.8274827762467785,1.1841530767780257,-0.10250632215946132,-0.10250632215946132,1.8274827762467785,0.5408233773092913,1.1841530767780257,1.1841530767780257,-0.10250632215946132,0.5408233773092913,-0.10250632215946132,0.5408233773092913,-0.10250632215946132,1.1841530767780257,1.8274827762467785,0.5408233773092913,1.1841530767780257,1.1841530767780257,1.8274827762467785,0.5408233773092913,-0.10250632215946132,1.1841530767780257,-0.10250632215946132,1.8274827762467785,-0.10250632215946132,0.5408233773092913,0.5408233773092913,1.8274827762467785,0.5408233773092913,-0.10250632215946132,-0.10250632215946132,1.8274827762467785,1.8274827762467785,1.8274827762467785,1.1841530767780257,1.1841530767780257,-0.10250632215946132,1.1841530767780257,1.8274827762467785,0.5408233773092913,0.5408233773092913,0.5408233773092913,-0.10250632215946132,1.8274827762467785,1.8274827762467785,1.8274827762467785,-0.10250632215946132,0.5408233773092913,0.5408233773092913,1.1841530767780257,-0.10250632215946132,1.1841530767780257,-0.10250632215946132,1.1841530767780257,1.8274827762467785,0.5408233773092913,-0.10250632215946132,1.8274827762467785,-0.10250632215946132,1.1841530767780257,-0.10250632215946132,1.1841530767780257,0.5408233773092913,0.5408233773092913,-0.10250632215946132,0.5408233773092913,-0.10250632215946132,1.1841530767780257,0.5408233773092913,1.1841530767780257,1.8274827762467785,1.8274827762467785,1.1841530767780257,0.5408233773092913,-0.10250632215946132,1.1841530767780257,1.1841530767780257,1.8274827762467785,0.5408233773092913,1.8274827762467785,0.5408233773092913,1.8274827762467785,-0.10250632215946132,0.5408233773092913,1.1841530767780257,-0.10250632215946132,-0.10250632215946132,1.8274827762467785,1.8274827762467785,1.1841530767780257,-0.10250632215946132
-0.3173474091805687,1.652029221846216,0.33911146782835955,0.33911146782835955,-0.3173474091805687,1.652029221846216,1.652029221846216,-0.3173474091805687,-0.3173474091805687,0.9955703448372877,-0.3173474091805687,-0.3173474091805687,0.33911146782835955,1.652029221846216,0.9955703448372877,-0.3173474091805687,0.9955703448372877,1.652029221846216,0.33911146782835955,0.33911146782835955,0.9955703448372877,0.9955703448372877,-0.3173474091805687,-0.3173474091805687,0.9955703448372877,-0.3173474091805687,-0.3173474091805687,1.652029221846216,-0.3173474091805687,0.9955703448372877,0.33911146782835955,0.9955703448372877,0.9955703448372877,0.33911146782835955,1.652029221846216,0.9955703448372877,0.9955703448372877,-0.3173474091805687,0.9955703448372877,0.33911146782835955,0.9955703448372877,-0.3173474091805687,-0.3173474091805687,0.9955703448372877,0.9955703448372877,0.33911146782835955,1.652029221846216,1.652029221846216,-0.3173474091805687,0.33911146782835955,0.33911146782835955,-0.3173474091805687,1.652029221846216,-0.3173474091805687,-0.3173474091805687,0.9955703448372877,1.652029221846216,-0.3173474091805687,1.652029221846216,-0.3173474091805687,0.33911146782835955,0.33911146782835955,-0.3173474091805687,0.9955703448372877,1.652029221846216,0.9955703448372877,1.652029221846216,0.33911146782835955,1.652029221846216,-0.3173474091805687,-0.3173474091805687,1.652029221846216,-0.3173474091805687,-0.3173474091805687,-0.3173474091805687,-0.3173474091805687,-0.3173474091805687,1.652029221846216,1.652029221846216,0.9955703448372877,0.33911146782835955,-0.3173474091805687,0.33911146782835955,0.33911146782835955,1.652029221846216,0.33911146782835955,0.33911146782835955,1.652029221846216,1.652029221846216,0.33911146782835955,0.33911146782835955,1.652029221846216,0.9955703448372877,-0.3173474091805687,-0.3173474091805687,1.652029221846216,0.9955703448372877,-0.3173474091805687,0.9955703448372877,-0.3173474091805687,0.33911146782835955,0.9955703448372877,1.652029221846216,1.652029221846216,1.652029221846216,0.33911146782835955,1.652029221846216,0.9955703448372877,1.652029221846216,1.652029221846216,0.9955703448372877,1.652029221846216,0.33911146782835955,0.9955703448372877,1.652029221846216,-0.3173474091805687,1.652029221846216,1.652029221846216,0.9955703448372877,0.9955703448372877,0.9955703448372877,1.652029221846216,0.33911146782835955,0.33911146782835955,0.33911146782835955,0.9955703448372877,1.652029221846216,1.652029221846216,-0.3173474091805687,0.33911146782835955,0.33911146782835955,0.9955703448372877,-0.3173474091805687,0.33911146782835955,-0.3173474091805687,-0.3173474091805687,0.9955703448372877,0.33911146782835955,0.33911146782835955,0.33911146782835955,-0.3173474091805687,1.652029221846216,1.652029221846216,-0.3173474091805687,0.33911146782835955,-0.3173474091805687,0.9955703448372877,0.33911146782835955,0.9955703448372877,1.652029221846216,0.33911146782835955,0.9955703448372877,0.9955703448372877,0.33911146782835955,-0.3173474091805687,0.9955703448372877,1.652029221846216,0.33911146782835955,-0.3173474091805687,-0.3173474091805687,-0.3173474091805687,0.33911146782835955,1.652029221846216,0.9955703448372877,0.33911146782835955,0.9955703448372877,1.652029221846216,0.9955703448372877,1.652029221846216,-0.3173474091805687,-0.3173474091805687,1.652029221846216,1.652029221846216,0.9955703448372877,-0.3173474091805687,0.33911146782835955,0.33911146782835955,0.9955703448372877,1.652029221846216,1.652029221846216,0.33911146782835955,0.9955703448372877,0.9955703448372877,-0.3173474091805687,1.652029221846216,1.652029221846216,-0.3173474091805687,0.9955703448372877,0.9955703448372877,-0.3173474091805687,0.9955703448372877,0.9955703448372877,0.9955703448372877,0.9955703448372877,1.652029221846216,-0.3173474091805687,1.652029221846216,-0.3173474091805687,0.33911146782835955,0.9955703448372877
-0.5321884962016761,0.13739955834742779,-0.5321884962016761,0.13739955834742779,1.4765756674456538,0.8069876128965499,0.8069876128965499,1.4765756674456538,-0.5321884962016761,1.4765756674456538,0.13739955834742779,-0.5321884962016761,0.8069876128965499,0.13739955834742779,-0.5321884962016761,0.13739955834742779,-0.5321884962016761,0.8069876128965499,-0.5321884962016761,1.4765756674456538,1.4765756674456538,-0.5321884962016761,-0.5321884962016761,0.13739955834742779,0.13739955834742779,0.13739955834742779,0.13739955834742779,1.4765756674456538,0.13739955834742779,0.13739955834742779,1.4765756674456538,0.8069876128965499,0.13739955834742779,1.4765756674456538,1.4765756674456538,-0.5321884962016761,0.13739955834742779,1.4765756674456538,1.4765756674456538,1.4765756674456538,1.4765756674456538,0.8069876128965499,0.13739955834742779,-0.5321884962016761,0.8069876128965499,0.13739955834742779,0.8069876128965499,1.4765756674456538,-0.5321884962016761,0.8069876128965499,-0.5321884962016761,0.8069876128965499,0.13739955834742779,0.8069876128965499,-0.5321884962016761,0.8069876128965499,-0.5321884962016761,-0.5321884962016761,-0.5321884962016761,-0.5321884962016761,0.8069876128965499,1.4765756674456538,0.13739955834742779,-0.5321884962016761,0.13739955834742779,1.4765756674456538,0.13739955834742779,-0.5321884962016761,0.13739955834742779,0.13739955834742779,1.4765756674456538,-0.5321884962016761,1.4765756674456538,1.4765756674456538,-0.5321884962016761,0.13739955834742779,0.13739955834742779,1.4765756674456538,1.4765756674456538,1.4765756674456538,-0.5321884962016761,0.8069876128965499,-0.5321884962016761,1.4765756674456538,1.4765756674456538,-0.5321884962016761,0.8069876128965499,0.8069876128965499,0.13739955834742779,0.13739955834742779,-0.5321884962016761,0.8069876128965499,0.13739955834742779,-0.5321884962016761,-0.5321884962016761,-0.5321884962016761,0.13739955834742779,0.13739955834742779,1.4765756674456538,-0.5321884962016761,-0.5321884962016761,0.8069876128965499,1.4765756674456538,0.8069876128965499,-0.5321884962016761,1.4765756674456538,0.13739955834742779,0.13739955834742779,-0.5321884962016761,0.13739955834742779,1.4765756674456538,0.8069876128965499,0.13739955834742779,-0.5321884962016761,0.13739955834742779,-0.5321884962016761,1.4765756674456538,1.4765756674456538,0.8069876128965499,1.4765756674456538,1.4765756674456538,-0.5321884962016761,-0.5321884962016761,0.8069876128965499,0.13739955834742779,0.8069876128965499,1.4765756674456538,-0.5321884962016761,0.8069876128965499,-0.5321884962016761,-0.5321884962016761,-0.5321884962016761,0.13739955834742779,0.8069876128965499,1.4765756674456538,0.13739955834742779,-0.5321884962016761,0.13739955834742779,-0.5321884962016761,1.4765756674456538,0.8069876128965499,0.13739955834742779,-0.5321884962016761,-0.5321884962016761,0.13739955834742779,0.13739955834742779,0.8069876128965499,-0.5321884962016761,1.4765756674456538,-0.5321884962016761,0.8069876128965499,-0.5321884962016761,0.8069876128965499,0.13739955834742779,-0.5321884962016761,0.8069876128965499,-0.5321884962016761,-0.5321884962016761,0.8069876128965499,1.4765756674456538,1.4765756674456538,1.4765756674456538,0.13739955834742779,1.4765756674456538,1.4765756674456538,1.4765756674456538,0.8069876128965499,-0.5321884962016761,0.8069876128965499,-0.5321884962016761,0.13739955834742779,0.13739955834742779,0.13739955834742779,0.13739955834742779,0.13739955834742779,-0.5321884962016761,0.8069876128965499,-0.5321884962016761,-0.5321884962016761,1.4765756674456538,0.13739955834742779,0.8069876128965499,0.8069876128965499,0.8069876128965499,-0.5321884962016761,0.8069876128965499,1.4765756674456538,-0.5321884962016761,0.13739955834742779,0.13739955834742779,0.8069876128965499,0.13739955834742779,-0.5321884962016761,0.13739955834742779,0.8069876128965499,1.4765756674456538,1.4765756674456538,-0.5321884962016761,0.13739955834742779,0.13739955834742779
1.3011221130450734,-0.06431235113348585,-0.7470295832227836,0.6184048809557937,1.3011221130450734,-0.06431235113348585,-0.06431235113348585,-0.7470295832227836,-0.06431235113348585,1.3011221130450734,1.3011221130450734,-0.7470295832227836,0.6184048809557937,0.6184048809557937,-0.7470295832227836,0.6184048809557937,0.6184048809557937,1.3011221130450734,-0.06431235113348585,-0.7470295832227836,-0.06431235113348585,-0.7470295832227836,1.3011221130450734,-0.06431235113348585,1.3011221130450734,0.6184048809557937,1.3011221130450734,1.3011221130450734,-0.06431235113348585,-0.06431235113348585,-0.7470295832227836,1.3011221130450734,-0.06431235113348585,-0.06431235113348585,-0.06431235113348585,-0.7470295832227836,-0.7470295832227836,-0.06431235113348585,0.6184048809557937,1.3011221130450734,1.3011221130450734,1.3011221130450734,-0.06431235113348585,0.6184048809557937,0.6184048809557937,1.3011221130450734,-0.06431235113348585,0.6184048809557937,0.6184048809557937,-0.06431235113348585,-0.06431235113348585,0.6184048809557937,-0.06431235113348585,-0.7470295832227836,-0.06431235113348585,-0.7470295832227836,-0.7470295832227836,-0.06431235113348585,0.6184048809557937,-0.7470295832227836,0.6184048809557937,-0.06431235113348585,-0.7470295832227836,-0.06431235113348585,0.6184048809557937,-0.7470295832227836,0.6184048809557937,-0.7470295832227836,-0.7470295832227836,-0.7470295832227836,-0.06431235113348585,1.3011221130450734,0.6184048809557937,0.6184048809557937,0.6184048809557937,-0.7470295832227836,1.3011221130450734,-0.06431235113348585,-0.06431235113348585,-0.06431235113348585,-0.7470295832227836,-0.06431235113348585,-0.06431235113348585,-0.06431235113348585,0.6184048809557937,0.6184048809557937,0.6184048809557937,-0.7470295832227836,-0.06431235113348585,0.6184048809557937,-0.7470295832227836,1.3011221130450734,0.6184048809557937,-0.7470295832227836,-0.7470295832227836,0.6184048809557937,1.3011221130450734,0.6184048809557937,-0.7470295832227836,-0.06431235113348585,0.6184048809557937,-0.7470295832227836,-0.06431235113348585,-0.7470295832227836,-0.06431235113348585,1.3011221130450734,-0.06431235113348585,0.6184048809557937,1.3011221130450734,0.6184048809557937,-0.06431235113348585,1.3011221130450734,1.3011221130450734,-0.7470295832227836,1.3011221130450734,-0.7470295832227836,-0.06431235113348585,-0.7470295832227836,0.6184048809557937,-0.06431235113348585,-0.7470295832227836,0.6184048809557937,0.6184048809557937,0.6184048809557937,0.6184048809557937,-0.06431235113348585,1.3011221130450734,-0.06431235113348585,0.6184048809557937,-0.7470295832227836,1.3011221130450734,0.6184048809557937,1.3011221130450734,-0.06431235113348585,-0.06431235113348585,-0.06431235113348585,-0.7470295832227836,0.6184048809557937,0.6184048809557937,0.6184048809557937,1.3011221130450734,-0.06431235113348585,-0.7470295832227836,0.6184048809557937,0.6184048809557937,-0.7470295832227836,1.3011221130450734,-0.06431235113348585,0.6184048809557937,0.6184048809557937,-0.06431235113348585,1.3011221130450734,-0.06431235113348585,0.6184048809557937,-0.7470295832227836,0.6184048809557937,-0.06431235113348585,-0.06431235113348585,1.3011221130450734,-0.06431235113348585,0.6184048809557937,-0.06431235113348585,0.6184048809557937,-0.7470295832227836,-0.7470295832227836,1.3011221130450734,-0.06431235113348585,-0.7470295832227836,-0.06431235113348585,0.6184048809557937,0.6184048809557937,-0.06431235113348585,0.6184048809557937,-0.06431235113348585,0.6184048809557937,0.6184048809557937,-0.7470295832227836,-0.7470295832227836,-0.06431235113348585,-0.06431235113348585,0.6184048809557937,0.6184048809557937,-0.7470295832227836,0.6184048809557937,-0.7470295832227836,-0.7470295832227836,1.3011221130450734,-0.06431235113348585,0.6184048809557937,-0.06431235113348585,0.6184048809557937,-0.06431235113348585,-0.06431235113348585,0.6184048809557937,-0.06431235113348585,-0.7470295832227836,-0.7470295832227836,-0.7470295832227836,0.6184048809557937,-0.06431235113348585
-0.2660242606144176,-0.2660242606144176,1.125668558644511,0.4298221490150558,-0.9618706702438728,-0.9618706702438728,-0.9618706702438728,-0.2660242606144176,-0.2660242606144176,-0.2660242606144176,-0.9618706702438728,-0.2660242606144176,0.4298221490150558,-0.9618706702438728,0.4298221490150558,0.4298221490150558,0.4298221490150558,0.4298221490150558,1.125668558644511,-0.9618706702438728,0.4298221490150558,-0.2660242606144176,-0.2660242606144176,0.4298221490150558,0.4298221490150558,1.125668558644511,0.4298221490150558,-0.9618706702438728,0.4298221490150558,-0.2660242606144176,-0.2660242606144176,-0.2660242606144176,-0.9618706702438728,-0.9618706702438728,0.4298221490150558,1.125668558644511,1.125668558644511,-0.9618706702438728,-0.9618706702438728,-0.9618706702438728,-0.2660242606144176,1.125668558644511,0.4298221490150558,-0.9618706702438728,1.125668558644511,0.4298221490150558,0.4298221490150558,0.4298221490150558,0.4298221490150558,-0.2660242606144176,-0.9618706702438728,-0.2660242606144176,1.125668558644511,-0.9618706702438728,0.4298221490150558,0.4298221490150558,1.125668558644511,0.4298221490150558,0.4298221490150558,0.4298221490150558,-0.2660242606144176,0.4298221490150558,0.4298221490150558,-0.2660242606144176,-0.2660242606144176,1.125668558644511,-0.9618706702438728,0.4298221490150558,1.125668558644511,-0.9618706702438728,0.4298221490150558,1.125668558644511,1.125668558644511,-0.2660242606144176,0.4298221490150558,-0.2660242606144176,-0.2660242606144176,-0.2660242606144176,-0.9618706702438728,0.4298221490150558,-0.2660242606144176,-0.9618706702438728,-0.2660242606144176,-0.2660242606144176,-0.2660242606144176,-0.2660242606144176,-0.2660242606144176,1.125668558644511,1.125668558644511,1.125668558644511,-0.2660242606144176,-0.9618706702438728,-0.9618706702438728,-0.2660242606144176,-0.2660242606144176,1.125668558644511,-0.2660242606144176,-0.9618706702438728,-0.2660242606144176,1.125668558644511,-0.9618706702438728,-0.2660242606144176,0.4298221490150558,1.125668558644511,1.125668558644511,-0.2660242606144176,-0.2660242606144176,0.4298221490150558,0.4298221490150558,0.4298221490150558,-0.2660242606144176,-0.9618706702438728,-0.2660242606144176,-0.2660242606144176,0.4298221490150558,1.125668558644511,1.125668558644511,0.4298221490150558,-0.2660242606144176,-0.9618706702438728,1.125668558644511,0.4298221490150558,-0.2660242606144176,1.125668558644511,0.4298221490150558,1.125668558644511,-0.2660242606144176,1.125668558644511,-0.9618706702438728,1.125668558644511,0.4298221490150558,-0.9618706702438728,-0.2660242606144176,-0.9618706702438728,0.4298221490150558,1.125668558644511,0.4298221490150558,-0.2660242606144176,-0.9618706702438728,-0.9618706702438728,1.125668558644511,-0.9618706702438728,1.125668558644511,-0.9618706702438728,-0.2660242606144176,-0.9618706702438728,-0.9618706702438728,-0.2660242606144176,0.4298221490150558,1.125668558644511,-0.2660242606144176,1.125668558644511,-0.9618706702438728,-0.2660242606144176,0.4298221490150558,-0.9618706702438728,1.125668558644511,-0.2660242606144176,-0.2660242606144176,0.4298221490150558,-0.9618706702438728,-0.9618706702438728,1.125668558644511,-0.9618706702438728,1.125668558644511,1.125668558644511,0.4298221490150558,-0.9618706702438728,-0.9618706702438728,-0.2660242606144176,0.4298221490150558,0.4298221490150558,1.125668558644511,0.4298221490150558,0.4298221490150558,0.4298221490150558,-0.2660242606144176,1.125668558644511,-0.9618706702438728,-0.9618706702438728,-0.2660242606144176,0.4298221490150558,-0.9618706702438728,0.4298221490150558,-0.2660242606144176,-0.9618706702438728,-0.2660242606144176,1.125668558644511,-0.2660242606144176,0.4298221490150558,-0.2660242606144176,0.4298221490150558,0.4298221490150558,-0.2660242606144176,-0.2660242606144176,0.4298221490150558,1.125668558644511,-0.2660242606144176,1.125668558644511,1.125668558644511
0.24123941707429966,0.9502150042439487,-1.1767117572649803,0.24123941707429966,0.9502150042439487,-1.1767117572649803,-1.1767117572649803,-0.46773617009534935,0.24123941707429966,-1.1767117572649803,-1.1767117572649803,0.9502150042439487,0.24123941707429966,-0.46773617009534935,-1.1767117572649803,0.9502150042439487,-1.1767117572649803,-1.1767117572649803,-1.1767117572649803,-1.1767117572649803,-0.46773617009534935,-1.1767117572649803,-0.46773617009534935,0.24123941707429966,-1.1767117572649803,-0.46773617009534935,0.9502150042439487,-0.46773617009534935,-0.46773617009534935,-1.1767117572649803,0.24123941707429966,-1.1767117572649803,0.9502150042439487,-0.46773617009534935,-1.1767117572649803,-1.1767117572649803,0.9502150042439487,0.9502150042439487,0.24123941707429966,-0.46773617009534935,0.24123941707429966,-1.1767117572649803,-0.46773617009534935,0.9502150042439487,-0.46773617009534935,0.9502150042439487,0.24123941707429966,-0.46773617009534935,0.24123941707429966,-0.46773617009534935,-1.1767117572649803,-0.46773617009534935,0.24123941707429966,-1.1767117572649803,-0.46773617009534935,-1.1767117572649803,0.9502150042439487,0.9502150042439487,0.9502150042439487,-0.46773617009534935,-1.1767117572649803,-0.46773617009534935,-1.1767117572649803,-0.46773617009534935,0.9502150042439487,0.24123941707429966,0.9502150042439487,-0.46773617009534935,0.24123941707429966,0.24123941707429966,0.24123941707429966,0.24123941707429966,-0.46773617009534935,0.24123941707429966,-0.46773617009534935,0.24123941707429966,-1.1767117572649803,-1.1767117572649803,-0.46773617009534935,0.9502150042439487,-0.46773617009534935,0.9502150042439487,0.24123941707429966,-0.46773617009534935,-0.46773617009534935,-1.1767117572649803,0.24123941707429966,-1.1767117572649803,0.9502150042439487,-0.46773617009534935,0.24123941707429966,0.9502150042439487,-1.1767117572649803,-0.46773617009534935,0.24123941707429966,-0.46773617009534935,-0.46773617009534935,0.24123941707429966,0.9502150042439487,0.24123941707429966,0.24123941707429966,0.9502150042439487,0.9502150042439487,-1.1767117572649803,0.24123941707429966,-0.46773617009534935,0.24123941707429966,0.24123941707429966,0.9502150042439487,0.9502150042439487,0.24123941707429966,0.24123941707429966,0.24123941707429966,-0.46773617009534935,-0.46773617009534935,-0.46773617009534935,0.9502150042439487,-1.1767117572649803,-1.1767117572649803,0.24123941707429966,0.24123941707429966,-1.1767117572649803,-0.46773617009534935,0.9502150042439487,-0.46773617009534935,0.24123941707429966,0.24123941707429966,-1.1767117572649803,-1.1767117572649803,0.9502150042439487,0.9502150042439487,0.24123941707429966,0.9502150042439487,0.9502150042439487,-1.1767117572649803,0.9502150042439487,-1.1767117572649803,-1.1767117572649803,-1.1767117572649803,0.24123941707429966,-1.1767117572649803,0.24123941707429966,0.24123941707429966,-1.1767117572649803,0.24123941707429966,-1.1767117572649803,0.24123941707429966,-1.1767117572649803,-0.46773617009534935,0.24123941707429966,0.9502150042439487,0.24123941707429966,-1.1767117572649803,0.24123941707429966,0.24123941707429966,0.24123941707429966,0.24123941707429966,-0.46773617009534935,0.9502150042439487,0.9502150042439487,0.24123941707429966,-0.46773617009534935,-0.46773617009534935,-1.1767117572649803,0.9502150042439487,-1.1767117572649803,-1.1767117572649803,0.24123941707429966,0.9502150042439487,0.24123941707429966,0.24123941707429966,0.24123941707429966,-1.1767117572649803,0.9502150042439487,-1.1767117572649803,-1.1767117572649803,0.9502150042439487,0.9502150042439487,-0.46773617009534935,-1.1767117572649803,-1.1767117572649803,0.9502150042439487,-1.1767117572649803,0.24123941707429966,-0.46773617009534935,-1.1767117572649803,0.9502150042439487,-0.46773617009534935,0.24123941707429966,0.24123941707429966,-0.46773617009534935,-0.46773617009534935,0.9502150042439487,0.9502150042439487,-0.46773617009534935,0.24123941707429966,-0.46773617009534935,-0.46773617009534935,-0.46773617009534935,-0.46773617009534935
-0.669448079576263,0.7747614498433684,0.052656685133561705,0.7747614498433684,0.052656685133561705,0.052656685133561705,0.7747614498433684,0.052656685133561705,-1.3915528442860876,-1.3915528442860876,-0.669448079576263,-1.3915528442860876,0.052656685133561705,0.7747614498433684,-1.3915528442860876,-1.3915528442860876,-1.3915528442860876,-0.669448079576263,-0.669448079576263,-1.3915528442860876,0.7747614498433684,0.7747614498433684,-1.3915528442860876,-1.3915528442860876,0.7747614498433684,-1.3915528442860876,-1.3915528442860876,0.052656685133561705,0.7747614498433684,0.7747614498433684,-1.3915528442860876,-1.3915528442860876,-1.3915528442860876,0.052656685133561705,-1.3915528442860876,0.7747614498433684,0.052656685133561705,-0.669448079576263,-1.3915528442860876,-0.669448079576263,0.7747614498433684,-0.669448079576263,-0.669448079576263,0.052656685133561705,-0.669448079576263,0.7747614498433684,0.7747614498433684,0.052656685133561705,-1.3915528442860876,-0.669448079576263,0.052656685133561705,0.7747614498433684,0.052656685133561705,-0.669448079576263,-0.669448079576263,-1.3915528442860876,0.7747614498433684,0.7747614498433684,-0.669448079576263,0.052656685133561705,0.7747614498433684,-0.669448079576263,0.052656685133561705,0.7747614498433684,0.052656685133561705,0.052656685133561705,-1.3915528442860876,0.052656685133561705,-1.3915528442860876,-1.3915528442860876,0.7747614498433684,0.7747614498433684,-0.669448079576263,-0.669448079576263,0.7747614498433684,-0.669448079576263,0.7747614498433684,0.052656685133561705,0.052656685133561705,0.052656685133561705,0.052656685133561705,-1.3915528442860876,0.052656685133561705,-1.3915528442860876,-1.3915528442860876,-0.669448079576263,0.7747614498433684,-0.669448079576263,0.052656685133561705,-1.3915528442860876,0.7747614498433684,0.7747614498433684,-0.669448079576263,0.052656685133561705,0.7747614498433684,0.052656685133561705,-1.3915528442860876,0.052656685133561705,0.052656685133561705,-0.669448079576263,0.7747614498433684,0.052656685133561705,0.7747614498433684,0.7747614498433684,-1.3915528442860876,-1.3915528442860876,0.052656685133561705,0.7747614498433684,0.7747614498433684,-1.3915528442860876,-0.669448079576263,0.7747614498433684,-1.3915528442860876,0.052656685133561705,0.052656685133561705,0.7747614498433684,0.052656685133561705,-1.3915528442860876,0.052656685133561705,0.7747614498433684,-0.669448079576263,-1.3915528442860876,-1.3915528442860876,-0.669448079576263,0.052656685133561705,-0.669448079576263,-1.3915528442860876,0.7747614498433684,-1.3915528442860876,0.052656685133561705,0.052656685133561705,-1.3915528442860876,-1.3915528442860876,-1.3915528442860876,0.7747614498433684,0.052656685133561705,0.7747614498433684,-1.3915528442860876,0.052656685133561705,-0.669448079576263,0.7747614498433684,-0.669448079576263,0.052656685133561705,0.052656685133561705,0.052656685133561705,-1.3915528442860876,0.052656685133561705,0.052656685133561705,-1.3915528442860876,0.7747614498433684,-1.3915528442860876,-0.669448079576263,0.052656685133561705,-0.669448079576263,-0.669448079576263,-1.3915528442860876,-1.3915528442860876,0.052656685133561705,0.052656685133561705,0.7747614498433684,-1.3915528442860876,0.052656685133561705,-0.669448079576263,-0.669448079576263,0.052656685133561705,-1.3915528442860876,0.7747614498433684,0.7747614498433684,-1.3915528442860876,0.052656685133561705,0.052656685133561705,0.7747614498433684,0.052656685133561705,0.052656685133561705,-0.669448079576263,0.052656685133561705,-0.669448079576263,-1.3915528442860876,0.7747614498433684,-1.3915528442860876,-0.669448079576263,0.7747614498433684,-1.3915528442860876,0.052656685133561705,-0.669448079576263,0.052656685133561705,-0.669448079576263,0.052656685133561705,-0.669448079576263,0.7747614498433684,-0.669448079576263,-1.3915528442860876,-0.669448079576263,-1.3915528442860876,-0.669448079576263,0.052656685133561705,0.7747614498433684,-0.669448079576263,0.7747614498433684,0.7747614498433684
-0.8711599890571946,0.5993078954428059,-0.13592604680719436,-0.8711599890571946,0.5993078954428059,0.5993078954428059,-1.6063939313071949,0.5993078954428059,-1.6063939313071949,-1.6063939313071949,-1.6063939313071949,-0.8711599890571946,0.5993078954428059,-1.6063939313071949,-0.8711599890571946,0.5993078954428059,-1.6063939313071949,0.5993078954428059,0.5993078954428059,-0.13592604680719436,-0.13592604680719436,-0.8711599890571946,-0.13592604680719436,0.5993078954428059,-1.6063939313071949,0.5993078954428059,-0.8711599890571946,0.5993078954428059,-0.8711599890571946,-1.6063939313071949,-0.8711599890571946,-0.8711599890571946,-0.8711599890571946,0.5993078954428059,-0.13592604680719436,-0.8711599890571946,-0.8711599890571946,-0.8711599890571946,0.5993078954428059,-0.13592604680719436,-1.6063939313071949,-1.6063939313071949,-0.13592604680719436,-0.13592604680719436,-0.8711599890571946,-1.6063939313071949,-1.6063939313071949,-1.6063939313071949,-0.13592604680719436,0.5993078954428059,-0.13592604680719436,-1.6063939313071949,-0.13592604680719436,0.5993078954428059,-0.8711599890571946,-0.8711599890571946,0.5993078954428059,0.5993078954428059,-0.13592604680719436,-0.8711599890571946,0.5993078954428059,0.5993078954428059,-0.13592604680719436,-1.6063939313071949,-0.13592604680719436,-0.8711599890571946,0.5993078954428059,-0.13592604680719436,-1.6063939313071949,-0.8711599890571946,0.5993078954428059,0.5993078954428059,0.5993078954428059,-1.6063939313071949,0.5993078954428059,-0.13592604680719436,-1.6063939313071949,-1.6063939313071949,-0.8711599890571946,-0.8711599890571946,-1.6063939313071949,0.5993078954428059,-1.6063939313071949,-1.6063939313071949,-0.13592604680719436,-0.8711599890571946,-0.13592604680719436,-0.13592604680719436,0.5993078954428059,-1.6063939313071949,-0.13592604680719436,-0.13592604680719436,-0.13592604680719436,-0.8711599890571946,0.5993078954428059,-0.8711599890571946,-0.8711599890571946,-0.13592604680719436,-0.8711599890571946,0.5993078954428059,-1.6063939313071949,-1.6063939313071949,0.5993078954428059,-0.13592604680719436,0.5993078954428059,-0.8711599890571946,-0.13592604680719436,-0.13592604680719436,-0.8711599890571946,-1.6063939313071949,-0.8711599890571946,-0.8711599890571946,0.5993078954428059,-1.6063939313071949,-1.6063939313071949,0.5993078954428059,-0.8711599890571946,-0.8711599890571946,-1.6063939313071949,-1.6063939313071949,-1.6063939313071949,-0.13592604680719436,-0.13592604680719436,0.5993078954428059,-1.6063939313071949,-1.6063939313071949,-0.13592604680719436,0.5993078954428059,-0.8711599890571946,-1.6063939313071949,0.5993078954428059,-0.8711599890571946,-0.13592604680719436,0.5993078954428059,0.5993078954428059,0.5993078954428059,-0.8711599890571946,0.5993078954428059,-0.8711599890571946,-0.8711599890571946,-0.8711599890571946,-0.8711599890571946,-1.6063939313071949,-0.8711599890571946,0.5993078954428059,0.5993078954428059,0.5993078954428059,-0.13592604680719436,-0.13592604680719436,-0.8711599890571946,0.5993078954428059,-0.13592604680719436,-0.13592604680719436,0.5993078954428059,0.5993078954428059,-0.8711599890571946,0.5993078954428059,-0.13592604680719436,-0.8711599890571946,-0.8711599890571946,-0.8711599890571946,-1.6063939313071949,-0.8711599890571946,-0.13592604680719436,-0.8711599890571946,-0.8711599890571946,-0.8711599890571946,-1.6063939313071949,-0.13592604680719436,0.5993078954428059,-0.13592604680719436,-1.6063939313071949,-0.13592604680719436,-0.8711599890571946,-1.6063939313071949,-0.8711599890571946,0.5993078954428059,-0.13592604680719436,-0.13592604680719436,-1.6063939313071949,-1.6063939313071949,0.5993078954428059,0.5993078954428059,-0.8711599890571946,0.5993078954428059,-1.6063939313071949,-1.6063939313071949,-1.6063939313071949,-0.8711599890571946,0.5993078954428059,-0.8711599890571946,-0.8711599890571946,-0.8711599890571946,-0.8711599890571946,0.5993078954428059,-0.8711599890571946,-1.6063939313071949,0.5993078954428059,-0.8711599890571946,0.5993078954428059
-1.0728718985381085,-1.0728718985381085,0.4238543410422436,-1.8212350183283024,-0.3245087787479323,0.4238543410422436,0.4238543410422436,-1.8212350183283024,-1.0728718985381085,-0.3245087787479323,-1.8212350183283024,-1.0728718985381085,-1.0728718985381085,0.4238543410422436,-1.0728718985381085,-1.0728718985381085,-0.3245087787479323,-1.0728718985381085,-1.8212350183283024,-1.8212350183283024,0.4238543410422436,0.4238543410422436,-1.0728718985381085,-1.8212350183283024,0.4238543410422436,-0.3245087787479323,0.4238543410422436,0.4238543410422436,-1.8212350183283024,-0.3245087787479323,-0.3245087787479323,-1.8212350183283024,-0.3245087787479323,-0.3245087787479323,-1.8212350183283024,0.4238543410422436,0.4238543410422436,0.4238543410422436,-1.0728718985381085,-0.3245087787479323,-0.3245087787479323,-0.3245087787479323,-1.0728718985381085,-1.8212350183283024,0.4238543410422436,-1.8212350183283024,-1.8212350183283024,0.4238543410422436,-1.0728718985381085,-1.0728718985381085,0.4238543410422436,-1.0728718985381085,-0.3245087787479323,-1.0728718985381085,-0.3245087787479323,-0.3245087787479323,0.4238543410422436,-1.8212350183283024,-1.8212350183283024,0.4238543410422436,-1.8212350183283024,-0.3245087787479323,-0.3245087787479323,-0.3245087787479323,-1.8212350183283024,-1.0728718985381085,-0.3245087787479323,-0.3245087787479323,0.4238543410422436,-1.0728718985381085,-0.3245087787479323,-0.3245087787479323,-0.3245087787479323,-1.8212350183283024,-1.8212350183283024,-1.8212350183283024,-0.3245087787479323,-1.8212350183283024,-0.3245087787479323,-0.3245087787479323,-0.3245087787479323,-1.8212350183283024,0.4238543410422436,0.4238543410422436,0.4238543410422436,-1.8212350183283024,-1.0728718985381085,-1.0728718985381085,-0.3245087787479323,0.4238543410422436,0.4238543410422436,-0.3245087787479323,0.4238543410422436,-0.3245087787479323,-1.0728718985381085,-1.0728718985381085,-1.0728718985381085,-1.8212350183283024,0.4238543410422436,0.4238543410422436,-0.3245087787479323,-1.8212350183283024,-1.0728718985381085,0.4238543410422436,-0.3245087787479323,-1.0728718985381085,-1.0728718985381085,-1.0728718985381085,-0.3245087787479323,-1.8212350183283024,-1.0728718985381085,-1.8212350183283024,0.4238543410422436,-0.3245087787479323,-1.8212350183283024,-1.8212350183283024,-1.0728718985381085,-1.0728718985381085,0.4238543410422436,-1.0728718985381085,-0.3245087787479323,0.4238543410422436,-1.8212350183283024,-1.8212350183283024,-1.8212350183283024,-0.3245087787479323,-1.8212350183283024,-0.3245087787479323,-1.8212350183283024,-1.8212350183283024,-1.8212350183283024,-1.0728718985381085,-1.0728718985381085,-0.3245087787479323,-1.8212350183283024,0.4238543410422436,-1.8212350183283024,-1.0728718985381085,0.4238543410422436,-0.3245087787479323,0.4238543410422436,0.4238543410422436,-1.0728718985381085,-1.8212350183283024,-1.8212350183283024,-0.3245087787479323,-1.0728718985381085,-0.3245087787479323,-1.8212350183283024,-1.0728718985381085,-0.3245087787479323,-1.8212350183283024,0.4238543410422436,0.4238543410422436,-0.3245087787479323,0.4238543410422436,-0.3245087787479323,-0.3245087787479323,0.4238543410422436,-0.3245087787479323,-0.3245087787479323,-1.0728718985381085,-0.3245087787479323,-0.3245087787479323,0.4238543410422436,-0.3245087787479323,-1.8212350183283024,0.4238543410422436,-0.3245087787479323,0.4238543410422436,-1.8212350183283024,-1.8212350183283024,-0.3245087787479323,0.4238543410422436,0.4238543410422436,-1.0728718985381085,-1.0728718985381085,0.4238543410422436,0.4238543410422436,-1.8212350183283024,-1.0728718985381085,0.4238543410422436,-1.0728718985381085,-1.8212350183283024,-1.0728718985381085,-1.0728718985381085,-1.0728718985381085,-1.0728718985381085,-1.0728718985381085,0.4238543410422436,0.4238543410422436,0.4238543410422436,-1.8212350183283024,-1.0728718985381085,-0.3245087787479323,-1.0728718985381085,-1.8212350183283024,-1.0728718985381085,-1.0728718985381085,0.4238543410422436
-0.5130915106886884,0.24840078664166326,-1.27458380801904,-2.036076105349392,-2.036076105349392,-0.5130915106886884,-2.036076105349392,-0.5130915106886884,-1.27458380801904,-0.5130915106886884,-1.27458380801904,-2.036076105349392,0.24840078664166326,0.24840078664166326,-2.036076105349392,-0.5130915106886884,-0.5130915106886884,-1.27458380801904,-0.5130915106886884,0.24840078664166326,-1.27458380801904,-1.27458380801904,-2.036076105349392,-1.27458380801904,-2.036076105349392,-1.27458380801904,-1.27458380801904,-2.036076105349392,0.24840078664166326,-1.27458380801904,-2.036076105349392,-0.5130915106886884,-2.036076105349392,-0.5130915106886884,-0.5130915106886884,-0.5130915106886884,0.24840078664166326,-0.5130915106886884,0.24840078664166326,-2.036076105349392,-1.27458380801904,0.24840078664166326,-2.036076105349392,-2.036076105349392,-1.27458380801904,-0.5130915106886884,0.24840078664166326,-1.27458380801904,-1.27458380801904,-1.27458380801904,-2.036076105349392,-1.27458380801904,0.24840078664166326,-2.036076105349392,-1.27458380801904,-0.5130915106886884,-2.036076105349392,-0.5130915106886884,-1.27458380801904,0.24840078664166326,0.24840078664166326,0.24840078664166326,-1.27458380801904,-2.036076105349392,-1.27458380801904,-1.27458380801904,-0.5130915106886884,-1.27458380801904,0.24840078664166326,0.24840078664166326,-0.5130915106886884,-1.27458380801904,-2.036076105349392,-0.5130915106886884,-2.036076105349392,-2.036076105349392,0.24840078664166326,0.24840078664166326,0.24840078664166326,-1.27458380801904,-0.5130915106886884,0.24840078664166326,-2.036076105349392,0.24840078664166326,-2.036076105349392,-1.27458380801904,-1.27458380801904,0.24840078664166326,0.24840078664166326,0.24840078664166326,-1.27458380801904,-2.036076105349392,-0.5130915106886884,-2.036076105349392,0.24840078664166326,-1.27458380801904,-2.036076105349392,-0.5130915106886884,0.24840078664166326,-0.5130915106886884,-2.036076105349392,0.24840078664166326,-0.5130915106886884,-1.27458380801904,-2.036076105349392,0.24840078664166326,-1.27458380801904,-2.036076105349392,-2.036076105349392,-0.5130915106886884,-1.27458380801904,-1.27458380801904,-2.036076105349392,-0.5130915106886884,-1.27458380801904,-2.036076105349392,-2.036076105349392,-0.5130915106886884,-0.5130915106886884,-0.5130915106886884,-0.5130915106886884,-1.27458380801904,-1.27458380801904,-2.036076105349392,-0.5130915106886884,0.24840078664166326,0.24840078664166326,-0.5130915106886884,0.24840078664166326,-2.036076105349392,-0.5130915106886884,-0.5130915106886884,-0.5130915106886884,-1.27458380801904,0.24840078664166326,-0.5130915106886884,0.24840078664166326,0.24840078664166326,-2.036076105349392,-1.27458380801904,-0.5130915106886884,0.24840078664166326,-0.5130915106886884,-0.5130915106886884,-1.27458380801904,-0.5130915106886884,-1.27458380801904,-2.036076105349392,0.24840078664166326,-2.036076105349392,-1.27458380801904,0.24840078664166326,-0.5130915106886884,-1.27458380801904,-2.036076105349392,-1.27458380801904,0.24840078664166326,-2.036076105349392,-1.27458380801904,-1.27458380801904,-1.27458380801904,-1.27458380801904,0.24840078664166326,-1.27458380801904,0.24840078664166326,-1.27458380801904,-0.5130915106886884,0.24840078664166326,-2.036076105349392,-1.27458380801904,-1.27458380801904,-0.5130915106886884,-1.27458380801904,0.24840078664166326,-1.27458380801904,-1.27458380801904,-1.27458380801904,0.24840078664166326,0.24840078664166326,-2.036076105349392,-2.036076105349392,-1.27458380801904,-2.036076105349392,-2.036076105349392,0.24840078664166326,-0.5130915106886884,-0.5130915106886884,-0.5130915106886884,-0.5130915106886884,-2.036076105349392,-0.5130915106886884,-2.036076105349392,-0.5130915106886884,-2.036076105349392,-2.036076105349392,-0.5130915106886884,-0.5130915106886884,-2.036076105349392,-1.27458380801904,-2.036076105349392
-2.2509171923704994,-1.4762957174999718,-0.7016742426294265,0.07294723224110099,-0.7016742426294265,-1.4762957174999718,-2.2509171923704994,-2.2509171923704994,-2.2509171923704994,-2.2509171923704994,-0.7016742426294265,-0.7016742426294265,-2.2509171923704994,-2.2509171923704994,-2.2509171923704994,0.07294723224110099,0.07294723224110099,-0.7016742426294265,-0.7016742426294265,-1.4762957174999718,-2.2509171923704994,0.07294723224110099,-0.7016742426294265,-1.4762957174999718,-1.4762957174999718,0.07294723224110099,-2.2509171923704994,-2.2509171923704994,-1.4762957174999718,-0.7016742426294265,0.07294723224110099,-2.2509171923704994,-1.4762957174999718,-1.4762957174999718,0.07294723224110099,-2.2509171923704994,-0.7016742426294265,-2.2509171923704994,0.07294723224110099,-0.7016742426294265,-0.7016742426294265,-2.2509171923704994,0.07294723224110099,-0.7016742426294265,-2.2509171923704994,-1.4762957174999718,0.07294723224110099,-2.2509171923704994,-1.4762957174999718,-0.7016742426294265,-0.7016742426294265,-1.4762957174999718,-1.4762957174999718,0.07294723224110099,-0.7016742426294265,0.07294723224110099,0.07294723224110099,-2.2509171923704994,-2.2509171923704994,-2.2509171923704994,-0.7016742426294265,-2.2509171923704994,0.07294723224110099,-0.7016742426294265,-2.2509171923704994,0.07294723224110099,-0.7016742426294265,0.07294723224110099,-2.2509171923704994,-1.4762957174999718,0.07294723224110099,-2.2509171923704994,-0.7016742426294265,-1.4762957174999718,0.07294723224110099,-1.4762957174999718,0.07294723224110099,-1.4762957174999718,-0.7016742426294265,0.07294723224110099,-1.4762957174999718,-2.2509171923704994,-2.2509171923704994,-0.7016742426294265,-1.4762957174999718,-2.2509171923704994,0.07294723224110099,-1.4762957174999718,-0.7016742426294265,0.07294723224110099,0.07294723224110099,-0.7016742426294265,-0.7016742426294265,-1.4762957174999718,-0.7016742426294265,0.07294723224110099,-2.2509171923704994,-2.2509171923704994,-0.7016742426294265,-2.2509171923704994,0.07294723224110099,0.07294723224110099,-1.4762957174999718,-2.2509171923704994,-0.7016742426294265,-1.4762957174999718,-0.7016742426294265,0.07294723224110099,0.07294723224110099,-0.7016742426294265,-0.7016742426294265,-2.2509171923704994,0.07294723224110099,-0.7016742426294265,0.07294723224110099,-2.2509171923704994,-0.7016742426294265,-2.2509171923704994,-0.7016742426294265,-1.4762957174999718,0.07294723224110099,0.07294723224110099,0.07294723224110099,-0.7016742426294265,-1.4762957174999718,-0.7016742426294265,-1.4762957174999718,0.07294723224110099,-0.7016742426294265,-2.2509171923704994,0.07294723224110099,-0.7016742426294265,-0.7016742426294265,-0.7016742426294265,-2.2509171923704994,-2.2509171923704994,-1.4762957174999718,0.07294723224110099,-1.4762957174999718,-0.7016742426294265,-1.4762957174999718,-0.7016742426294265,-0.7016742426294265,-1.4762957174999718,0.07294723224110099,-0.7016742426294265,-0.7016742426294265,-2.2509171923704994,0.07294723224110099,-1.4762957174999718,-1.4762957174999718,0.07294723224110099,-2.2509171923704994,-2.2509171923704994,0.07294723224110099,0.07294723224110099,0.07294723224110099,0.07294723224110099,0.07294723224110099,-0.7016742426294265,0.07294723224110099,-0.7016742426294265,-2.2509171923704994,-0.7016742426294265,0.07294723224110099,-2.2509171923704994,-0.7016742426294265,-0.7016742426294265,-1.4762957174999718,-0.7016742426294265,-0.7016742426294265,-0.7016742426294265,-2.2509171923704994,-1.4762957174999718,0.07294723224110099,-2.2509171923704994,0.07294723224110099,-1.4762957174999718,-2.2509171923704994,0.07294723224110099,-1.4762957174999718,-1.4762957174999718,0.07294723224110099,-0.7016742426294265,-1.4762957174999718,0.07294723224110099,0.07294723224110099,0.07294723224110099,0.07294723224110099,-2.2509171923704994,-0.7016742426294265,0.07294723224110099,0.07294723224110099,-2.2509171923704994,-0.7016742426294265,0.07294723224110099,0.07294723224110099,-0.7016742426294265,-1.4762957174999718,0.07294723224110099
-2.4657582793916064,-1.6780076269808855,-0.10250632215946132,-0.8902569745701824,-2.4657582793916064,-0.8902569745701824,-0.10250632215946132,-2.4657582793916064,-1.6780076269808855,-0.10250632215946132,-2.4657582793916064,-1.6780076269808855,-1.6780076269808855,-0.8902569745701824,-1.6780076269808855,-0.8902569745701824,-0.8902569745701824,-0.10250632215946132,-0.8902569745701824,-0.10250632215946132,-0.8902569745701824,-0.8902569745701824,-2.4657582793916064,-0.10250632215946132,-0.10250632215946132,-1.6780076269808855,-1.6780076269808855,-1.6780076269808855,-2.4657582793916064,-0.8902569745701824,-2.4657582793916064,-0.8902569745701824,-2.4657582793916064,-1.6780076269808855,-2.4657582793916064,-0.8902569745701824,-2.4657582793916064,-1.6780076269808855,-2.4657582793916064,-0.10250632215946132,-0.8902569745701824,-0.10250632215946132,-0.10250632215946132,-1.6780076269808855,-2.4657582793916064,-0.10250632215946132,-1.6780076269808855,-0.10250632215946132,-0.8902569745701824,-0.8902569745701824,-0.10250632215946132,-0.8902569745701824,-0.10250632215946132,-2.4657582793916064,-2.4657582793916064,-0.10250632215946132,-2.4657582793916064,-0.10250632215946132,-2.4657582793916064,-0.10250632215946132,-0.8902569745701824,-1.6780076269808855,-2.4657582793916064,-2.4657582793916064,-1.6780076269808855,-2.4657582793916064,-0.10250632215946132,-0.10250632215946132,-1.6780076269808855,-2.4657582793916064,-0.8902569745701824,-2.4657582793916064,-1.6780076269808855,-1.6780076269808855,-1.6780076269808855,-1.6780076269808855,-2.4657582793916064,-0.10250632215946132,-1.6780076269808855,-1.6780076269808855,-0.8902569745701824,-0.8902569745701824,-0.8902569745701824,-1.6780076269808855,-0.10250632215946132,-1.6780076269808855,-0.8902569745701824,-0.10250632215946132,-1.6780076269808855,-2.4657582793916064,-0.8902569745701824,-0.10250632215946132,-0.10250632215946132,-1.6780076269808855,-0.8902569745701824,-0.8902569745701824,-2.4657582793916064,-0.10250632215946132,-0.8902569745701824,-0.10250632215946132,-0.10250632215946132,-0.8902569745701824,-1.6780076269808855,-0.10250632215946132,-2.4657582793916064,-0.8902569745701824,-1.6780076269808855,-0.8902569745701824,-2.4657582793916064,-0.10250632215946132,-1.6780076269808855,-1.6780076269808855,-0.10250632215946132,-0.8902569745701824,-0.10250632215946132,-0.10250632215946132,-0.8902569745701824,-1.6780076269808855,-0.8902569745701824,-1.6780076269808855,-0.8902569745701824,-2.4657582793916064,-0.10250632215946132,-1.6780076269808855,-0.10250632215946132,-2.4657582793916064,-0.8902569745701824,-2.4657582793916064,-0.8902569745701824,-0.8902569745701824,-2.4657582793916064,-2.4657582793916064,-1.6780076269808855,-0.8902569745701824,-0.8902569745701824,-2.4657582793916064,-0.10250632215946132,-1.6780076269808855,-1.6780076269808855,-0.8902569745701824,-0.10250632215946132,-0.10250632215946132,-2.4657582793916064,-2.4657582793916064,-1.6780076269808855,-0.10250632215946132,-1.6780076269808855,-0.8902569745701824,-2.4657582793916064,-0.8902569745701824,-2.4657582793916064,-2.4657582793916064,-0.8902569745701824,-2.4657582793916064,-0.8902569745701824,-0.8902569745701824,-2.4657582793916064,-2.4657582793916064,-2.4657582793916064,-0.10250632215946132,-1.6780076269808855,-0.10250632215946132,-2.4657582793916064,-1.6780076269808855,-0.8902569745701824,-2.4657582793916064,-1.6780076269808855,-0.8902569745701824,-0.8902569745701824,-0.10250632215946132,-0.10250632215946132,-2.4657582793916064,-1.6780076269808855,-0.10250632215946132,-0.10250632215946132,-1.6780076269808855,-0.10250632215946132,-0.10250632215946132,-1.6780076269808855,-0.10250632215946132,-0.8902569745701824,-2.4657582793916064,-2.4657582793916064,-1.6780076269808855,-2.4657582793916064,-0.8902569745701824,-2.4657582793916064,-0.8902569745701824,-0.10250632215946132,-1.6780076269808855,-0.8902569745701824,-1.6780076269808855,-0.10250632215946132,-1.6780076269808855,-1.6780076269808855,-0.8902569745701824,-0.8902569745701824,-0.8902569745701824,-0.10250632215946132,-0.10250632215946132
-0.27795987656004173,-1.879719536461817,-0.27795987656004173,-1.879719536461817,-2.680599366412714,-1.879719536461817,-1.0788397065109205,-2.680599366412714,-1.879719536461817,-2.680599366412714,-1.0788397065109205,-1.879719536461817,-1.879719536461817,-2.680599366412714,-2.680599366412714,-1.0788397065109205,-0.27795987656004173,-1.0788397065109205,-1.0788397065109205,-2.680599366412714,-1.879719536461817,-2.680599366412714,-1.0788397065109205,-1.879719536461817,-0.27795987656004173,-2.680599366412714,-1.879719536461817,-1.0788397065109205,-0.27795987656004173,-1.879719536461817,-1.0788397065109205,-0.27795987656004173,-0.27795987656004173,-2.680599366412714,-1.879719536461817,-0.27795987656004173,-2.680599366412714,-0.27795987656004173,-1.0788397065109205,-2.680599366412714,-2.680599366412714,-1.879719536461817,-1.879719536461817,-1.0788397065109205,-0.27795987656004173,-1.879719536461817,-1.879719536461817,-1.0788397065109205,-0.27795987656004173,-1.0788397065109205,-1.879719536461817,-2.680599366412714,-1.879719536461817,-1.879719536461817,-1.879719536461817,-1.879719536461817,-1.879719536461817,-0.27795987656004173,-2.680599366412714,-2.680599366412714,-0.27795987656004173,-1.879719536461817,-1.0788397065109205,-1.0788397065109205,-2.680599366412714,-1.0788397065109205,-0.27795987656004173,-2.680599366412714,-0.27795987656004173,-1.879719536461817,-2.680599366412714,-0.27795987656004173,-0.27795987656004173,-0.27795987656004173,-1.879719536461817,-0.27795987656004173,-1.0788397065109205,-2.680599366412714,-1.879719536461817,-1.0788397065109205,-1.879719536461817,-2.680599366412714,-2.680599366412714,-1.0788397065109205,-2.680599366412714,-0.27795987656004173,-1.0788397065109205,-2.680599366412714,-1.879719536461817,-1.879719536461817,-2.680599366412714,-1.0788397065109205,-2.680599366412714,-0.27795987656004173,-1.879719536461817,-0.27795987656004173,-2.680599366412714,-2.680599366412714,-2.680599366412714,-1.879719536461817,-1.879719536461817,-2.680599366412714,-1.0788397065109205,-0.27795987656004173,-0.27795987656004173,-0.27795987656004173,-0.27795987656004173,-1.0788397065109205,-2.680599366412714,-2.680599366412714,-1.879719536461817,-1.879719536461817,-1.879719536461817,-0.27795987656004173,-1.879719536461817,-1.0788397065109205,-1.0788397065109205,-1.879719536461817,-0.27795987656004173,-2.680599366412714,-2.680599366412714,-1.879719536461817,-2.680599366412714,-2.680599366412714,-2.680599366412714,-2.680599366412714,-2.680599366412714,-2.680599366412714,-0.27795987656004173,-2.680599366412714,-1.879719536461817,-2.680599366412714,-1.879719536461817,-0.27795987656004173,-2.680599366412714,-1.879719536461817,-2.680599366412714,-0.27795987656004173,-1.0788397065109205,-1.0788397065109205,-0.27795987656004173,-1.0788397065109205,-2.680599366412714,-2.680599366412714,-2.680599366412714,-1.879719536461817,-1.0788397065109205,-1.0788397065109205,-0.27795987656004173,-0.27795987656004173,-2.680599366412714,-2.680599366412714,-1.0788397065109205,-1.0788397065109205,-2.680599366412714,-0.27795987656004173,-2.680599366412714,-0.27795987656004173,-1.879719536461817,-0.27795987656004173,-0.27795987656004173,-0.27795987656004173,-1.879719536461817,-1.879719536461817,-2.680599366412714,-1.0788397065109205,-1.879719536461817,-2.680599366412714,-2.680599366412714,-0.27795987656004173,-1.0788397065109205,-1.879719536461817,-2.680599366412714,-2.680599366412714,-1.879719536461817,-1.0788397065109205,-1.0788397065109205,-2.680599366412714,-1.0788397065109205,-0.27795987656004173,-1.0788397065109205,-0.27795987656004173,-1.0788397065109205,-2.680599366412714,-1.0788397065109205,-0.27795987656004173,-1.879719536461817,-1.879719536461817,-1.0788397065109205,-1.0788397065109205,-1.879719536461817,-2.680599366412714,-1.0788397065109205,-2.680599366412714,-2.680599366412714,-0.27795987656004173,-1.0788397065109205,-0.27795987656004173,-1.879719536461817,-1.879719536461817
-1.2674224384516766,-2.0814314459427488,-0.453413430960604,-2.0814314459427488,-2.8954404534338214,-0.453413430960604,-2.0814314459427488,-1.2674224384516766,-2.8954404534338214,-2.8954404534338214,-2.0814314459427488,-0.453413430960604,-1.2674224384516766,-1.2674224384516766,-0.453413430960604,-1.2674224384516766,-1.2674224384516766,-0.453413430960604,-2.0814314459427488,-0.453413430960604,-0.453413430960604,-2.0814314459427488,-2.0814314459427488,-2.0814314459427488,-2.0814314459427488,-2.0814314459427488,-1.2674224384516766,-1.2674224384516766,-0.453413430960604,-0.453413430960604,-1.2674224384516766,-1.2674224384516766,-2.8954404534338214,-0.453413430960604,-2.0814314459427488,-2.8954404534338214,-0.453413430960604,-1.2674224384516766,-2.8954404534338214,-0.453413430960604,-2.0814314459427488,-2.0814314459427488,-0.453413430960604,-2.8954404534338214,-2.8954404534338214,-0.453413430960604,-2.8954404534338214,-2.0814314459427488,-2.8954404534338214,-2.0814314459427488,-1.2674224384516766,-2.0814314459427488,-1.2674224384516766,-2.8954404534338214,-1.2674224384516766,-2.8954404534338214,-0.453413430960604,-0.453413430960604,-2.0814314459427488,-0.453413430960604,-1.2674224384516766,-1.2674224384516766,-2.8954404534338214,-1.2674224384516766,-2.0814314459427488,-1.2674224384516766,-2.0814314459427488,-2.0814314459427488,-0.453413430960604,-2.8954404534338214,-0.453413430960604,-2.0814314459427488,-2.0814314459427488,-2.0814314459427488,-1.2674224384516766,-1.2674224384516766,-2.0814314459427488,-0.453413430960604,-1.2674224384516766,-2.8954404534338214,-2.0814314459427488,-2.0814314459427488,-2.8954404534338214,-1.2674224384516766,-1.2674224384516766,-2.0814314459427488,-2.8954404534338214,-2.8954404534338214,-2.0814314459427488,-2.8954404534338214,-2.0814314459427488,-2.8954404534338214,-2.0814314459427488,-0.453413430960604,-2.0814314459427488,-1.2674224384516766,-1.2674224384516766,-1.2674224384516766,-0.453413430960604,-2.0814314459427488,-1.2674224384516766,-1.2674224384516766,-2.0814314459427488,-2.8954404534338214,-0.453413430960604,-2.0814314459427488,-2.0814314459427488,-0.453413430960604,-2.8954404534338214,-0.453413430960604,-2.0814314459427488,-2.0814314459427488,-0.453413430960604,-2.8954404534338214,-0.453413430960604,-2.0814314459427488,-0.453413430960604,-0.453413430960604,-1.2674224384516766,-2.0814314459427488,-2.0814314459427488,-2.8954404534338214,-2.0814314459427488,-0.453413430960604,-1.2674224384516766,-1.2674224384516766,-0.453413430960604,-2.0814314459427488,-1.2674224384516766,-1.2674224384516766,-1.2674224384516766,-1.2674224384516766,-0.453413430960604,-2.8954404534338214,-0.453413430960604,-2.8954404534338214,-2.8954404534338214,-0.453413430960604,-0.453413430960604,-1.2674224384516766,-0.453413430960604,-1.2674224384516766,-2.8954404534338214,-1.2674224384516766,-0.453413430960604,-1.2674224384516766,-1.2674224384516766,-0.453413430960604,-2.0814314459427488,-0.453413430960604,-1.2674224384516766,-2.0814314459427488,-2.0814314459427488,-1.2674224384516766,-2.0814314459427488,-2.0814314459427488,-2.0814314459427488,-0.453413430960604,-0.453413430960604,-2.0814314459427488,-1.2674224384516766,-0.453413430960604,-2.8954404534338214,-0.453413430960604,-0.453413430960604,-0.453413430960604,-2.0814314459427488,-0.453413430960604,-2.0814314459427488,-0.453413430960604,-0.453413430960604,-1.2674224384516766,-2.8954404534338214,-2.8954404534338214,-2.8954404534338214,-2.8954404534338214,-0.453413430960604,-1.2674224384516766,-2.0814314459427488,-2.0814314459427488,-2.0814314459427488,-2.0814314459427488,-0.453413430960604,-1.2674224384516766,-0.453413430960604,-2.8954404534338214,-0.453413430960604,-2.0814314459427488,-2.0814314459427488,-2.8954404534338214,-1.2674224384516766,-2.8954404534338214,-0.453413430960604,-2.0814314459427488,-2.8954404534338214,-1.2674224384516766,-2.8954404534338214,-0.453413430960604,-2.0814314459427488,-1.2674224384516766
-0.6288669853611664,-1.4560051703924144,-3.1102815404549107,-3.1102815404549107,-0.6288669853611664,-2.283143355423663,-0.6288669853611664,-0.6288669853611664,-2.283143355423663,-1.4560051703924144,-0.6288669853611664,-3.1102815404549107,-2.283143355423663,-2.283143355423663,-2.283143355423663,-3.1102815404549107,-1.4560051703924144,-0.6288669853611664,-2.283143355423663,-0.6288669853611664,-3.1102815404549107,-0.6288669853611664,-3.1102815404549107,-2.283143355423663,-2.283143355423663,-2.283143355423663,-0.6288669853611664,-2.283143355423663,-2.283143355423663,-0.6288669853611664,-3.1102815404549107,-2.283143355423663,-1.4560051703924144,-1.4560051703924144,-3.1102815404549107,-3.1102815404549107,-3.1102815404549107,-0.6288669853611664,-0.6288669853611664,-3.1102815404549107,-2.283143355423663,-0.6288669853611664,-0.6288669853611664,-1.4560051703924144,-0.6288669853611664,-3.1102815404549107,-1.4560051703924144,-1.4560051703924144,-0.6288669853611664,-0.6288669853611664,-0.6288669853611664,-1.4560051703924144,-2.283143355423663,-3.1102815404549107,-0.6288669853611664,-0.6288669853611664,-0.6288669853611664,-0.6288669853611664,-2.283143355423663,-2.283143355423663,-2.283143355423663,-2.283143355423663,-0.6288669853611664,-2.283143355423663,-2.283143355423663,-1.4560051703924144,-0.6288669853611664,-1.4560051703924144,-0.6288669853611664,-3.1102815404549107,-2.283143355423663,-0.6288669853611664,-1.4560051703924144,-0.6288669853611664,-1.4560051703924144,-0.6288669853611664,-0.6288669853611664,-1.4560051703924144,-2.283143355423663,-1.4560051703924144,-3.1102815404549107,-1.4560051703924144,-2.283143355423663,-0.6288669853611664,-0.6288669853611664,-2.283143355423663,-1.4560051703924144,-1.4560051703924144,-3.1102815404549107,-2.283143355423663,-0.6288669853611664,-1.4560051703924144,-1.4560051703924144,-0.6288669853611664,-2.283143355423663,-0.6288669853611664,-1.4560051703924144,-0.6288669853611664,-1.4560051703924144,-0.6288669853611664,-1.4560051703924144,-0.6288669853611664,-0.6288669853611664,-0.6288669853611664,-1.4560051703924144,-1.4560051703924144,-3.1102815404549107,-1.4560051703924144,-2.283143355423663,-0.6288669853611664,-3.1102815404549107,-0.6288669853611664,-1.4560051703924144,-3.1102815404549107,-1.4560051703924144,-0.6288669853611664,-2.283143355423663,-2.283143355423663,-0.6288669853611664,-1.4560051703924144,-1.4560051703924144,-2.283143355423663,-0.6288669853611664,-2.283143355423663,-0.6288669853611664,-1.4560051703924144,-3.1102815404549107,-3.1102815404549107,-2.283143355423663,-0.6288669853611664,-0.6288669853611664,-2.283143355423663,-2.283143355423663,-1.4560051703924144,-0.6288669853611664,-1.4560051703924144,-0.6288669853611664,-1.4560051703924144,-3.1102815404549107,-0.6288669853611664,-3.1102815404549107,-2.283143355423663,-1.4560051703924144,-0.6288669853611664,-1.4560051703924144,-2.283143355423663,-3.1102815404549107,-3.1102815404549107,-1.4560051703924144,-3.1102815404549107,-0.6288669853611664,-3.1102815404549107,-0.6288669853611664,-0.6288669853611664,-0.6288669853611664,-1.4560051703924144,-0.6288669853611664,-2.283143355423663,-1.4560051703924144,-0.6288669853611664,-1.4560051703924144,-0.6288669853611664,-0.6288669853611664,-2.283143355423663,-1.4560051703924144,-2.283143355423663,-1.4560051703924144,-1.4560051703924144,-0.6288669853611664,-0.6288669853611664,-2.283143355423663,-3.1102815404549107,-2.283143355423663,-2.283143355423663,-3.1102815404549107,-1.4560051703924144,-3.1102815404549107,-2.283143355423663,-3.1102815404549107,-3.1102815404549107,-1.4560051703924144,-0.6288669853611664,-3.1102815404549107,-1.4560051703924144,-1.4560051703924144,-3.1102815404549107,-3.1102815404549107,-0.6288669853611664,-2.283143355423663,-0.6288669853611664,-0.6288669853611664,-2.283143355423663,-2.283143355423663,-2.283143355423663,-0.6288669853611664,-2.283143355423663,-2.283143355423663,-2.283143355423663,-0.6288669853611664,-3.1102815404549107
-1.6445879023331704,-3.325122627476018,-1.6445879023331704,-3.325122627476018,-3.325122627476018,-1.6445879023331704,-2.4848552649045943,-1.6445879023331704,-0.8043205397617286,-3.325122627476018,-3.325122627476018,-0.8043205397617286,-1.6445879023331704,-3.325122627476018,-0.8043205397617286,-1.6445879023331704,-0.8043205397617286,-2.4848552649045943,-1.6445879023331704,-2.4848552649045943,-0.8043205397617286,-0.8043205397617286,-1.6445879023331704,-0.8043205397617286,-2.4848552649045943,-1.6445879023331704,-0.8043205397617286,-1.6445879023331704,-1.6445879023331704,-1.6445879023331704,-2.4848552649045943,-1.6445879023331704,-3.325122627476018,-3.325122627476018,-3.325122627476018,-1.6445879023331704,-1.6445879023331704,-1.6445879023331704,-0.8043205397617286,-3.325122627476018,-0.8043205397617286,-1.6445879023331704,-3.325122627476018,-3.325122627476018,-0.8043205397617286,-1.6445879023331704,-0.8043205397617286,-0.8043205397617286,-2.4848552649045943,-0.8043205397617286,-3.325122627476018,-1.6445879023331704,-0.8043205397617286,-2.4848552649045943,-1.6445879023331704,-3.325122627476018,-0.8043205397617286,-2.4848552649045943,-3.325122627476018,-0.8043205397617286,-0.8043205397617286,-0.8043205397617286,-3.325122627476018,-0.8043205397617286,-3.325122627476018,-3.325122627476018,-0.8043205397617286,-1.6445879023331704,-3.325122627476018,-0.8043205397617286,-0.8043205397617286,-3.325122627476018,-2.4848552649045943,-2.4848552649045943,-3.325122627476018,-2.4848552649045943,-1.6445879023331704,-2.4848552649045943,-1.6445879023331704,-2.4848552649045943,-2.4848552649045943,-3.325122627476018,-3.325122627476018,-0.8043205397617286,-1.6445879023331704,-1.6445879023331704,-1.6445879023331704,-0.8043205397617286,-2.4848552649045943,-0.8043205397617286,-1.6445879023331704,-1.6445879023331704,-0.8043205397617286,-0.8043205397617286,-2.4848552649045943,-1.6445879023331704,-1.6445879023331704,-1.6445879023331704,-1.6445879023331704,-1.6445879023331704,-2.4848552649045943,-2.4848552649045943,-1.6445879023331704,-2.4848552649045943,-1.6445879023331704,-3.325122627476018,-1.6445879023331704,-0.8043205397617286,-1.6445879023331704,-2.4848552649045943,-2.4848552649045943,-1.6445879023331704,-1.6445879023331704,-2.4848552649045943,-2.4848552649045943,-1.6445879023331704,-1.6445879023331704,-1.6445879023331704,-2.4848552649045943,-2.4848552649045943,-0.8043205397617286,-1.6445879023331704,-1.6445879023331704,-1.6445879023331704,-0.8043205397617286,-2.4848552649045943,-1.6445879023331704,-0.8043205397617286,-0.8043205397617286,-0.8043205397617286,-0.8043205397617286,-2.4848552649045943,-0.8043205397617286,-0.8043205397617286,-0.8043205397617286,-1.6445879023331704,-1.6445879023331704,-1.6445879023331704,-2.4848552649045943,-0.8043205397617286,-1.6445879023331704,-0.8043205397617286,-3.325122627476018,-2.4848552649045943,-1.6445879023331704,-0.8043205397617286,-3.325122627476018,-0.8043205397617286,-2.4848552649045943,-2.4848552649045943,-1.6445879023331704,-3.325122627476018,-3.325122627476018,-1.6445879023331704,-1.6445879023331704,-0.8043205397617286,-3.325122627476018,-1.6445879023331704,-1.6445879023331704,-2.4848552649045943,-1.6445879023331704,-0.8043205397617286,-1.6445879023331704,-1.6445879023331704,-2.4848552649045943,-1.6445879023331704,-1.6445879023331704,-0.8043205397617286,-2.4848552649045943,-3.325122627476018,-2.4848552649045943,-3.325122627476018,-1.6445879023331704,-3.325122627476018,-3.325122627476018,-0.8043205397617286,-2.4848552649045943,-0.8043205397617286,-0.8043205397617286,-3.325122627476018,-3.325122627476018,-2.4848552649045943,-0.8043205397617286,-1.6445879023331704,-0.8043205397617286,-2.4848552649045943,-3.325122627476018,-1.6445879023331704,-3.325122627476018,-2.4848552649045943,-1.6445879023331704,-0.8043205397617286,-1.6445879023331704,-1.6445879023331704,-3.325122627476018,-2.4848552649045943,-1.6445879023331704,-3.325122627476018,-1.6445879023331704,-0.8043205397617286
-2.6865671743855257,-3.5399637144971257,-3.5399637144971257,-3.5399637144971257,-2.6865671743855257,-3.5399637144971257,-3.5399637144971257,-2.6865671743855257,-2.6865671743855257,-2.6865671743855257,-0.979774094162309,-0.979774094162309,-1.8331706342739083,-0.979774094162309,-2.6865671743855257,-1.8331706342739083,-1.8331706342739083,-2.6865671743855257,-1.8331706342739083,-1.8331706342739083,-1.8331706342739083,-3.5399637144971257,-2.6865671743855257,-0.979774094162309,-0.979774094162309,-2.6865671743855257,-2.6865671743855257,-2.6865671743855257,-3.5399637144971257,-2.6865671743855257,-3.5399637144971257,-0.979774094162309,-3.5399637144971257,-0.979774094162309,-1.8331706342739083,-1.8331706342739083,-2.6865671743855257,-3.5399637144971257,-1.8331706342739083,-2.6865671743855257,-1.8331706342739083,-1.8331706342739083,-0.979774094162309,-1.8331706342739083,-1.8331706342739083,-2.6865671743855257,-2.6865671743855257,-1.8331706342739083,-3.5399637144971257,-3.5399637144971257,-1.8331706342739083,-0.979774094162309,-1.8331706342739083,-1.8331706342739083,-1.8331706342739083,-3.5399637144971257,-0.979774094162309,-1.8331706342739083,-0.979774094162309,-0.979774094162309,-1.8331706342739083,-3.5399637144971257,-0.979774094162309,-0.979774094162309,-3.5399637144971257,-3.5399637144971257,-2.6865671743855257,-2.6865671743855257,-0.979774094162309,-1.8331706342739083,-2.6865671743855257,-2.6865671743855257,-0.979774094162309,-0.979774094162309,-1.8331706342739083,-2.6865671743855257,-1.8331706342739083,-0.979774094162309,-3.5399637144971257,-1.8331706342739083,-3.5399637144971257,-0.979774094162309,-3.5399637144971257,-2.6865671743855257,-3.5399637144971257,-0.979774094162309,-0.979774094162309,-0.979774094162309,-3.5399637144971257,-1.8331706342739083,-2.6865671743855257,-1.8331706342739083,-0.979774094162309,-1.8331706342739083,-1.8331706342739083,-2.6865671743855257,-1.8331706342739083,-1.8331706342739083,-0.979774094162309,-2.6865671743855257,-2.6865671743855257,-2.6865671743855257,-1.8331706342739083,-3.5399637144971257,-3.5399637144971257,-2.6865671743855257,-1.8331706342739083,-1.8331706342739083,-3.5399637144971257,-3.5399637144971257,-3.5399637144971257,-3.5399637144971257,-3.5399637144971257,-0.979774094162309,-1.8331706342739083,-3.5399637144971257,-1.8331706342739083,-2.6865671743855257,-3.5399637144971257,-2.6865671743855257,-2.6865671743855257,-2.6865671743855257,-2.6865671743855257,-1.8331706342739083,-2.6865671743855257,-1.8331706342739083,-3.5399637144971257,-3.5399637144971257,-2.6865671743855257,-1.8331706342739083,-3.5399637144971257,-1.8331706342739083,-2.6865671743855257,-2.6865671743855257,-3.5399637144971257,-3.5399637144971257,-1.8331706342739083,-3.5399637144971257,-1.8331706342739083,-2.6865671743855257,-0.979774094162309,-1.8331706342739083,-0.979774094162309,-0.979774094162309,-1.8331706342739083,-1.8331706342739083,-0.979774094162309,-1.8331706342739083,-0.979774094162309,-2.6865671743855257,-3.5399637144971257,-1.8331706342739083,-1.8331706342739083,-2.6865671743855257,-2.6865671743855257,-2.6865671743855257,-2.6865671743855257,-3.5399637144971257,-3.5399637144971257,-3.5399637144971257,-1.8331706342739083,-3.5399637144971257,-3.5399637144971257,-0.979774094162309,-0.979774094162309,-3.5399637144971257,-2.6865671743855257,-0.979774094162309,-2.6865671743855257,-1.8331706342739083,-1.8331706342739083,-1.8331706342739083,-3.5399637144971257,-2.6865671743855257,-1.8331706342739083,-2.6865671743855257,-3.5399637144971257,-2.6865671743855257,-2.6865671743855257,-0.979774094162309,-1.8331706342739083,-3.5399637144971257,-2.6865671743855257,-3.5399637144971257,-2.6865671743855257,-3.5399637144971257,-2.6865671743855257,-3.5399637144971257,-3.5399637144971257,-1.8331706342739083,-3.5399637144971257,-0.979774094162309,-0.979774094162309,-0.979774094162309,-0.979774094162309,-0.979774094162309,-2.6865671743855257,-0.979774094162309,-1.8331706342739083,-2.6865671743855257
-3.7548048015182327,-2.0217533662146647,-3.7548048015182327,-3.7548048015182327,-3.7548048015182327,-3.7548048015182327,-2.0217533662146647,-1.1552276485628712,-2.88827908386644,-2.88827908386644,-1.1552276485628712,-2.0217533662146647,-2.0217533662146647,-3.7548048015182327,-2.88827908386644,-2.88827908386644,-2.88827908386644,-2.88827908386644,-1.1552276485628712,-2.0217533662146647,-3.7548048015182327,-2.88827908386644,-2.0217533662146647,-3.7548048015182327,-3.7548048015182327,-2.88827908386644,-3.7548048015182327,-3.7548048015182327,-2.0217533662146647,-3.7548048015182327,-1.1552276485628712,-3.7548048015182327,-2.0217533662146647,-2.0217533662146647,-3.7548048015182327,-3.7548048015182327,-2.0217533662146647,-2.88827908386644,-2.88827908386644,-3.7548048015182327,-3.7548048015182327,-2.0217533662146647,-2.0217533662146647,-2.88827908386644,-2.0217533662146647,-1.1552276485628712,-1.1552276485628712,-2.88827908386644,-2.0217533662146647,-2.88827908386644,-1.1552276485628712,-3.7548048015182327,-3.7548048015182327,-2.0217533662146647,-1.1552276485628712,-3.7548048015182327,-2.88827908386644,-3.7548048015182327,-2.0217533662146647,-2.0217533662146647,-3.7548048015182327,-1.1552276485628712,-3.7548048015182327,-2.88827908386644,-2.0217533662146647,-3.7548048015182327,-3.7548048015182327,-2.88827908386644,-1.1552276485628712,-2.0217533662146647,-2.88827908386644,-2.0217533662146647,-3.7548048015182327,-1.1552276485628712,-2.88827908386644,-3.7548048015182327,-2.0217533662146647,-1.1552276485628712,-2.88827908386644,-2.0217533662146647,-3.7548048015182327,-2.0217533662146647,-1.1552276485628712,-2.88827908386644,-3.7548048015182327,-3.7548048015182327,-3.7548048015182327,-1.1552276485628712,-2.0217533662146647,-2.0217533662146647,-2.0217533662146647,-2.0217533662146647,-1.1552276485628712,-2.0217533662146647,-2.0217533662146647,-2.88827908386644,-1.1552276485628712,-2.0217533662146647,-3.7548048015182327,-2.88827908386644,-1.1552276485628712,-1.1552276485628712,-2.88827908386644,-3.7548048015182327,-3.7548048015182327,-2.88827908386644,-2.88827908386644,-2.0217533662146647,-1.1552276485628712,-2.88827908386644,-1.1552276485628712,-2.88827908386644,-2.88827908386644,-3.7548048015182327,-2.0217533662146647,-3.7548048015182327,-1.1552276485628712,-2.0217533662146647,-1.1552276485628712,-3.7548048015182327,-3.7548048015182327,-2.88827908386644,-2.0217533662146647,-2.0217533662146647,-2.88827908386644,-2.88827908386644,-2.88827908386644,-3.7548048015182327,-2.0217533662146647,-1.1552276485628712,-1.1552276485628712,-3.7548048015182327,-3.7548048015182327,-1.1552276485628712,-2.0217533662146647,-1.1552276485628712,-2.0217533662146647,-3.7548048015182327,-3.7548048015182327,-2.88827908386644,-1.1552276485628712,-1.1552276485628712,-2.88827908386644,-1.1552276485628712,-1.1552276485628712,-3.7548048015182327,-2.0217533662146647,-2.88827908386644,-2.88827908386644,-2.0217533662146647,-2.88827908386644,-1.1552276485628712,-2.88827908386644,-3.7548048015182327,-2.88827908386644,-2.0217533662146647,-3.7548048015182327,-2.88827908386644,-2.88827908386644,-2.0217533662146647,-2.88827908386644,-2.88827908386644,-1.1552276485628712,-3.7548048015182327,-1.1552276485628712,-2.0217533662146647,-2.0217533662146647,-2.88827908386644,-2.88827908386644,-3.7548048015182327,-2.0217533662146647,-3.7548048015182327,-2.0217533662146647,-3.7548048015182327,-2.88827908386644,-2.0217533662146647,-2.0217533662146647,-1.1552276485628712,-2.88827908386644,-2.0217533662146647,-2.0217533662146647,-2.0217533662146647,-3.7548048015182327,-1.1552276485628712,-1.1552276485628712,-2.88827908386644,-3.7548048015182327,-2.88827908386644,-2.88827908386644,-3.7548048015182327,-1.1552276485628712,-2.0217533662146647,-2.88827908386644,-1.1552276485628712,-2.0217533662146647,-3.7548048015182327,-2.0217533662146647,-2.0217533662146647,-2.88827908386644,-2.0217533662146647
-3.96964588853934,-1.3306812029634516,-3.96964588853934,-1.3306812029634516,-3.0899909933473713,-3.0899909933473713,-3.0899909933473713,-1.3306812029634516,-3.0899909933473713,-1.3306812029634516,-3.0899909933473713,-2.2103360981554023,-3.96964588853934,-3.0899909933473713,-1.3306812029634516,-2.2103360981554023,-2.2103360981554023,-2.2103360981554023,-3.96964588853934,-3.0899909933473713,-3.96964588853934,-2.2103360981554023,-3.0899909933473713,-1.3306812029634516,-2.2103360981554023,-3.0899909933473713,-3.96964588853934,-3.0899909933473713,-1.3306812029634516,-2.2103360981554023,-2.2103360981554023,-1.3306812029634516,-1.3306812029634516,-1.3306812029634516,-3.96964588853934,-2.2103360981554023,-3.96964588853934,-3.96964588853934,-2.2103360981554023,-1.3306812029634516,-1.3306812029634516,-3.96964588853934,-2.2103360981554023,-1.3306812029634516,-2.2103360981554023,-3.96964588853934,-1.3306812029634516,-3.96964588853934,-3.96964588853934,-1.3306812029634516,-1.3306812029634516,-1.3306812029634516,-1.3306812029634516,-3.96964588853934,-3.96964588853934,-2.2103360981554023,-3.0899909933473713,-1.3306812029634516,-3.0899909933473713,-3.96964588853934,-3.96964588853934,-2.2103360981554023,-3.96964588853934,-2.2103360981554023,-3.0899909933473713,-3.96964588853934,-1.3306812029634516,-1.3306812029634516,-2.2103360981554023,-3.96964588853934,-2.2103360981554023,-1.3306812029634516,-3.0899909933473713,-3.0899909933473713,-3.0899909933473713,-3.96964588853934,-3.96964588853934,-3.0899909933473713,-3.96964588853934,-1.3306812029634516,-1.3306812029634516,-1.3306812029634516,-3.0899909933473713,-2.2103360981554023,-1.3306812029634516,-3.0899909933473713,-2.2103360981554023,-2.2103360981554023,-1.3306812029634516,-3.96964588853934,-3.96964588853934,-1.3306812029634516,-3.0899909933473713,-1.3306812029634516,-2.2103360981554023,-3.0899909933473713,-2.2103360981554023,-3.0899909933473713,-2.2103360981554023,-2.2103360981554023,-1.3306812029634516,-3.0899909933473713,-2.2103360981554023,-3.96964588853934,-1.3306812029634516,-1.3306812029634516,-2.2103360981554023,-2.2103360981554023,-3.0899909933473713,-3.96964588853934,-1.3306812029634516,-3.96964588853934,-3.0899909933473713,-1.3306812029634516,-1.3306812029634516,-3.96964588853934,-1.3306812029634516,-1.3306812029634516,-3.96964588853934,-3.0899909933473713,-1.3306812029634516,-2.2103360981554023,-2.2103360981554023,-1.3306812029634516,-3.0899909933473713,-3.96964588853934,-2.2103360981554023,-3.96964588853934,-2.2103360981554023,-3.96964588853934,-2.2103360981554023,-3.0899909933473713,-3.96964588853934,-2.2103360981554023,-1.3306812029634516,-2.2103360981554023,-2.2103360981554023,-1.3306812029634516,-2.2103360981554023,-3.0899909933473713,-3.0899909933473713,-2.2103360981554023,-1.3306812029634516,-3.96964588853934,-3.0899909933473713,-2.2103360981554023,-1.3306812029634516,-1.3306812029634516,-3.96964588853934,-3.96964588853934,-3.96964588853934,-1.3306812029634516,-3.96964588853934,-3.96964588853934,-1.3306812029634516,-3.96964588853934,-2.2103360981554023,-3.0899909933473713,-1.3306812029634516,-2.2103360981554023,-3.0899909933473713,-3.96964588853934,-2.2103360981554023,-1.3306812029634516,-1.3306812029634516,-2.2103360981554023,-3.96964588853934,-2.2103360981554023,-2.2103360981554023,-1.3306812029634516,-2.2103360981554023,-3.0899909933473713,-3.0899909933473713,-3.96964588853934,-1.3306812029634516,-2.2103360981554023,-1.3306812029634516,-1.3306812029634516,-3.0899909933473713,-3.0899909933473713,-2.2103360981554023,-3.96964588853934,-3.96964588853934,-3.0899909933473713,-2.2103360981554023,-1.3306812029634516,-3.96964588853934,-1.3306812029634516,-3.96964588853934,-3.96964588853934,-2.2103360981554023,-1.3306812029634516,-1.3306812029634516,-1.3306812029634516,-2.2103360981554023,-2.2103360981554023,-3.96964588853934,-1.3306812029634516,-3.96964588853934,-3.96964588853934
-3.2917029028283027,-2.3989188300961586,-1.506134757364014,-1.506134757364014,-2.3989188300961586,-3.2917029028283027,-1.506134757364014,-2.3989188300961586,-3.2917029028283027,-4.1844869755604295,-1.506134757364014,-4.1844869755604295,-3.2917029028283027,-4.1844869755604295,-1.506134757364014,-2.3989188300961586,-4.1844869755604295,-2.3989188300961586,-4.1844869755604295,-1.506134757364014,-4.1844869755604295,-2.3989188300961586,-2.3989188300961586,-4.1844869755604295,-2.3989188300961586,-1.506134757364014,-4.1844869755604295,-2.3989188300961586,-3.2917029028283027,-3.2917029028283027,-1.506134757364014,-3.2917029028283027,-3.2917029028283027,-4.1844869755604295,-2.3989188300961586,-3.2917029028283027,-3.2917029028283027,-4.1844869755604295,-1.506134757364014,-3.2917029028283027,-1.506134757364014,-1.506134757364014,-4.1844869755604295,-3.2917029028283027,-1.506134757364014,-4.1844869755604295,-4.1844869755604295,-2.3989188300961586,-1.506134757364014,-2.3989188300961586,-3.2917029028283027,-1.506134757364014,-4.1844869755604295,-4.1844869755604295,-4.1844869755604295,-1.506134757364014,-1.506134757364014,-3.2917029028283027,-1.506134757364014,-3.2917029028283027,-2.3989188300961586,-2.3989188300961586,-3.2917029028283027,-3.2917029028283027,-1.506134757364014,-2.3989188300961586,-1.506134757364014,-3.2917029028283027,-3.2917029028283027,-1.506134757364014,-2.3989188300961586,-3.2917029028283027,-4.1844869755604295,-3.2917029028283027,-4.1844869755604295,-4.1844869755604295,-4.1844869755604295,-2.3989188300961586,-3.2917029028283027,-3.2917029028283027,-4.1844869755604295,-2.3989188300961586,-2.3989188300961586,-4.1844869755604295,-3.2917029028283027,-2.3989188300961586,-1.506134757364014,-4.1844869755604295,-4.1844869755604295,-4.1844869755604295,-2.3989188300961586,-3.2917029028283027,-1.506134757364014,-2.3989188300961586,-4.1844869755604295,-4.1844869755604295,-4.1844869755604295,-3.2917029028283027,-3.2917029028283027,-4.1844869755604295,-1.506134757364014,-4.1844869755604295,-4.1844869755604295,-3.2917029028283027,-2.3989188300961586,-3.2917029028283027,-3.2917029028283027,-3.2917029028283027,-1.506134757364014,-4.1844869755604295,-4.1844869755604295,-4.1844869755604295,-1.506134757364014,-4.1844869755604295,-3.2917029028283027,-4.1844869755604295,-4.1844869755604295,-4.1844869755604295,-3.2917029028283027,-4.1844869755604295,-3.2917029028283027,-1.506134757364014,-4.1844869755604295,-2.3989188300961586,-2.3989188300961586,-4.1844869755604295,-1.506134757364014,-1.506134757364014,-1.506134757364014,-1.506134757364014,-4.1844869755604295,-4.1844869755604295,-4.1844869755604295,-2.3989188300961586,-3.2917029028283027,-3.2917029028283027,-4.1844869755604295,-4.1844869755604295,-4.1844869755604295,-4.1844869755604295,-3.2917029028283027,-3.2917029028283027,-4.1844869755604295,-3.2917029028283027,-1.506134757364014,-1.506134757364014,-3.2917029028283027,-4.1844869755604295,-2.3989188300961586,-4.1844869755604295,-1.506134757364014,-1.506134757364014,-4.1844869755604295,-3.2917029028283027,-4.1844869755604295,-1.506134757364014,-2.3989188300961586,-1.506134757364014,-1.506134757364014,-3.2917029028283027,-2.3989188300961586,-1.506134757364014,-3.2917029028283027,-4.1844869755604295,-4.1844869755604295,-4.1844869755604295,-4.1844869755604295,-3.2917029028283027,-3.2917029028283027,-3.2917029028283027,-3.2917029028283027,-4.1844869755604295,-2.3989188300961586,-3.2917029028283027,-3.2917029028283027,-1.506134757364014,-2.3989188300961586,-4.1844869755604295,-2.3989188300961586,-4.1844869755604295,-1.506134757364014,-1.506134757364014,-2.3989188300961586,-4.1844869755604295,-4.1844869755604295,-1.506134757364014,-3.2917029028283027,-3.2917029028283027,-3.2917029028283027,-1.506134757364014,-4.1844869755604295,-4.1844869755604295,-1.506134757364014,-1.506134757364014,-1.506134757364014,-2.3989188300961586,-3.2917029028283027,-1.506134757364014,-2.3989188300961586,-2.3989188300961586
-1.6815883117645762,-1.6815883117645762,-2.5875015620368966,-2.5875015620368966,-4.399328062581537,-2.5875015620368966,-4.399328062581537,-4.399328062581537,-4.399328062581537,-4.399328062581537,-4.399328062581537,-2.5875015620368966,-1.6815883117645762,-1.6815883117645762,-1.6815883117645762,-4.399328062581537,-2.5875015620368966,-3.493414812309217,-3.493414812309217,-1.6815883117645762,-3.493414812309217,-1.6815883117645762,-3.493414812309217,-3.493414812309217,-1.6815883117645762,-1.6815883117645762,-4.399328062581537,-3.493414812309217,-4.399328062581537,-4.399328062581537,-1.6815883117645762,-2.5875015620368966,-4.399328062581537,-3.493414812309217,-2.5875015620368966,-2.5875015620368966,-4.399328062581537,-3.493414812309217,-1.6815883117645762,-3.493414812309217,-2.5875015620368966,-2.5875015620368966,-3.493414812309217,-2.5875015620368966,-4.399328062581537,-4.399328062581537,-3.493414812309217,-4.399328062581537,-1.6815883117645762,-2.5875015620368966,-3.493414812309217,-3.493414812309217,-4.399328062581537,-2.5875015620368966,-3.493414812309217,-1.6815883117645762,-4.399328062581537,-3.493414812309217,-4.399328062581537,-4.399328062581537,-3.493414812309217,-1.6815883117645762,-2.5875015620368966,-2.5875015620368966,-2.5875015620368966,-4.399328062581537,-3.493414812309217,-2.5875015620368966,-3.493414812309217,-1.6815883117645762,-4.399328062581537,-1.6815883117645762,-2.5875015620368966,-2.5875015620368966,-2.5875015620368966,-2.5875015620368966,-4.399328062581537,-4.399328062581537,-2.5875015620368966,-1.6815883117645762,-4.399328062581537,-4.399328062581537,-1.6815883117645762,-3.493414812309217,-1.6815883117645762,-4.399328062581537,-3.493414812309217,-1.6815883117645762,-2.5875015620368966,-1.6815883117645762,-4.399328062581537,-4.399328062581537,-1.6815883117645762,-3.493414812309217,-2.5875015620368966,-1.6815883117645762,-2.5875015620368966,-3.493414812309217,-2.5875015620368966,-3.493414812309217,-2.5875015620368966,-2.5875015620368966,-3.493414812309217,-3.493414812309217,-1.6815883117645762,-4.399328062581537,-4.399328062581537,-4.399328062581537,-4.399328062581537,-1.6815883117645762,-1.6815883117645762,-2.5875015620368966,-2.5875015620368966,-2.5875015620368966,-1.6815883117645762,-1.6815883117645762,-3.493414812309217,-2.5875015620368966,-4.399328062581537,-4.399328062581537,-1.6815883117645762,-1.6815883117645762,-4.399328062581537,-4.399328062581537,-1.6815883117645762,-1.6815883117645762,-1.6815883117645762,-3.493414812309217,-4.399328062581537,-4.399328062581537,-1.6815883117645762,-1.6815883117645762,-2.5875015620368966,-2.5875015620368966,-2.5875015620368966,-4.399328062581537,-4.399328062581537,-1.6815883117645762,-4.399328062581537,-1.6815883117645762,-1.6815883117645762,-1.6815883117645762,-4.399328062581537,-3.493414812309217,-2.5875015620368966,-3.493414812309217,-1.6815883117645762,-1.6815883117645762,-4.399328062581537,-1.6815883117645762,-1.6815883117645762,-3.493414812309217,-1.6815883117645762,-1.6815883117645762,-4.399328062581537,-4.399328062581537,-2.5875015620368966,-2.5875015620368966,-4.399328062581537,-2.5875015620368966,-2.5875015620368966,-1.6815883117645762,-2.5875015620368966,-4.399328062581537,-3.493414812309217,-1.6815883117645762,-3.493414812309217,-3.493414812309217,-3.493414812309217,-4.399328062581537,-3.493414812309217,-3.493414812309217,-4.399328062581537,-4.399328062581537,-4.399328062581537,-3.493414812309217,-3.493414812309217,-2.5875015620368966,-3.493414812309217,-3.493414812309217,-3.493414812309217,-3.493414812309217,-1.6815883117645762,-2.5875015620368966,-4.399328062581537,-4.399328062581537,-3.493414812309217,-3.493414812309217,-4.399328062581537,-1.6815883117645762,-3.493414812309217,-4.399328062581537,-4.399328062581537,-1.6815883117645762,-4.399328062581537,-2.5875015620368966,-1.6815883117645762,-3.493414812309217,-1.6815883117645762,-3.493414812309217
-2.7760842939776524,-1.8570418661651384,-2.7760842939776524,-2.7760842939776524,-1.8570418661651384,-3.6951267217901487,-4.6141691496026445,-2.7760842939776524,-3.6951267217901487,-4.6141691496026445,-3.6951267217901487,-1.8570418661651384,-3.6951267217901487,-1.8570418661651384,-4.6141691496026445,-3.6951267217901487,-2.7760842939776524,-1.8570418661651384,-3.6951267217901487,-4.6141691496026445,-4.6141691496026445,-4.6141691496026445,-1.8570418661651384,-2.7760842939776524,-1.8570418661651384,-4.6141691496026445,-4.6141691496026445,-4.6141691496026445,-4.6141691496026445,-1.8570418661651384,-2.7760842939776524,-1.8570418661651384,-1.8570418661651384,-4.6141691496026445,-1.8570418661651384,-1.8570418661651384,-2.7760842939776524,-4.6141691496026445,-1.8570418661651384,-4.6141691496026445,-1.8570418661651384,-1.8570418661651384,-2.7760842939776524,-1.8570418661651384,-1.8570418661651384,-2.7760842939776524,-4.6141691496026445,-2.7760842939776524,-4.6141691496026445,-4.6141691496026445,-4.6141691496026445,-4.6141691496026445,-4.6141691496026445,-2.7760842939776524,-4.6141691496026445,-2.7760842939776524,-2.7760842939776524,-1.8570418661651384,-3.6951267217901487,-1.8570418661651384,-3.6951267217901487,-2.7760842939776524,-2.7760842939776524,-2.7760842939776524,-4.6141691496026445,-4.6141691496026445,-3.6951267217901487,-2.7760842939776524,-1.8570418661651384,-4.6141691496026445,-2.7760842939776524,-1.8570418661651384,-2.7760842939776524,-4.6141691496026445,-4.6141691496026445,-1.8570418661651384,-4.6141691496026445,-3.6951267217901487,-4.6141691496026445,-3.6951267217901487,-2.7760842939776524,-3.6951267217901487,-3.6951267217901487,-3.6951267217901487,-3.6951267217901487,-3.6951267217901487,-2.7760842939776524,-2.7760842939776524,-1.8570418661651384,-2.7760842939776524,-2.7760842939776524,-2.7760842939776524,-4.6141691496026445,-2.7760842939776524,-4.6141691496026445,-3.6951267217901487,-3.6951267217901487,-4.6141691496026445,-1.8570418661651384,-2.7760842939776524,-3.6951267217901487,-2.7760842939776524,-4.6141691496026445,-4.6141691496026445,-4.6141691496026445,-3.6951267217901487,-3.6951267217901487,-4.6141691496026445,-4.6141691496026445,-2.7760842939776524,-1.8570418661651384,-1.8570418661651384,-3.6951267217901487,-1.8570418661651384,-3.6951267217901487,-1.8570418661651384,-4.6141691496026445,-2.7760842939776524,-1.8570418661651384,-1.8570418661651384,-1.8570418661651384,-4.6141691496026445,-1.8570418661651384,-1.8570418661651384,-1.8570418661651384,-3.6951267217901487,-3.6951267217901487,-4.6141691496026445,-2.7760842939776524,-4.6141691496026445,-3.6951267217901487,-2.7760842939776524,-2.7760842939776524,-4.6141691496026445,-3.6951267217901487,-4.6141691496026445,-1.8570418661651384,-2.7760842939776524,-3.6951267217901487,-2.7760842939776524,-3.6951267217901487,-4.6141691496026445,-1.8570418661651384,-3.6951267217901487,-4.6141691496026445,-4.6141691496026445,-1.8570418661651384,-4.6141691496026445,-1.8570418661651384,-1.8570418661651384,-3.6951267217901487,-2.7760842939776524,-2.7760842939776524,-1.8570418661651384,-3.6951267217901487,-2.7760842939776524,-2.7760842939776524,-3.6951267217901487,-2.7760842939776524,-4.6141691496026445,-3.6951267217901487,-1.8570418661651384,-4.6141691496026445,-1.8570418661651384,-1.8570418661651384,-1.8570418661651384,-2.7760842939776524,-1.8570418661651384,-3.6951267217901487,-4.6141691496026445,-1.8570418661651384,-3.6951267217901487,-2.7760842939776524,-4.6141691496026445,-2.7760842939776524,-2.7760842939776524,-2.7760842939776524,-4.6141691496026445,-3.6951267217901487,-1.8570418661651384,-2.7760842939776524,-4.6141691496026445,-4.6141691496026445,-3.6951267217901487,-4.6141691496026445,-2.7760842939776524,-4.6141691496026445,-3.6951267217901487,-2.7760842939776524,-4.6141691496026445,-3.6951267217901487,-4.6141691496026445,-2.7760842939776524,-1.8570418661651384,-3.6951267217901487,-3.6951267217901487,-3.6951267217901487,-3.6951267217901487,-3.6951267217901487,-4.6141691496026445
-2.0324954205657186,-3.89683863127108,-3.89683863127108,-2.0324954205657186,-4.829010236623752,-3.89683863127108,-2.0324954205657186,-4.829010236623752,-2.0324954205657186,-2.0324954205657186,-2.9646670259183905,-4.829010236623752,-4.829010236623752,-2.0324954205657186,-2.9646670259183905,-2.0324954205657186,-2.0324954205657186,-4.829010236623752,-2.0324954205657186,-2.0324954205657186,-2.0324954205657186,-2.9646670259183905,-3.89683863127108,-2.9646670259183905,-3.89683863127108,-2.9646670259183905,-3.89683863127108,-3.89683863127108,-3.89683863127108,-4.829010236623752,-3.89683863127108,-3.89683863127108,-2.0324954205657186,-4.829010236623752,-2.9646670259183905,-4.829010236623752,-3.89683863127108,-2.0324954205657186,-4.829010236623752,-2.9646670259183905,-2.9646670259183905,-3.89683863127108,-2.0324954205657186,-3.89683863127108,-3.89683863127108,-4.829010236623752,-2.9646670259183905,-2.0324954205657186,-4.829010236623752,-3.89683863127108,-2.0324954205657186,-3.89683863127108,-2.9646670259183905,-2.9646670259183905,-2.0324954205657186,-4.829010236623752,-2.9646670259183905,-2.9646670259183905,-3.89683863127108,-2.9646670259183905,-4.829010236623752,-4.829010236623752,-4.829010236623752,-2.9646670259183905,-3.89683863127108,-4.829010236623752,-2.0324954205657186,-3.89683863127108,-2.0324954205657186,-2.9646670259183905,-2.0324954205657186,-2.0324954205657186,-3.89683863127108,-4.829010236623752,-2.0324954205657186,-4.829010236623752,-2.0324954205657186,-4.829010236623752,-4.829010236623752,-2.0324954205657186,-2.0324954205657186,-2.0324954205657186,-2.9646670259183905,-3.89683863127108,-4.829010236623752,-3.89683863127108,-2.9646670259183905,-2.0324954205657186,-3.89683863127108,-2.9646670259183905,-2.9646670259183905,-4.829010236623752,-2.9646670259183905,-4.829010236623752,-2.0324954205657186,-3.89683863127108,-3.89683863127108,-4.829010236623752,-4.829010236623752,-3.89683863127108,-3.89683863127108,-2.0324954205657186,-2.0324954205657186,-2.0324954205657186,-2.0324954205657186,-2.0324954205657186,-2.9646670259183905,-4.829010236623752,-2.9646670259183905,-2.0324954205657186,-4.829010236623752,-3.89683863127108,-4.829010236623752,-3.89683863127108,-4.829010236623752,-3.89683863127108,-2.0324954205657186,-3.89683863127108,-2.9646670259183905,-2.0324954205657186,-3.89683863127108,-3.89683863127108,-2.9646670259183905,-2.9646670259183905,-3.89683863127108,-3.89683863127108,-4.829010236623752,-3.89683863127108,-3.89683863127108,-2.0324954205657186,-4.829010236623752,-2.9646670259183905,-2.0324954205657186,-4.829010236623752,-2.0324954205657186,-3.89683863127108,-2.9646670259183905,-2.0324954205657186,-4.829010236623752,-2.0324954205657186,-4.829010236623752,-2.0324954205657186,-3.89683863127108,-4.829010236623752,-2.9646670259183905,-2.0324954205657186,-2.9646670259183905,-2.9646670259183905,-2.0324954205657186,-4.829010236623752,-2.0324954205657186,-2.9646670259183905,-2.0324954205657186,-4.829010236623752,-3.89683863127108,-2.9646670259183905,-3.89683863127108,-2.9646670259183905,-4.829010236623752,-3.89683863127108,-4.829010236623752,-3.89683863127108,-3.89683863127108,-4.829010236623752,-2.9646670259183905,-4.829010236623752,-3.89683863127108,-3.89683863127108,-4.829010236623752,-4.829010236623752,-3.89683863127108,-3.89683863127108,-2.0324954205657186,-2.9646670259183905,-2.9646670259183905,-2.9646670259183905,-3.89683863127108,-2.9646670259183905,-2.9646670259183905,-2.9646670259183905,-2.0324954205657186,-2.9646670259183905,-3.89683863127108,-2.0324954205657186,-2.9646670259183905,-2.9646670259183905,-2.9646670259183905,-4.829010236623752,-2.9646670259183905,-2.0324954205657186,-3.89683863127108,-2.9646670259183905,-3.89683863127108,-4.829010236623752,-2.0324954205657186,-2.9646670259183905,-2.0324954205657186,-2.0324954205657186,-3.89683863127108,-4.829010236623752
-3.1532497578591285,-3.1532497578591285,-4.098550540751994,-3.1532497578591285,-4.098550540751994,-2.207948974966281,-4.098550540751994,-4.098550540751994,-5.043851323644859,-5.043851323644859,-3.1532497578591285,-3.1532497578591285,-3.1532497578591285,-3.1532497578591285,-3.1532497578591285,-5.043851323644859,-3.1532497578591285,-3.1532497578591285,-5.043851323644859,-5.043851323644859,-3.1532497578591285,-3.1532497578591285,-4.098550540751994,-5.043851323644859,-3.1532497578591285,-5.043851323644859,-4.098550540751994,-2.207948974966281,-4.098550540751994,-4.098550540751994,-2.207948974966281,-3.1532497578591285,-5.043851323644859,-4.098550540751994,-4.098550540751994,-5.043851323644859,-4.098550540751994,-5.043851323644859,-5.043851323644859,-4.098550540751994,-3.1532497578591285,-2.207948974966281,-5.043851323644859,-5.043851323644859,-4.098550540751994,-3.1532497578591285,-4.098550540751994,-3.1532497578591285,-2.207948974966281,-2.207948974966281,-2.207948974966281,-5.043851323644859,-3.1532497578591285,-4.098550540751994,-4.098550540751994,-3.1532497578591285,-2.207948974966281,-2.207948974966281,-3.1532497578591285,-5.043851323644859,-5.043851323644859,-3.1532497578591285,-5.043851323644859,-4.098550540751994,-4.098550540751994,-4.098550540751994,-2.207948974966281,-3.1532497578591285,-2.207948974966281,-4.098550540751994,-4.098550540751994,-2.207948974966281,-5.043851323644859,-4.098550540751994,-5.043851323644859,-4.098550540751994,-5.043851323644859,-2.207948974966281,-5.043851323644859,-4.098550540751994,-5.043851323644859,-2.207948974966281,-5.043851323644859,-5.043851323644859,-5.043851323644859,-3.1532497578591285,-5.043851323644859,-5.043851323644859,-4.098550540751994,-5.043851323644859,-5.043851323644859,-3.1532497578591285,-3.1532497578591285,-4.098550540751994,-3.1532497578591285,-2.207948974966281,-2.207948974966281,-3.1532497578591285,-2.207948974966281,-3.1532497578591285,-2.207948974966281,-3.1532497578591285,-4.098550540751994,-5.043851323644859,-5.043851323644859,-3.1532497578591285,-5.043851323644859,-3.1532497578591285,-3.1532497578591285,-5.043851323644859,-4.098550540751994,-2.207948974966281,-3.1532497578591285,-5.043851323644859,-5.043851323644859,-3.1532497578591285,-2.207948974966281,-5.043851323644859,-4.098550540751994,-4.098550540751994,-5.043851323644859,-2.207948974966281,-4.098550540751994,-5.043851323644859,-4.098550540751994,-5.043851323644859,-4.098550540751994,-5.043851323644859,-3.1532497578591285,-5.043851323644859,-5.043851323644859,-3.1532497578591285,-5.043851323644859,-3.1532497578591285,-4.098550540751994,-2.207948974966281,-5.043851323644859,-2.207948974966281,-4.098550540751994,-5.043851323644859,-4.098550540751994,-2.207948974966281,-5.043851323644859,-3.1532497578591285,-4.098550540751994,-4.098550540751994,-2.207948974966281,-3.1532497578591285,-5.043851323644859,-3.1532497578591285,-4.098550540751994,-4.098550540751994,-2.207948974966281,-5.043851323644859,-4.098550540751994,-5.043851323644859,-2.207948974966281,-5.043851323644859,-5.043851323644859,-4.098550540751994,-2.207948974966281,-5.043851323644859,-2.207948974966281,-4.098550540751994,-4.098550540751994,-2.207948974966281,-4.098550540751994,-5.043851323644859,-3.1532497578591285,-4.098550540751994,-4.098550540751994,-3.1532497578591285,-4.098550540751994,-4.098550540751994,-5.043851323644859,-5.043851323644859,-4.098550540751994,-2.207948974966281,-4.098550540751994,-2.207948974966281,-3.1532497578591285,-3.1532497578591285,-3.1532497578591285,-5.043851323644859,-5.043851323644859,-5.043851323644859,-4.098550540751994,-4.098550540751994,-3.1532497578591285,-5.043851323644859,-2.207948974966281,-3.1532497578591285,-5.043851323644859,-2.207948974966281,-5.043851323644859,-2.207948974966281,-5.043851323644859,-3.1532497578591285,-2.207948974966281,-5.043851323644859
