30.424594856153988,30.46323071830467,30.46323071830467,30.424594856153988,30.437473476870885,30.450352097587775,30.437473476870885,30.437473476870885,30.424594856153988,30.450352097587775,30.450352097587775,30.46323071830467,30.450352097587775,30.450352097587775,30.450352097587775,30.46323071830467,30.450352097587775,30.46323071830467,30.437473476870885,30.450352097587775,30.450352097587775,30.437473476870885,30.450352097587775,30.450352097587775,30.46323071830467,30.450352097587775,30.450352097587775,30.437473476870885,30.437473476870885,30.46323071830467,30.424594856153988,30.450352097587775,30.46323071830467,30.46323071830467,30.424594856153988,30.437473476870885,30.46323071830467,30.437473476870885,30.450352097587775,30.424594856153988,30.424594856153988,30.46323071830467,30.46323071830467,30.437473476870885,30.46323071830467,30.450352097587775,30.46323071830467,30.437473476870885,30.424594856153988,30.450352097587775,30.450352097587775,30.424594856153988,30.450352097587775,30.450352097587775,30.450352097587775,30.46323071830467,30.450352097587775,30.46323071830467,30.437473476870885,30.437473476870885,30.46323071830467,30.450352097587775,30.46323071830467,30.424594856153988,30.437473476870885,30.450352097587775,30.437473476870885,30.424594856153988,30.424594856153988,30.424594856153988,30.437473476870885,30.437473476870885,30.450352097587775,30.437473476870885,30.450352097587775,30.450352097587775,30.424594856153988,30.450352097587775,30.424594856153988,30.437473476870885,30.46323071830467,30.46323071830467,30.46323071830467,30.46323071830467,30.46323071830467,30.46323071830467,30.437473476870885,30.450352097587775,30.46323071830467,30.450352097587775,30.450352097587775,30.424594856153988,30.437473476870885,30.437473476870885,30.424594856153988,30.424594856153988,30.450352097587775,30.437473476870885,30.450352097587775,30.424594856153988,30.437473476870885,30.450352097587775,30.424594856153988,30.424594856153988,30.46323071830467,30.424594856153988,30.437473476870885,30.437473476870885,30.450352097587775,30.424594856153988,30.450352097587775,30.450352097587775,30.450352097587775,30.424594856153988,30.437473476870885,30.450352097587775,30.46323071830467,30.450352097587775,30.46323071830467,30.450352097587775,30.437473476870885,30.424594856153988,30.437473476870885,30.437473476870885,30.424594856153988,30.46323071830467,30.437473476870885,30.46323071830467,30.437473476870885,30.437473476870885,30.424594856153988,30.424594856153988,30.437473476870885,30.46323071830467,30.450352097587775,30.46323071830467,30.46323071830467,30.450352097587775,30.437473476870885,30.437473476870885,30.424594856153988,30.46323071830467,30.424594856153988,30.450352097587775,30.424594856153988,30.46323071830467,30.424594856153988,30.424594856153988,30.424594856153988,30.424594856153988,30.450352097587775,30.46323071830467,30.424594856153988,30.437473476870885,30.437473476870885,30.450352097587775,30.424594856153988,30.437473476870885,30.450352097587775,30.437473476870885,30.46323071830467,30.46323071830467,30.437473476870885,30.450352097587775,30.424594856153988,30.46323071830467,30.437473476870885,30.424594856153988,30.424594856153988,30.450352097587775,30.46323071830467,30.46323071830467,30.424594856153988,30.46323071830467,30.437473476870885,30.46323071830467,30.46323071830467,30.450352097587775,30.450352097587775,30.437473476870885,30.450352097587775,30.437473476870885,30.46323071830467,30.424594856153988,30.424594856153988,30.424594856153988,30.46323071830467,30.46323071830467,30.424594856153988,30.46323071830467,30.437473476870885,30.437473476870885,30.437473476870885,30.46323071830467,30.450352097587775,30.437473476870885,30.437473476870885,30.437473476870885,30.437473476870885,30.424594856153988
30.265368272745135,30.213853789877565,30.265368272745135,30.213853789877565,30.213853789877565,30.213853789877565,30.291125514178923,30.265368272745135,30.213853789877565,30.265368272745135,30.265368272745135,30.265368272745135,30.239611031311348,30.239611031311348,30.239611031311348,30.265368272745135,30.239611031311348,30.213853789877565,30.239611031311348,30.291125514178923,30.213853789877565,30.291125514178923,30.291125514178923,30.265368272745135,30.239611031311348,30.291125514178923,30.291125514178923,30.291125514178923,30.265368272745135,30.213853789877565,30.213853789877565,30.265368272745135,30.213853789877565,30.213853789877565,30.265368272745135,30.265368272745135,30.239611031311348,30.265368272745135,30.265368272745135,30.291125514178923,30.213853789877565,30.213853789877565,30.265368272745135,30.239611031311348,30.213853789877565,30.239611031311348,30.265368272745135,30.265368272745135,30.213853789877565,30.213853789877565,30.291125514178923,30.239611031311348,30.291125514178923,30.239611031311348,30.239611031311348,30.291125514178923,30.213853789877565,30.265368272745135,30.291125514178923,30.265368272745135,30.213853789877565,30.213853789877565,30.239611031311348,30.239611031311348,30.239611031311348,30.291125514178923,30.213853789877565,30.265368272745135,30.213853789877565,30.239611031311348,30.291125514178923,30.291125514178923,30.239611031311348,30.213853789877565,30.213853789877565,30.291125514178923,30.291125514178923,30.265368272745135,30.291125514178923,30.213853789877565,30.239611031311348,30.239611031311348,30.213853789877565,30.239611031311348,30.213853789877565,30.239611031311348,30.213853789877565,30.265368272745135,30.291125514178923,30.239611031311348,30.239611031311348,30.291125514178923,30.213853789877565,30.265368272745135,30.239611031311348,30.239611031311348,30.239611031311348,30.265368272745135,30.291125514178923,30.291125514178923,30.213853789877565,30.213853789877565,30.265368272745135,30.213853789877565,30.213853789877565,30.239611031311348,30.291125514178923,30.239611031311348,30.239611031311348,30.239611031311348,30.265368272745135,30.213853789877565,30.265368272745135,30.265368272745135,30.213853789877565,30.265368272745135,30.265368272745135,30.265368272745135,30.265368272745135,30.291125514178923,30.291125514178923,30.239611031311348,30.291125514178923,30.213853789877565,30.239611031311348,30.239611031311348,30.291125514178923,30.213853789877565,30.239611031311348,30.265368272745135,30.265368272745135,30.213853789877565,30.291125514178923,30.213853789877565,30.213853789877565,30.239611031311348,30.291125514178923,30.265368272745135,30.239611031311348,30.265368272745135,30.213853789877565,30.213853789877565,30.213853789877565,30.239611031311348,30.291125514178923,30.265368272745135,30.291125514178923,30.239611031311348,30.239611031311348,30.239611031311348,30.213853789877565,30.265368272745135,30.239611031311348,30.239611031311348,30.291125514178923,30.239611031311348,30.265368272745135,30.239611031311348,30.239611031311348,30.213853789877565,30.239611031311348,30.239611031311348,30.213853789877565,30.265368272745135,30.239611031311348,30.213853789877565,30.291125514178923,30.213853789877565,30.265368272745135,30.213853789877565,30.239611031311348,30.239611031311348,30.239611031311348,30.213853789877565,30.239611031311348,30.291125514178923,30.265368272745135,30.291125514178923,30.213853789877565,30.239611031311348,30.265368272745135,30.291125514178923,30.265368272745135,30.213853789877565,30.213853789877565,30.291125514178923,30.265368272745135,30.291125514178923,30.265368272745135,30.239611031311348,30.291125514178923,30.239611031311348,30.239611031311348,30.265368272745135,30.265368272745135,30.291125514178923,30.239611031311348,30.213853789877565,30.265368272745135,30.265368272745135
30.080384447902492,30.080384447902492,30.080384447902492,30.003112723601138,30.041748585751815,30.003112723601138,30.119020310053173,30.080384447902492,30.041748585751815,30.119020310053173,30.119020310053173,30.119020310053173,30.119020310053173,30.041748585751815,30.080384447902492,30.003112723601138,30.041748585751815,30.041748585751815,30.041748585751815,30.080384447902492,30.041748585751815,30.119020310053173,30.041748585751815,30.119020310053173,30.041748585751815,30.080384447902492,30.041748585751815,30.119020310053173,30.080384447902492,30.003112723601138,30.003112723601138,30.119020310053173,30.119020310053173,30.003112723601138,30.119020310053173,30.119020310053173,30.080384447902492,30.003112723601138,30.080384447902492,30.119020310053173,30.119020310053173,30.003112723601138,30.119020310053173,30.119020310053173,30.003112723601138,30.119020310053173,30.119020310053173,30.080384447902492,30.003112723601138,30.119020310053173,30.041748585751815,30.003112723601138,30.003112723601138,30.080384447902492,30.041748585751815,30.119020310053173,30.080384447902492,30.041748585751815,30.041748585751815,30.080384447902492,30.080384447902492,30.080384447902492,30.080384447902492,30.119020310053173,30.080384447902492,30.080384447902492,30.041748585751815,30.119020310053173,30.080384447902492,30.041748585751815,30.003112723601138,30.003112723601138,30.003112723601138,30.003112723601138,30.080384447902492,30.119020310053173,30.080384447902492,30.080384447902492,30.041748585751815,30.119020310053173,30.119020310053173,30.080384447902492,30.119020310053173,30.080384447902492,30.119020310053173,30.080384447902492,30.041748585751815,30.003112723601138,30.080384447902492,30.080384447902492,30.080384447902492,30.003112723601138,30.041748585751815,30.119020310053173,30.080384447902492,30.003112723601138,30.003112723601138,30.119020310053173,30.041748585751815,30.003112723601138,30.003112723601138,30.041748585751815,30.119020310053173,30.080384447902492,30.041748585751815,30.119020310053173,30.041748585751815,30.119020310053173,30.003112723601138,30.080384447902492,30.119020310053173,30.003112723601138,30.003112723601138,30.080384447902492,30.080384447902492,30.041748585751815,30.041748585751815,30.041748585751815,30.003112723601138,30.003112723601138,30.119020310053173,30.119020310053173,30.080384447902492,30.041748585751815,30.041748585751815,30.080384447902492,30.041748585751815,30.041748585751815,30.003112723601138,30.003112723601138,30.041748585751815,30.003112723601138,30.003112723601138,30.080384447902492,30.041748585751815,30.041748585751815,30.003112723601138,30.080384447902492,30.119020310053173,30.119020310053173,30.041748585751815,30.041748585751815,30.119020310053173,30.003112723601138,30.003112723601138,30.041748585751815,30.003112723601138,30.003112723601138,30.003112723601138,30.041748585751815,30.080384447902492,30.080384447902492,30.080384447902492,30.041748585751815,30.003112723601138,30.041748585751815,30.119020310053173,30.080384447902492,30.041748585751815,30.041748585751815,30.080384447902492,30.119020310053173,30.080384447902492,30.080384447902492,30.119020310053173,30.041748585751815,30.080384447902492,30.119020310053173,30.041748585751815,30.003112723601138,30.003112723601138,30.119020310053173,30.003112723601138,30.003112723601138,30.080384447902492,30.003112723601138,30.119020310053173,30.119020310053173,30.041748585751815,30.080384447902492,30.041748585751815,30.080384447902492,30.003112723601138,30.041748585751815,30.119020310053173,30.003112723601138,30.041748585751815,30.041748585751815,30.119020310053173,30.119020310053173,30.003112723601138,30.041748585751815,30.119020310053173,30.080384447902492,30.041748585751815,30.119020310053173,30.041748585751815,30.080384447902492,30.003112723601138,30.119020310053173
29.895400623059853,29.946915105927417,29.946915105927417,29.946915105927417,29.946915105927417,29.79237165732472,29.843886140192282,29.895400623059853,29.895400623059853,29.895400623059853,29.946915105927417,29.895400623059853,29.895400623059853,29.895400623059853,29.843886140192282,29.843886140192282,29.843886140192282,29.895400623059853,29.79237165732472,29.79237165732472,29.946915105927417,29.79237165732472,29.843886140192282,29.843886140192282,29.79237165732472,29.79237165732472,29.79237165732472,29.946915105927417,29.946915105927417,29.79237165732472,29.79237165732472,29.895400623059853,29.79237165732472,29.895400623059853,29.946915105927417,29.843886140192282,29.843886140192282,29.946915105927417,29.946915105927417,29.79237165732472,29.895400623059853,29.79237165732472,29.79237165732472,29.79237165732472,29.895400623059853,29.895400623059853,29.895400623059853,29.895400623059853,29.79237165732472,29.946915105927417,29.843886140192282,29.843886140192282,29.946915105927417,29.895400623059853,29.843886140192282,29.843886140192282,29.79237165732472,29.79237165732472,29.946915105927417,29.79237165732472,29.843886140192282,29.895400623059853,29.946915105927417,29.79237165732472,29.79237165732472,29.895400623059853,29.946915105927417,29.79237165732472,29.843886140192282,29.895400623059853,29.79237165732472,29.843886140192282,29.843886140192282,29.79237165732472,29.895400623059853,29.843886140192282,29.843886140192282,29.895400623059853,29.946915105927417,29.843886140192282,29.843886140192282,29.843886140192282,29.895400623059853,29.946915105927417,29.79237165732472,29.946915105927417,29.895400623059853,29.946915105927417,29.843886140192282,29.843886140192282,29.946915105927417,29.946915105927417,29.79237165732472,29.843886140192282,29.79237165732472,29.946915105927417,29.79237165732472,29.79237165732472,29.895400623059853,29.843886140192282,29.895400623059853,29.895400623059853,29.79237165732472,29.946915105927417,29.895400623059853,29.895400623059853,29.79237165732472,29.843886140192282,29.946915105927417,29.895400623059853,29.843886140192282,29.843886140192282,29.946915105927417,29.895400623059853,29.946915105927417,29.946915105927417,29.946915105927417,29.843886140192282,29.946915105927417,29.843886140192282,29.843886140192282,29.895400623059853,29.895400623059853,29.79237165732472,29.79237165732472,29.946915105927417,29.843886140192282,29.946915105927417,29.843886140192282,29.946915105927417,29.895400623059853,29.946915105927417,29.946915105927417,29.79237165732472,29.946915105927417,29.79237165732472,29.79237165732472,29.946915105927417,29.946915105927417,29.895400623059853,29.946915105927417,29.843886140192282,29.946915105927417,29.843886140192282,29.895400623059853,29.843886140192282,29.79237165732472,29.843886140192282,29.79237165732472,29.946915105927417,29.843886140192282,29.895400623059853,29.946915105927417,29.79237165732472,29.79237165732472,29.79237165732472,29.895400623059853,29.895400623059853,29.843886140192282,29.843886140192282,29.843886140192282,29.79237165732472,29.843886140192282,29.895400623059853,29.843886140192282,29.895400623059853,29.79237165732472,29.79237165732472,29.79237165732472,29.79237165732472,29.895400623059853,29.895400623059853,29.895400623059853,29.843886140192282,29.843886140192282,29.895400623059853,29.843886140192282,29.895400623059853,29.895400623059853,29.79237165732472,29.79237165732472,29.895400623059853,29.79237165732472,29.843886140192282,29.946915105927417,29.946915105927417,29.895400623059853,29.895400623059853,29.79237165732472,29.946915105927417,29.843886140192282,29.895400623059853,29.895400623059853,29.79237165732472,29.843886140192282,29.79237165732472,29.843886140192282,29.79237165732472,29.843886140192282,29.79237165732472
29.64602369463275,29.64602369463275,29.581630591048285,29.71041679821721,29.581630591048285,29.581630591048285,29.71041679821721,29.581630591048285,29.581630591048285,29.77480990180168,29.581630591048285,29.581630591048285,29.71041679821721,29.71041679821721,29.64602369463275,29.581630591048285,29.71041679821721,29.64602369463275,29.64602369463275,29.581630591048285,29.581630591048285,29.77480990180168,29.71041679821721,29.64602369463275,29.64602369463275,29.77480990180168,29.581630591048285,29.581630591048285,29.77480990180168,29.71041679821721,29.77480990180168,29.64602369463275,29.581630591048285,29.581630591048285,29.77480990180168,29.71041679821721,29.64602369463275,29.71041679821721,29.71041679821721,29.64602369463275,29.581630591048285,29.71041679821721,29.71041679821721,29.64602369463275,29.77480990180168,29.64602369463275,29.77480990180168,29.71041679821721,29.64602369463275,29.71041679821721,29.71041679821721,29.64602369463275,29.71041679821721,29.77480990180168,29.581630591048285,29.71041679821721,29.581630591048285,29.77480990180168,29.581630591048285,29.64602369463275,29.71041679821721,29.64602369463275,29.77480990180168,29.77480990180168,29.64602369463275,29.77480990180168,29.71041679821721,29.77480990180168,29.71041679821721,29.64602369463275,29.581630591048285,29.77480990180168,29.581630591048285,29.64602369463275,29.71041679821721,29.64602369463275,29.71041679821721,29.581630591048285,29.77480990180168,29.71041679821721,29.77480990180168,29.71041679821721,29.581630591048285,29.71041679821721,29.64602369463275,29.64602369463275,29.77480990180168,29.71041679821721,29.64602369463275,29.581630591048285,29.581630591048285,29.77480990180168,29.71041679821721,29.581630591048285,29.71041679821721,29.581630591048285,29.64602369463275,29.581630591048285,29.71041679821721,29.581630591048285,29.71041679821721,29.77480990180168,29.77480990180168,29.64602369463275,29.71041679821721,29.77480990180168,29.64602369463275,29.71041679821721,29.581630591048285,29.64602369463275,29.581630591048285,29.77480990180168,29.64602369463275,29.581630591048285,29.64602369463275,29.581630591048285,29.581630591048285,29.71041679821721,29.71041679821721,29.77480990180168,29.581630591048285,29.581630591048285,29.77480990180168,29.71041679821721,29.64602369463275,29.71041679821721,29.581630591048285,29.581630591048285,29.581630591048285,29.71041679821721,29.581630591048285,29.77480990180168,29.77480990180168,29.71041679821721,29.71041679821721,29.77480990180168,29.581630591048285,29.71041679821721,29.77480990180168,29.64602369463275,29.64602369463275,29.581630591048285,29.64602369463275,29.71041679821721,29.64602369463275,29.71041679821721,29.581630591048285,29.581630591048285,29.77480990180168,29.77480990180168,29.77480990180168,29.581630591048285,29.64602369463275,29.77480990180168,29.77480990180168,29.64602369463275,29.71041679821721,29.77480990180168,29.77480990180168,29.77480990180168,29.77480990180168,29.64602369463275,29.64602369463275,29.71041679821721,29.64602369463275,29.77480990180168,29.77480990180168,29.77480990180168,29.77480990180168,29.581630591048285,29.64602369463275,29.581630591048285,29.77480990180168,29.64602369463275,29.64602369463275,29.77480990180168,29.581630591048285,29.77480990180168,29.581630591048285,29.64602369463275,29.64602369463275,29.581630591048285,29.77480990180168,29.77480990180168,29.581630591048285,29.581630591048285,29.581630591048285,29.64602369463275,29.64602369463275,29.71041679821721,29.77480990180168,29.581630591048285,29.71041679821721,29.64602369463275,29.64602369463275,29.581630591048285,29.77480990180168,29.581630591048285,29.77480990180168,29.581630591048285
29.370889524771854,29.448161249073213,29.52543297337457,29.52543297337457,29.602704697675925,29.448161249073213,29.448161249073213,29.52543297337457,29.602704697675925,29.602704697675925,29.52543297337457,29.370889524771854,29.52543297337457,29.448161249073213,29.602704697675925,29.52543297337457,29.448161249073213,29.602704697675925,29.370889524771854,29.602704697675925,29.370889524771854,29.370889524771854,29.52543297337457,29.448161249073213,29.602704697675925,29.52543297337457,29.602704697675925,29.52543297337457,29.52543297337457,29.602704697675925,29.52543297337457,29.52543297337457,29.448161249073213,29.370889524771854,29.602704697675925,29.448161249073213,29.52543297337457,29.448161249073213,29.52543297337457,29.448161249073213,29.602704697675925,29.370889524771854,29.370889524771854,29.448161249073213,29.52543297337457,29.448161249073213,29.602704697675925,29.602704697675925,29.52543297337457,29.602704697675925,29.52543297337457,29.448161249073213,29.602704697675925,29.448161249073213,29.370889524771854,29.52543297337457,29.52543297337457,29.448161249073213,29.370889524771854,29.602704697675925,29.602704697675925,29.370889524771854,29.370889524771854,29.370889524771854,29.52543297337457,29.52543297337457,29.602704697675925,29.52543297337457,29.370889524771854,29.52543297337457,29.52543297337457,29.602704697675925,29.602704697675925,29.52543297337457,29.602704697675925,29.602704697675925,29.370889524771854,29.370889524771854,29.370889524771854,29.602704697675925,29.370889524771854,29.448161249073213,29.52543297337457,29.52543297337457,29.52543297337457,29.52543297337457,29.448161249073213,29.448161249073213,29.52543297337457,29.448161249073213,29.52543297337457,29.52543297337457,29.448161249073213,29.52543297337457,29.52543297337457,29.370889524771854,29.602704697675925,29.448161249073213,29.52543297337457,29.370889524771854,29.52543297337457,29.370889524771854,29.602704697675925,29.448161249073213,29.602704697675925,29.448161249073213,29.448161249073213,29.370889524771854,29.52543297337457,29.370889524771854,29.370889524771854,29.448161249073213,29.602704697675925,29.52543297337457,29.52543297337457,29.52543297337457,29.602704697675925,29.448161249073213,29.602704697675925,29.602704697675925,29.448161249073213,29.448161249073213,29.448161249073213,29.602704697675925,29.370889524771854,29.448161249073213,29.602704697675925,29.448161249073213,29.602704697675925,29.52543297337457,29.52543297337457,29.370889524771854,29.52543297337457,29.52543297337457,29.52543297337457,29.602704697675925,29.370889524771854,29.52543297337457,29.448161249073213,29.370889524771854,29.370889524771854,29.448161249073213,29.370889524771854,29.602704697675925,29.448161249073213,29.52543297337457,29.602704697675925,29.448161249073213,29.370889524771854,29.448161249073213,29.52543297337457,29.448161249073213,29.52543297337457,29.448161249073213,29.370889524771854,29.602704697675925,29.448161249073213,29.370889524771854,29.52543297337457,29.370889524771854,29.370889524771854,29.370889524771854,29.370889524771854,29.52543297337457,29.370889524771854,29.52543297337457,29.52543297337457,29.370889524771854,29.370889524771854,29.52543297337457,29.602704697675925,29.602704697675925,29.52543297337457,29.448161249073213,29.52543297337457,29.448161249073213,29.370889524771854,29.602704697675925,29.448161249073213,29.448161249073213,29.448161249073213,29.370889524771854,29.370889524771854,29.52543297337457,29.370889524771854,29.448161249073213,29.52543297337457,29.370889524771854,29.370889524771854,29.370889524771854,29.370889524771854,29.602704697675925,29.370889524771854,29.602704697675925,29.602704697675925,29.448161249073213,29.448161249073213,29.602704697675925,29.370889524771854,29.602704697675925
29.340449148531928,29.340449148531928,29.430599493550186,29.430599493550186,29.25029880351368,29.16014845849543,29.25029880351368,29.25029880351368,29.16014845849543,29.16014845849543,29.25029880351368,29.25029880351368,29.16014845849543,29.340449148531928,29.25029880351368,29.340449148531928,29.340449148531928,29.430599493550186,29.340449148531928,29.16014845849543,29.430599493550186,29.430599493550186,29.430599493550186,29.340449148531928,29.430599493550186,29.25029880351368,29.430599493550186,29.430599493550186,29.25029880351368,29.430599493550186,29.340449148531928,29.340449148531928,29.25029880351368,29.430599493550186,29.430599493550186,29.340449148531928,29.16014845849543,29.16014845849543,29.430599493550186,29.430599493550186,29.340449148531928,29.16014845849543,29.16014845849543,29.25029880351368,29.25029880351368,29.25029880351368,29.340449148531928,29.16014845849543,29.430599493550186,29.340449148531928,29.430599493550186,29.340449148531928,29.16014845849543,29.16014845849543,29.25029880351368,29.25029880351368,29.16014845849543,29.340449148531928,29.25029880351368,29.340449148531928,29.340449148531928,29.340449148531928,29.430599493550186,29.16014845849543,29.340449148531928,29.430599493550186,29.25029880351368,29.16014845849543,29.340449148531928,29.430599493550186,29.430599493550186,29.25029880351368,29.16014845849543,29.430599493550186,29.340449148531928,29.340449148531928,29.16014845849543,29.25029880351368,29.16014845849543,29.25029880351368,29.16014845849543,29.430599493550186,29.340449148531928,29.430599493550186,29.430599493550186,29.25029880351368,29.340449148531928,29.16014845849543,29.25029880351368,29.430599493550186,29.16014845849543,29.340449148531928,29.430599493550186,29.430599493550186,29.16014845849543,29.430599493550186,29.430599493550186,29.25029880351368,29.16014845849543,29.340449148531928,29.16014845849543,29.16014845849543,29.430599493550186,29.25029880351368,29.430599493550186,29.16014845849543,29.25029880351368,29.340449148531928,29.340449148531928,29.430599493550186,29.16014845849543,29.25029880351368,29.25029880351368,29.16014845849543,29.340449148531928,29.25029880351368,29.340449148531928,29.430599493550186,29.16014845849543,29.340449148531928,29.16014845849543,29.340449148531928,29.340449148531928,29.16014845849543,29.340449148531928,29.340449148531928,29.430599493550186,29.430599493550186,29.340449148531928,29.340449148531928,29.430599493550186,29.25029880351368,29.25029880351368,29.340449148531928,29.25029880351368,29.430599493550186,29.340449148531928,29.430599493550186,29.25029880351368,29.16014845849543,29.16014845849543,29.430599493550186,29.16014845849543,29.25029880351368,29.340449148531928,29.430599493550186,29.16014845849543,29.340449148531928,29.340449148531928,29.340449148531928,29.16014845849543,29.340449148531928,29.16014845849543,29.25029880351368,29.430599493550186,29.16014845849543,29.16014845849543,29.25029880351368,29.25029880351368,29.430599493550186,29.16014845849543,29.25029880351368,29.340449148531928,29.340449148531928,29.16014845849543,29.340449148531928,29.340449148531928,29.340449148531928,29.16014845849543,29.25029880351368,29.430599493550186,29.16014845849543,29.25029880351368,29.430599493550186,29.16014845849543,29.16014845849543,29.25029880351368,29.25029880351368,29.25029880351368,29.16014845849543,29.16014845849543,29.340449148531928,29.430599493550186,29.340449148531928,29.430599493550186,29.16014845849543,29.25029880351368,29.430599493550186,29.25029880351368,29.16014845849543,29.430599493550186,29.16014845849543,29.25029880351368,29.340449148531928,29.25029880351368,29.16014845849543,29.340449148531928,29.25029880351368,29.16014845849543,29.430599493550186
29.15546532368929,29.15546532368929,29.052436357954154,29.15546532368929,29.15546532368929,28.94940739221901,28.94940739221901,29.15546532368929,29.15546532368929,28.94940739221901,29.258494289424437,28.94940739221901,28.94940739221901,29.052436357954154,29.052436357954154,29.15546532368929,29.052436357954154,29.258494289424437,29.052436357954154,29.052436357954154,28.94940739221901,29.15546532368929,28.94940739221901,29.052436357954154,28.94940739221901,29.052436357954154,29.15546532368929,29.258494289424437,29.15546532368929,28.94940739221901,29.15546532368929,29.052436357954154,28.94940739221901,28.94940739221901,29.15546532368929,29.258494289424437,29.15546532368929,29.258494289424437,28.94940739221901,29.15546532368929,28.94940739221901,29.258494289424437,29.15546532368929,29.052436357954154,29.15546532368929,29.258494289424437,29.258494289424437,29.052436357954154,29.258494289424437,29.15546532368929,29.15546532368929,29.15546532368929,29.052436357954154,28.94940739221901,29.15546532368929,28.94940739221901,28.94940739221901,29.15546532368929,28.94940739221901,29.15546532368929,29.15546532368929,29.052436357954154,29.258494289424437,28.94940739221901,29.052436357954154,29.052436357954154,28.94940739221901,29.052436357954154,28.94940739221901,29.052436357954154,29.052436357954154,29.052436357954154,29.052436357954154,29.258494289424437,29.052436357954154,29.052436357954154,29.052436357954154,29.052436357954154,28.94940739221901,29.052436357954154,29.15546532368929,29.258494289424437,28.94940739221901,29.052436357954154,29.052436357954154,29.15546532368929,29.258494289424437,28.94940739221901,29.258494289424437,29.258494289424437,29.052436357954154,28.94940739221901,29.052436357954154,29.258494289424437,29.15546532368929,29.258494289424437,28.94940739221901,28.94940739221901,28.94940739221901,29.052436357954154,29.258494289424437,28.94940739221901,28.94940739221901,29.15546532368929,29.15546532368929,29.15546532368929,29.052436357954154,28.94940739221901,29.052436357954154,29.052436357954154,29.15546532368929,28.94940739221901,29.258494289424437,29.258494289424437,29.258494289424437,29.052436357954154,28.94940739221901,29.052436357954154,28.94940739221901,29.052436357954154,29.15546532368929,29.052436357954154,29.052436357954154,29.258494289424437,28.94940739221901,28.94940739221901,29.15546532368929,29.258494289424437,29.15546532368929,29.052436357954154,29.258494289424437,29.258494289424437,29.15546532368929,28.94940739221901,29.258494289424437,28.94940739221901,28.94940739221901,29.15546532368929,29.15546532368929,29.052436357954154,29.258494289424437,28.94940739221901,29.258494289424437,28.94940739221901,29.258494289424437,28.94940739221901,29.15546532368929,29.052436357954154,28.94940739221901,29.052436357954154,29.258494289424437,29.15546532368929,29.258494289424437,29.15546532368929,29.15546532368929,29.15546532368929,29.052436357954154,29.052436357954154,28.94940739221901,29.052436357954154,29.052436357954154,28.94940739221901,29.258494289424437,29.258494289424437,29.052436357954154,28.94940739221901,29.258494289424437,29.15546532368929,28.94940739221901,29.15546532368929,29.258494289424437,28.94940739221901,29.052436357954154,28.94940739221901,29.052436357954154,29.052436357954154,29.052436357954154,29.258494289424437,29.052436357954154,29.15546532368929,29.15546532368929,29.258494289424437,29.258494289424437,29.15546532368929,28.94940739221901,28.94940739221901,28.94940739221901,29.258494289424437,28.94940739221901,28.94940739221901,29.15546532368929,28.94940739221901,28.94940739221901,29.052436357954154,28.94940739221901,29.052436357954154,28.94940739221901,29.15546532368929,29.15546532368929,29.258494289424437
28.85457391239461,29.08638908529868,28.970481498846645,28.970481498846645,28.738666325942585,29.08638908529868,28.738666325942585,29.08638908529868,28.85457391239461,28.85457391239461,29.08638908529868,29.08638908529868,28.970481498846645,28.970481498846645,29.08638908529868,28.738666325942585,28.85457391239461,28.85457391239461,28.85457391239461,29.08638908529868,28.738666325942585,28.738666325942585,28.970481498846645,29.08638908529868,28.738666325942585,28.85457391239461,28.970481498846645,29.08638908529868,28.970481498846645,29.08638908529868,28.970481498846645,28.85457391239461,28.970481498846645,28.85457391239461,29.08638908529868,29.08638908529868,29.08638908529868,29.08638908529868,28.970481498846645,28.738666325942585,28.738666325942585,28.970481498846645,28.738666325942585,28.85457391239461,29.08638908529868,28.970481498846645,28.738666325942585,28.970481498846645,28.85457391239461,29.08638908529868,28.738666325942585,28.85457391239461,28.85457391239461,28.738666325942585,28.970481498846645,28.85457391239461,29.08638908529868,29.08638908529868,29.08638908529868,28.738666325942585,28.85457391239461,28.970481498846645,28.738666325942585,28.738666325942585,28.85457391239461,28.970481498846645,28.85457391239461,29.08638908529868,28.970481498846645,29.08638908529868,28.738666325942585,28.85457391239461,29.08638908529868,29.08638908529868,28.85457391239461,29.08638908529868,28.85457391239461,28.738666325942585,28.970481498846645,28.738666325942585,28.970481498846645,29.08638908529868,28.85457391239461,28.970481498846645,29.08638908529868,28.970481498846645,28.85457391239461,28.738666325942585,28.85457391239461,28.85457391239461,29.08638908529868,28.738666325942585,28.970481498846645,29.08638908529868,28.970481498846645,29.08638908529868,28.738666325942585,28.738666325942585,28.85457391239461,28.970481498846645,29.08638908529868,28.85457391239461,29.08638908529868,28.738666325942585,29.08638908529868,28.85457391239461,28.738666325942585,28.970481498846645,28.85457391239461,29.08638908529868,28.738666325942585,28.738666325942585,28.738666325942585,28.85457391239461,28.85457391239461,28.970481498846645,28.85457391239461,28.970481498846645,28.738666325942585,28.738666325942585,28.970481498846645,28.738666325942585,28.970481498846645,29.08638908529868,29.08638908529868,28.85457391239461,28.85457391239461,28.970481498846645,28.738666325942585,28.738666325942585,28.85457391239461,28.738666325942585,29.08638908529868,28.970481498846645,28.970481498846645,28.970481498846645,28.85457391239461,28.85457391239461,28.85457391239461,29.08638908529868,28.970481498846645,28.738666325942585,28.738666325942585,28.85457391239461,28.738666325942585,28.970481498846645,29.08638908529868,28.738666325942585,28.85457391239461,28.85457391239461,28.738666325942585,28.738666325942585,28.738666325942585,28.738666325942585,28.970481498846645,28.738666325942585,28.85457391239461,28.970481498846645,28.85457391239461,28.85457391239461,28.85457391239461,28.738666325942585,28.85457391239461,28.738666325942585,28.85457391239461,28.970481498846645,28.738666325942585,28.970481498846645,28.738666325942585,28.970481498846645,28.970481498846645,28.85457391239461,28.85457391239461,28.738666325942585,29.08638908529868,28.85457391239461,28.970481498846645,28.738666325942585,28.738666325942585,28.970481498846645,28.970481498846645,28.970481498846645,28.85457391239461,29.08638908529868,29.08638908529868,28.970481498846645,28.970481498846645,28.85457391239461,29.08638908529868,28.970481498846645,28.85457391239461,28.85457391239461,28.85457391239461,28.85457391239461,29.08638908529868,28.85457391239461,28.738666325942585,28.85457391239461,28.738666325942585,28.970481498846645
28.914283881172942,28.527925259666155,28.527925259666155,28.527925259666155,28.527925259666155,28.785497674004006,28.527925259666155,28.527925259666155,28.914283881172942,28.527925259666155,28.527925259666155,28.914283881172942,28.527925259666155,28.785497674004006,28.914283881172942,28.914283881172942,28.656711466835077,28.914283881172942,28.527925259666155,28.785497674004006,28.785497674004006,28.527925259666155,28.914283881172942,28.785497674004006,28.527925259666155,28.527925259666155,28.527925259666155,28.656711466835077,28.914283881172942,28.527925259666155,28.914283881172942,28.914283881172942,28.914283881172942,28.914283881172942,28.914283881172942,28.785497674004006,28.785497674004006,28.656711466835077,28.527925259666155,28.785497674004006,28.656711466835077,28.527925259666155,28.656711466835077,28.785497674004006,28.914283881172942,28.914283881172942,28.785497674004006,28.785497674004006,28.914283881172942,28.527925259666155,28.656711466835077,28.656711466835077,28.527925259666155,28.914283881172942,28.656711466835077,28.914283881172942,28.656711466835077,28.914283881172942,28.914283881172942,28.527925259666155,28.527925259666155,28.785497674004006,28.785497674004006,28.785497674004006,28.914283881172942,28.527925259666155,28.656711466835077,28.914283881172942,28.527925259666155,28.785497674004006,28.527925259666155,28.914283881172942,28.656711466835077,28.527925259666155,28.656711466835077,28.785497674004006,28.914283881172942,28.527925259666155,28.656711466835077,28.914283881172942,28.914283881172942,28.527925259666155,28.527925259666155,28.785497674004006,28.656711466835077,28.785497674004006,28.914283881172942,28.914283881172942,28.785497674004006,28.785497674004006,28.914283881172942,28.785497674004006,28.527925259666155,28.656711466835077,28.527925259666155,28.656711466835077,28.656711466835077,28.527925259666155,28.785497674004006,28.656711466835077,28.914283881172942,28.785497674004006,28.656711466835077,28.785497674004006,28.914283881172942,28.785497674004006,28.914283881172942,28.914283881172942,28.785497674004006,28.914283881172942,28.527925259666155,28.656711466835077,28.785497674004006,28.914283881172942,28.656711466835077,28.656711466835077,28.656711466835077,28.785497674004006,28.785497674004006,28.527925259666155,28.785497674004006,28.527925259666155,28.785497674004006,28.656711466835077,28.785497674004006,28.656711466835077,28.656711466835077,28.785497674004006,28.527925259666155,28.914283881172942,28.914283881172942,28.785497674004006,28.914283881172942,28.656711466835077,28.656711466835077,28.785497674004006,28.527925259666155,28.656711466835077,28.914283881172942,28.914283881172942,28.785497674004006,28.914283881172942,28.656711466835077,28.785497674004006,28.656711466835077,28.527925259666155,28.656711466835077,28.914283881172942,28.527925259666155,28.914283881172942,28.656711466835077,28.785497674004006,28.914283881172942,28.656711466835077,28.527925259666155,28.656711466835077,28.914283881172942,28.914283881172942,28.785497674004006,28.656711466835077,28.785497674004006,28.785497674004006,28.914283881172942,28.785497674004006,28.785497674004006,28.785497674004006,28.914283881172942,28.914283881172942,28.656711466835077,28.914283881172942,28.527925259666155,28.527925259666155,28.785497674004006,28.527925259666155,28.527925259666155,28.656711466835077,28.914283881172942,28.914283881172942,28.656711466835077,28.527925259666155,28.527925259666155,28.785497674004006,28.527925259666155,28.656711466835077,28.656711466835077,28.527925259666155,28.914283881172942,28.527925259666155,28.656711466835077,28.527925259666155,28.785497674004006,28.527925259666155,28.656711466835077,28.656711466835077,28.656711466835077,28.785497674004006,28.785497674004006,28.656711466835077,28.914283881172942,28.914283881172942
28.742178677047185,28.45884902127555,28.45884902127555,28.600513849161363,28.742178677047185,28.742178677047185,28.45884902127555,28.600513849161363,28.31718419338973,28.742178677047185,28.31718419338973,28.31718419338973,28.742178677047185,28.600513849161363,28.45884902127555,28.31718419338973,28.600513849161363,28.742178677047185,28.45884902127555,28.600513849161363,28.45884902127555,28.742178677047185,28.600513849161363,28.45884902127555,28.742178677047185,28.600513849161363,28.742178677047185,28.742178677047185,28.31718419338973,28.742178677047185,28.45884902127555,28.31718419338973,28.45884902127555,28.31718419338973,28.45884902127555,28.45884902127555,28.742178677047185,28.31718419338973,28.742178677047185,28.600513849161363,28.31718419338973,28.45884902127555,28.600513849161363,28.600513849161363,28.31718419338973,28.742178677047185,28.600513849161363,28.31718419338973,28.45884902127555,28.45884902127555,28.31718419338973,28.742178677047185,28.31718419338973,28.45884902127555,28.31718419338973,28.45884902127555,28.742178677047185,28.31718419338973,28.31718419338973,28.31718419338973,28.742178677047185,28.600513849161363,28.45884902127555,28.31718419338973,28.742178677047185,28.742178677047185,28.600513849161363,28.31718419338973,28.31718419338973,28.742178677047185,28.45884902127555,28.742178677047185,28.600513849161363,28.742178677047185,28.600513849161363,28.45884902127555,28.45884902127555,28.742178677047185,28.45884902127555,28.45884902127555,28.31718419338973,28.31718419338973,28.45884902127555,28.742178677047185,28.45884902127555,28.742178677047185,28.742178677047185,28.600513849161363,28.31718419338973,28.31718419338973,28.45884902127555,28.742178677047185,28.600513849161363,28.742178677047185,28.600513849161363,28.600513849161363,28.31718419338973,28.31718419338973,28.45884902127555,28.31718419338973,28.31718419338973,28.600513849161363,28.742178677047185,28.31718419338973,28.600513849161363,28.31718419338973,28.45884902127555,28.45884902127555,28.742178677047185,28.600513849161363,28.742178677047185,28.31718419338973,28.600513849161363,28.742178677047185,28.31718419338973,28.600513849161363,28.600513849161363,28.45884902127555,28.600513849161363,28.31718419338973,28.45884902127555,28.742178677047185,28.600513849161363,28.600513849161363,28.45884902127555,28.742178677047185,28.600513849161363,28.31718419338973,28.31718419338973,28.600513849161363,28.31718419338973,28.45884902127555,28.31718419338973,28.45884902127555,28.742178677047185,28.45884902127555,28.742178677047185,28.31718419338973,28.600513849161363,28.45884902127555,28.600513849161363,28.45884902127555,28.742178677047185,28.600513849161363,28.45884902127555,28.31718419338973,28.600513849161363,28.31718419338973,28.45884902127555,28.45884902127555,28.742178677047185,28.31718419338973,28.45884902127555,28.45884902127555,28.600513849161363,28.600513849161363,28.742178677047185,28.45884902127555,28.45884902127555,28.742178677047185,28.600513849161363,28.45884902127555,28.45884902127555,28.600513849161363,28.31718419338973,28.600513849161363,28.742178677047185,28.45884902127555,28.742178677047185,28.600513849161363,28.742178677047185,28.600513849161363,28.31718419338973,28.31718419338973,28.31718419338973,28.600513849161363,28.742178677047185,28.742178677047185,28.742178677047185,28.742178677047185,28.31718419338973,28.742178677047185,28.600513849161363,28.31718419338973,28.45884902127555,28.600513849161363,28.45884902127555,28.31718419338973,28.31718419338973,28.45884902127555,28.45884902127555,28.600513849161363,28.742178677047185,28.31718419338973,28.600513849161363,28.31718419338973,28.600513849161363,28.742178677047185,28.742178677047185,28.600513849161363
28.415530024318723,28.570073472921436,28.260986575716018,28.260986575716018,28.106443127113305,28.570073472921436,28.415530024318723,28.415530024318723,28.106443127113305,28.106443127113305,28.570073472921436,28.570073472921436,28.570073472921436,28.260986575716018,28.260986575716018,28.106443127113305,28.570073472921436,28.106443127113305,28.570073472921436,28.415530024318723,28.415530024318723,28.415530024318723,28.106443127113305,28.260986575716018,28.415530024318723,28.260986575716018,28.570073472921436,28.415530024318723,28.260986575716018,28.260986575716018,28.415530024318723,28.570073472921436,28.415530024318723,28.570073472921436,28.106443127113305,28.106443127113305,28.570073472921436,28.106443127113305,28.106443127113305,28.260986575716018,28.570073472921436,28.570073472921436,28.106443127113305,28.415530024318723,28.415530024318723,28.106443127113305,28.570073472921436,28.106443127113305,28.415530024318723,28.415530024318723,28.106443127113305,28.106443127113305,28.106443127113305,28.570073472921436,28.415530024318723,28.260986575716018,28.106443127113305,28.415530024318723,28.415530024318723,28.260986575716018,28.260986575716018,28.260986575716018,28.570073472921436,28.415530024318723,28.260986575716018,28.106443127113305,28.415530024318723,28.570073472921436,28.570073472921436,28.570073472921436,28.260986575716018,28.570073472921436,28.415530024318723,28.260986575716018,28.415530024318723,28.106443127113305,28.415530024318723,28.415530024318723,28.570073472921436,28.260986575716018,28.260986575716018,28.570073472921436,28.415530024318723,28.570073472921436,28.570073472921436,28.260986575716018,28.415530024318723,28.570073472921436,28.570073472921436,28.106443127113305,28.260986575716018,28.415530024318723,28.570073472921436,28.570073472921436,28.260986575716018,28.260986575716018,28.106443127113305,28.570073472921436,28.415530024318723,28.415530024318723,28.415530024318723,28.106443127113305,28.106443127113305,28.106443127113305,28.106443127113305,28.106443127113305,28.415530024318723,28.260986575716018,28.415530024318723,28.260986575716018,28.570073472921436,28.570073472921436,28.106443127113305,28.260986575716018,28.106443127113305,28.570073472921436,28.260986575716018,28.415530024318723,28.570073472921436,28.106443127113305,28.106443127113305,28.106443127113305,28.570073472921436,28.415530024318723,28.106443127113305,28.260986575716018,28.260986575716018,28.260986575716018,28.415530024318723,28.415530024318723,28.106443127113305,28.260986575716018,28.415530024318723,28.260986575716018,28.415530024318723,28.106443127113305,28.570073472921436,28.106443127113305,28.106443127113305,28.260986575716018,28.106443127113305,28.570073472921436,28.260986575716018,28.570073472921436,28.415530024318723,28.260986575716018,28.106443127113305,28.570073472921436,28.570073472921436,28.570073472921436,28.570073472921436,28.106443127113305,28.415530024318723,28.415530024318723,28.570073472921436,28.415530024318723,28.106443127113305,28.415530024318723,28.570073472921436,28.415530024318723,28.570073472921436,28.260986575716018,28.415530024318723,28.260986575716018,28.106443127113305,28.415530024318723,28.415530024318723,28.260986575716018,28.106443127113305,28.415530024318723,28.570073472921436,28.415530024318723,28.570073472921436,28.260986575716018,28.106443127113305,28.260986575716018,28.260986575716018,28.415530024318723,28.260986575716018,28.106443127113305,28.106443127113305,28.260986575716018,28.260986575716018,28.106443127113305,28.570073472921436,28.415530024318723,28.106443127113305,28.106443127113305,28.570073472921436,28.260986575716018,28.415530024318723,28.415530024318723,28.106443127113305,28.415530024318723,28.415530024318723,28.260986575716018,28.570073472921436,28.415530024318723,28.570073472921436,28.415530024318723
28.06312413015648,28.397968268795694,28.397968268795694,28.06312413015648,28.23054619947609,28.06312413015648,28.23054619947609,27.895702060836875,27.895702060836875,28.23054619947609,28.06312413015648,28.06312413015648,27.895702060836875,28.397968268795694,28.23054619947609,28.06312413015648,27.895702060836875,28.397968268795694,28.397968268795694,28.397968268795694,27.895702060836875,27.895702060836875,28.23054619947609,27.895702060836875,28.23054619947609,28.06312413015648,28.23054619947609,28.397968268795694,28.23054619947609,28.23054619947609,27.895702060836875,28.23054619947609,28.23054619947609,28.397968268795694,28.397968268795694,28.23054619947609,27.895702060836875,28.23054619947609,28.23054619947609,27.895702060836875,28.23054619947609,28.06312413015648,28.06312413015648,28.06312413015648,27.895702060836875,28.397968268795694,28.23054619947609,27.895702060836875,28.397968268795694,28.06312413015648,28.397968268795694,28.397968268795694,28.397968268795694,28.397968268795694,28.397968268795694,28.397968268795694,27.895702060836875,27.895702060836875,28.397968268795694,28.397968268795694,28.23054619947609,28.23054619947609,28.23054619947609,27.895702060836875,28.06312413015648,28.397968268795694,27.895702060836875,28.06312413015648,28.06312413015648,28.23054619947609,28.06312413015648,27.895702060836875,28.23054619947609,27.895702060836875,28.06312413015648,28.397968268795694,27.895702060836875,28.23054619947609,28.06312413015648,28.397968268795694,27.895702060836875,27.895702060836875,27.895702060836875,28.06312413015648,28.397968268795694,27.895702060836875,27.895702060836875,28.23054619947609,28.23054619947609,27.895702060836875,28.23054619947609,28.06312413015648,28.06312413015648,28.23054619947609,27.895702060836875,27.895702060836875,28.397968268795694,27.895702060836875,27.895702060836875,27.895702060836875,28.23054619947609,27.895702060836875,28.06312413015648,28.397968268795694,27.895702060836875,27.895702060836875,27.895702060836875,28.397968268795694,27.895702060836875,27.895702060836875,28.06312413015648,28.06312413015648,28.397968268795694,28.06312413015648,28.23054619947609,27.895702060836875,28.06312413015648,28.23054619947609,28.397968268795694,28.397968268795694,27.895702060836875,28.06312413015648,27.895702060836875,27.895702060836875,28.06312413015648,28.06312413015648,28.06312413015648,28.23054619947609,28.06312413015648,28.06312413015648,28.06312413015648,28.397968268795694,28.23054619947609,28.397968268795694,28.06312413015648,28.06312413015648,28.06312413015648,28.397968268795694,28.23054619947609,27.895702060836875,28.397968268795694,28.397968268795694,27.895702060836875,27.895702060836875,27.895702060836875,27.895702060836875,28.06312413015648,28.06312413015648,28.397968268795694,27.895702060836875,28.397968268795694,28.23054619947609,28.397968268795694,28.397968268795694,28.06312413015648,28.23054619947609,28.397968268795694,28.397968268795694,27.895702060836875,28.23054619947609,27.895702060836875,28.397968268795694,28.06312413015648,27.895702060836875,28.397968268795694,28.397968268795694,28.06312413015648,27.895702060836875,28.397968268795694,28.23054619947609,28.397968268795694,27.895702060836875,28.397968268795694,28.397968268795694,27.895702060836875,28.06312413015648,27.895702060836875,28.23054619947609,28.06312413015648,28.397968268795694,28.397968268795694,28.23054619947609,28.397968268795694,28.23054619947609,28.397968268795694,28.23054619947609,28.23054619947609,28.397968268795694,28.06312413015648,28.06312413015648,28.06312413015648,27.895702060836875,28.23054619947609,28.23054619947609,27.895702060836875,27.895702060836875,28.06312413015648,28.06312413015648,27.895702060836875,28.23054619947609
27.86526168459695,27.684960994560452,27.86526168459695,27.684960994560452,28.045562374633448,27.86526168459695,27.684960994560452,27.684960994560452,27.86526168459695,28.225863064669944,27.86526168459695,27.86526168459695,28.045562374633448,27.684960994560452,27.684960994560452,27.684960994560452,27.684960994560452,28.045562374633448,28.225863064669944,27.684960994560452,27.86526168459695,28.045562374633448,28.225863064669944,27.684960994560452,27.684960994560452,27.684960994560452,27.86526168459695,28.225863064669944,28.045562374633448,27.684960994560452,27.86526168459695,28.225863064669944,27.684960994560452,28.045562374633448,28.225863064669944,27.684960994560452,28.045562374633448,28.225863064669944,27.86526168459695,28.045562374633448,28.045562374633448,27.86526168459695,27.684960994560452,28.045562374633448,27.86526168459695,28.225863064669944,27.86526168459695,27.86526168459695,28.045562374633448,27.86526168459695,28.225863064669944,28.225863064669944,27.86526168459695,28.045562374633448,28.225863064669944,27.684960994560452,28.045562374633448,28.045562374633448,27.684960994560452,27.86526168459695,28.045562374633448,27.86526168459695,28.225863064669944,28.225863064669944,27.684960994560452,28.225863064669944,27.86526168459695,27.684960994560452,27.86526168459695,27.86526168459695,28.225863064669944,28.225863064669944,27.86526168459695,28.225863064669944,27.684960994560452,28.225863064669944,27.86526168459695,28.045562374633448,28.225863064669944,28.045562374633448,27.86526168459695,28.045562374633448,27.86526168459695,27.684960994560452,28.225863064669944,27.684960994560452,27.684960994560452,28.045562374633448,27.684960994560452,28.225863064669944,28.225863064669944,27.684960994560452,27.86526168459695,27.86526168459695,27.684960994560452,28.225863064669944,27.684960994560452,28.045562374633448,28.225863064669944,27.684960994560452,27.684960994560452,27.86526168459695,28.045562374633448,27.684960994560452,28.225863064669944,28.045562374633448,28.045562374633448,27.86526168459695,27.86526168459695,28.225863064669944,28.225863064669944,27.684960994560452,27.684960994560452,28.225863064669944,28.045562374633448,27.86526168459695,28.225863064669944,28.045562374633448,28.045562374633448,27.684960994560452,28.225863064669944,27.684960994560452,27.86526168459695,27.684960994560452,28.045562374633448,27.86526168459695,28.225863064669944,27.86526168459695,27.684960994560452,27.86526168459695,28.225863064669944,27.684960994560452,27.86526168459695,27.86526168459695,27.684960994560452,28.225863064669944,27.684960994560452,27.684960994560452,27.86526168459695,27.86526168459695,27.684960994560452,28.045562374633448,27.86526168459695,27.684960994560452,28.225863064669944,28.045562374633448,28.225863064669944,27.86526168459695,28.225863064669944,27.86526168459695,28.045562374633448,28.225863064669944,27.684960994560452,27.684960994560452,27.684960994560452,27.86526168459695,28.225863064669944,27.684960994560452,28.045562374633448,27.86526168459695,28.045562374633448,28.225863064669944,27.86526168459695,28.045562374633448,27.684960994560452,27.684960994560452,27.86526168459695,27.684960994560452,28.045562374633448,27.684960994560452,28.225863064669944,28.225863064669944,28.225863064669944,28.225863064669944,28.225863064669944,28.045562374633448,27.86526168459695,27.86526168459695,28.225863064669944,27.86526168459695,28.225863064669944,28.045562374633448,27.684960994560452,27.86526168459695,28.045562374633448,28.225863064669944,28.225863064669944,27.86526168459695,27.684960994560452,28.045562374633448,27.684960994560452,28.225863064669944,27.684960994560452,27.684960994560452,28.225863064669944,28.225863064669944,28.045562374633448,28.225863064669944,28.225863064669944,27.86526168459695
27.667399239037415,27.474219928284022,27.86057854979081,27.667399239037415,28.05375786054419,28.05375786054419,27.86057854979081,27.667399239037415,27.667399239037415,28.05375786054419,27.667399239037415,27.667399239037415,27.474219928284022,27.667399239037415,27.474219928284022,28.05375786054419,27.667399239037415,27.86057854979081,27.667399239037415,27.667399239037415,27.667399239037415,28.05375786054419,27.667399239037415,27.667399239037415,27.474219928284022,27.667399239037415,28.05375786054419,27.474219928284022,27.667399239037415,27.667399239037415,27.474219928284022,28.05375786054419,28.05375786054419,27.667399239037415,27.667399239037415,27.667399239037415,27.86057854979081,27.667399239037415,27.667399239037415,27.667399239037415,27.667399239037415,27.474219928284022,28.05375786054419,27.474219928284022,27.86057854979081,27.474219928284022,27.667399239037415,27.474219928284022,27.474219928284022,27.667399239037415,28.05375786054419,27.474219928284022,27.667399239037415,27.474219928284022,27.86057854979081,27.474219928284022,27.474219928284022,27.86057854979081,27.474219928284022,27.667399239037415,27.474219928284022,28.05375786054419,28.05375786054419,28.05375786054419,27.667399239037415,27.667399239037415,27.474219928284022,27.667399239037415,28.05375786054419,27.667399239037415,27.667399239037415,28.05375786054419,27.667399239037415,27.86057854979081,27.667399239037415,27.86057854979081,27.667399239037415,27.474219928284022,28.05375786054419,27.474219928284022,27.474219928284022,27.474219928284022,27.667399239037415,27.667399239037415,27.474219928284022,28.05375786054419,28.05375786054419,27.86057854979081,27.86057854979081,27.86057854979081,27.667399239037415,27.667399239037415,27.667399239037415,27.86057854979081,27.86057854979081,27.667399239037415,28.05375786054419,27.667399239037415,27.667399239037415,27.474219928284022,27.667399239037415,27.667399239037415,27.86057854979081,27.86057854979081,27.667399239037415,27.667399239037415,27.86057854979081,28.05375786054419,27.474219928284022,27.667399239037415,28.05375786054419,27.667399239037415,28.05375786054419,27.667399239037415,28.05375786054419,28.05375786054419,27.474219928284022,27.474219928284022,28.05375786054419,28.05375786054419,28.05375786054419,27.86057854979081,28.05375786054419,27.667399239037415,28.05375786054419,27.86057854979081,27.474219928284022,27.86057854979081,27.86057854979081,27.667399239037415,28.05375786054419,27.474219928284022,27.474219928284022,28.05375786054419,27.667399239037415,27.86057854979081,27.667399239037415,27.474219928284022,27.474219928284022,27.474219928284022,27.86057854979081,27.86057854979081,27.86057854979081,27.86057854979081,28.05375786054419,27.86057854979081,27.86057854979081,27.86057854979081,27.86057854979081,27.86057854979081,28.05375786054419,27.667399239037415,27.86057854979081,27.474219928284022,27.86057854979081,28.05375786054419,27.86057854979081,27.667399239037415,27.474219928284022,28.05375786054419,28.05375786054419,27.86057854979081,28.05375786054419,28.05375786054419,28.05375786054419,27.86057854979081,27.474219928284022,28.05375786054419,27.474219928284022,28.05375786054419,27.86057854979081,28.05375786054419,28.05375786054419,27.86057854979081,27.86057854979081,28.05375786054419,27.474219928284022,27.474219928284022,27.86057854979081,27.474219928284022,27.474219928284022,27.667399239037415,27.474219928284022,27.474219928284022,27.86057854979081,27.667399239037415,27.86057854979081,27.86057854979081,27.86057854979081,28.05375786054419,27.667399239037415,27.474219928284022,27.86057854979081,27.86057854979081,27.86057854979081,27.667399239037415,27.667399239037415,27.86057854979081,28.05375786054419,27.667399239037415
27.88165265641845,27.469536793477882,27.675594724948166,27.675594724948166,27.469536793477882,27.675594724948166,27.675594724948166,27.469536793477882,27.88165265641845,27.88165265641845,27.675594724948166,27.263478862007595,27.263478862007595,27.263478862007595,27.263478862007595,27.675594724948166,27.88165265641845,27.263478862007595,27.88165265641845,27.469536793477882,27.675594724948166,27.88165265641845,27.675594724948166,27.263478862007595,27.675594724948166,27.675594724948166,27.88165265641845,27.88165265641845,27.263478862007595,27.675594724948166,27.469536793477882,27.469536793477882,27.469536793477882,27.469536793477882,27.469536793477882,27.469536793477882,27.675594724948166,27.469536793477882,27.263478862007595,27.469536793477882,27.469536793477882,27.675594724948166,27.88165265641845,27.263478862007595,27.88165265641845,27.675594724948166,27.263478862007595,27.675594724948166,27.263478862007595,27.675594724948166,27.88165265641845,27.675594724948166,27.469536793477882,27.675594724948166,27.469536793477882,27.263478862007595,27.469536793477882,27.88165265641845,27.675594724948166,27.263478862007595,27.675594724948166,27.263478862007595,27.88165265641845,27.88165265641845,27.263478862007595,27.263478862007595,27.263478862007595,27.263478862007595,27.675594724948166,27.469536793477882,27.88165265641845,27.675594724948166,27.675594724948166,27.469536793477882,27.263478862007595,27.88165265641845,27.469536793477882,27.263478862007595,27.675594724948166,27.469536793477882,27.469536793477882,27.88165265641845,27.469536793477882,27.263478862007595,27.675594724948166,27.263478862007595,27.263478862007595,27.469536793477882,27.469536793477882,27.88165265641845,27.263478862007595,27.469536793477882,27.675594724948166,27.88165265641845,27.469536793477882,27.88165265641845,27.469536793477882,27.263478862007595,27.88165265641845,27.675594724948166,27.263478862007595,27.88165265641845,27.469536793477882,27.675594724948166,27.675594724948166,27.263478862007595,27.263478862007595,27.263478862007595,27.88165265641845,27.469536793477882,27.263478862007595,27.469536793477882,27.88165265641845,27.263478862007595,27.675594724948166,27.88165265641845,27.88165265641845,27.263478862007595,27.675594724948166,27.469536793477882,27.675594724948166,27.263478862007595,27.88165265641845,27.88165265641845,27.88165265641845,27.675594724948166,27.88165265641845,27.675594724948166,27.675594724948166,27.675594724948166,27.263478862007595,27.469536793477882,27.469536793477882,27.469536793477882,27.469536793477882,27.469536793477882,27.263478862007595,27.675594724948166,27.675594724948166,27.88165265641845,27.88165265641845,27.88165265641845,27.88165265641845,27.263478862007595,27.88165265641845,27.263478862007595,27.263478862007595,27.675594724948166,27.88165265641845,27.88165265641845,27.469536793477882,27.88165265641845,27.675594724948166,27.263478862007595,27.263478862007595,27.88165265641845,27.263478862007595,27.263478862007595,27.88165265641845,27.675594724948166,27.263478862007595,27.469536793477882,27.263478862007595,27.88165265641845,27.675594724948166,27.469536793477882,27.675594724948166,27.469536793477882,27.88165265641845,27.263478862007595,27.263478862007595,27.88165265641845,27.88165265641845,27.88165265641845,27.88165265641845,27.675594724948166,27.263478862007595,27.88165265641845,27.88165265641845,27.675594724948166,27.88165265641845,27.263478862007595,27.675594724948166,27.469536793477882,27.88165265641845,27.675594724948166,27.263478862007595,27.675594724948166,27.263478862007595,27.263478862007595,27.263478862007595,27.263478862007595,27.88165265641845,27.469536793477882,27.88165265641845,27.263478862007595,27.675594724948166,27.469536793477882,27.88165265641845,27.88165265641845
27.052737795731176,27.7095474522927,27.271674347918346,27.052737795731176,27.271674347918346,27.052737795731176,27.490610900105526,27.7095474522927,27.7095474522927,27.490610900105526,27.271674347918346,27.7095474522927,27.490610900105526,27.052737795731176,27.052737795731176,27.490610900105526,27.271674347918346,27.271674347918346,27.052737795731176,27.052737795731176,27.271674347918346,27.490610900105526,27.490610900105526,27.271674347918346,27.7095474522927,27.7095474522927,27.052737795731176,27.052737795731176,27.052737795731176,27.271674347918346,27.490610900105526,27.7095474522927,27.7095474522927,27.490610900105526,27.490610900105526,27.052737795731176,27.052737795731176,27.052737795731176,27.052737795731176,27.490610900105526,27.052737795731176,27.052737795731176,27.490610900105526,27.7095474522927,27.490610900105526,27.7095474522927,27.052737795731176,27.271674347918346,27.052737795731176,27.490610900105526,27.7095474522927,27.271674347918346,27.7095474522927,27.052737795731176,27.7095474522927,27.052737795731176,27.490610900105526,27.271674347918346,27.490610900105526,27.052737795731176,27.052737795731176,27.271674347918346,27.490610900105526,27.271674347918346,27.7095474522927,27.052737795731176,27.052737795731176,27.490610900105526,27.271674347918346,27.490610900105526,27.052737795731176,27.7095474522927,27.271674347918346,27.490610900105526,27.7095474522927,27.271674347918346,27.490610900105526,27.052737795731176,27.490610900105526,27.052737795731176,27.490610900105526,27.490610900105526,27.271674347918346,27.052737795731176,27.052737795731176,27.490610900105526,27.052737795731176,27.7095474522927,27.271674347918346,27.271674347918346,27.052737795731176,27.271674347918346,27.490610900105526,27.052737795731176,27.7095474522927,27.7095474522927,27.052737795731176,27.271674347918346,27.052737795731176,27.271674347918346,27.7095474522927,27.7095474522927,27.271674347918346,27.7095474522927,27.271674347918346,27.7095474522927,27.052737795731176,27.052737795731176,27.271674347918346,27.052737795731176,27.271674347918346,27.490610900105526,27.490610900105526,27.490610900105526,27.052737795731176,27.052737795731176,27.052737795731176,27.271674347918346,27.271674347918346,27.490610900105526,27.271674347918346,27.052737795731176,27.271674347918346,27.052737795731176,27.7095474522927,27.052737795731176,27.271674347918346,27.271674347918346,27.052737795731176,27.490610900105526,27.7095474522927,27.052737795731176,27.271674347918346,27.490610900105526,27.7095474522927,27.490610900105526,27.271674347918346,27.052737795731176,27.052737795731176,27.052737795731176,27.271674347918346,27.7095474522927,27.7095474522927,27.052737795731176,27.7095474522927,27.271674347918346,27.7095474522927,27.052737795731176,27.490610900105526,27.271674347918346,27.490610900105526,27.490610900105526,27.052737795731176,27.052737795731176,27.271674347918346,27.271674347918346,27.490610900105526,27.490610900105526,27.271674347918346,27.052737795731176,27.490610900105526,27.490610900105526,27.490610900105526,27.271674347918346,27.490610900105526,27.271674347918346,27.271674347918346,27.052737795731176,27.271674347918346,27.052737795731176,27.052737795731176,27.271674347918346,27.052737795731176,27.052737795731176,27.052737795731176,27.052737795731176,27.052737795731176,27.271674347918346,27.490610900105526,27.7095474522927,27.490610900105526,27.490610900105526,27.052737795731176,27.490610900105526,27.271674347918346,27.271674347918346,27.271674347918346,27.271674347918346,27.490610900105526,27.271674347918346,27.052737795731176,27.490610900105526,27.490610900105526,27.490610900105526,27.052737795731176,27.490610900105526,27.271674347918346,27.052737795731176,27.052737795731176,27.271674347918346
27.53744224816695,27.53744224816695,27.305627075262883,27.073811902358813,27.53744224816695,27.305627075262883,27.53744224816695,27.305627075262883,27.073811902358813,27.073811902358813,27.53744224816695,27.073811902358813,27.073811902358813,27.53744224816695,27.53744224816695,26.841996729454742,27.53744224816695,27.53744224816695,27.53744224816695,27.53744224816695,27.53744224816695,26.841996729454742,27.53744224816695,26.841996729454742,27.073811902358813,27.305627075262883,27.305627075262883,27.53744224816695,27.53744224816695,27.305627075262883,26.841996729454742,27.53744224816695,26.841996729454742,26.841996729454742,27.53744224816695,27.073811902358813,26.841996729454742,27.305627075262883,27.305627075262883,27.53744224816695,26.841996729454742,26.841996729454742,27.073811902358813,27.305627075262883,27.073811902358813,26.841996729454742,27.073811902358813,27.073811902358813,27.53744224816695,27.305627075262883,27.305627075262883,27.305627075262883,26.841996729454742,27.073811902358813,27.073811902358813,27.305627075262883,27.305627075262883,27.073811902358813,27.305627075262883,27.53744224816695,27.53744224816695,26.841996729454742,27.305627075262883,27.305627075262883,27.53744224816695,26.841996729454742,27.305627075262883,27.53744224816695,27.305627075262883,27.073811902358813,27.073811902358813,27.073811902358813,27.53744224816695,27.073811902358813,27.305627075262883,27.073811902358813,27.53744224816695,27.305627075262883,27.53744224816695,27.53744224816695,27.305627075262883,27.073811902358813,26.841996729454742,27.073811902358813,27.073811902358813,26.841996729454742,27.073811902358813,27.073811902358813,26.841996729454742,27.073811902358813,27.073811902358813,26.841996729454742,27.305627075262883,26.841996729454742,27.305627075262883,27.073811902358813,27.53744224816695,26.841996729454742,27.53744224816695,27.073811902358813,27.073811902358813,26.841996729454742,27.305627075262883,27.53744224816695,27.53744224816695,27.305627075262883,27.305627075262883,27.305627075262883,27.073811902358813,27.073811902358813,26.841996729454742,27.073811902358813,27.305627075262883,27.53744224816695,27.073811902358813,27.53744224816695,26.841996729454742,27.073811902358813,26.841996729454742,26.841996729454742,26.841996729454742,27.305627075262883,27.073811902358813,27.073811902358813,27.073811902358813,26.841996729454742,27.305627075262883,26.841996729454742,26.841996729454742,26.841996729454742,27.073811902358813,27.53744224816695,27.53744224816695,26.841996729454742,27.53744224816695,26.841996729454742,27.53744224816695,27.305627075262883,27.305627075262883,27.305627075262883,26.841996729454742,26.841996729454742,27.305627075262883,26.841996729454742,27.305627075262883,26.841996729454742,26.841996729454742,26.841996729454742,27.073811902358813,27.073811902358813,27.073811902358813,26.841996729454742,27.305627075262883,27.53744224816695,27.073811902358813,26.841996729454742,27.073811902358813,27.073811902358813,27.53744224816695,26.841996729454742,27.53744224816695,26.841996729454742,27.305627075262883,27.305627075262883,27.305627075262883,27.073811902358813,26.841996729454742,26.841996729454742,27.305627075262883,27.305627075262883,27.073811902358813,27.53744224816695,27.53744224816695,27.073811902358813,26.841996729454742,27.073811902358813,27.53744224816695,27.53744224816695,27.53744224816695,27.53744224816695,26.841996729454742,27.073811902358813,27.073811902358813,27.53744224816695,27.073811902358813,26.841996729454742,26.841996729454742,26.841996729454742,27.53744224816695,26.841996729454742,27.305627075262883,27.53744224816695,27.305627075262883,27.073811902358813,27.073811902358813,27.305627075262883,26.841996729454742,26.841996729454742,27.305627075262883,27.305627075262883
27.120643250420244,26.87594945679928,26.631255663178322,26.631255663178322,27.365337044041205,26.87594945679928,27.120643250420244,27.120643250420244,26.87594945679928,26.87594945679928,27.120643250420244,27.365337044041205,26.87594945679928,27.365337044041205,26.87594945679928,26.631255663178322,27.120643250420244,26.631255663178322,26.631255663178322,26.87594945679928,27.120643250420244,27.365337044041205,27.120643250420244,26.87594945679928,27.365337044041205,26.631255663178322,26.631255663178322,26.87594945679928,27.365337044041205,27.120643250420244,27.365337044041205,26.87594945679928,27.120643250420244,27.120643250420244,27.120643250420244,26.631255663178322,26.87594945679928,26.631255663178322,27.365337044041205,26.631255663178322,27.120643250420244,26.631255663178322,27.365337044041205,26.631255663178322,27.365337044041205,27.365337044041205,27.365337044041205,27.120643250420244,27.120643250420244,26.631255663178322,26.87594945679928,26.87594945679928,26.87594945679928,27.365337044041205,26.87594945679928,26.631255663178322,26.631255663178322,27.120643250420244,26.631255663178322,27.365337044041205,26.87594945679928,27.120643250420244,26.87594945679928,27.120643250420244,26.87594945679928,27.365337044041205,26.631255663178322,27.120643250420244,27.120643250420244,26.87594945679928,26.631255663178322,27.365337044041205,26.631255663178322,27.120643250420244,27.365337044041205,26.87594945679928,26.631255663178322,26.631255663178322,27.365337044041205,27.365337044041205,27.365337044041205,26.87594945679928,27.365337044041205,27.120643250420244,27.365337044041205,27.120643250420244,27.120643250420244,27.120643250420244,26.631255663178322,27.365337044041205,27.120643250420244,27.365337044041205,26.631255663178322,27.120643250420244,26.87594945679928,26.87594945679928,26.631255663178322,27.120643250420244,26.631255663178322,27.120643250420244,26.87594945679928,26.631255663178322,26.631255663178322,27.365337044041205,27.365337044041205,27.365337044041205,26.87594945679928,27.120643250420244,27.120643250420244,26.631255663178322,26.87594945679928,26.631255663178322,27.120643250420244,26.631255663178322,27.120643250420244,26.631255663178322,26.631255663178322,26.631255663178322,26.87594945679928,27.365337044041205,27.365337044041205,26.87594945679928,27.365337044041205,27.365337044041205,26.631255663178322,26.631255663178322,26.87594945679928,26.87594945679928,27.120643250420244,26.631255663178322,26.87594945679928,27.365337044041205,27.120643250420244,27.365337044041205,27.365337044041205,26.87594945679928,26.87594945679928,26.87594945679928,27.365337044041205,26.631255663178322,27.365337044041205,26.631255663178322,26.87594945679928,27.365337044041205,27.120643250420244,26.631255663178322,26.631255663178322,26.631255663178322,26.87594945679928,27.120643250420244,27.120643250420244,27.365337044041205,26.87594945679928,27.120643250420244,27.365337044041205,27.365337044041205,26.631255663178322,27.365337044041205,26.631255663178322,27.120643250420244,26.631255663178322,27.120643250420244,27.365337044041205,26.87594945679928,26.631255663178322,26.87594945679928,27.120643250420244,26.631255663178322,27.120643250420244,26.87594945679928,27.120643250420244,26.87594945679928,27.365337044041205,27.120643250420244,26.631255663178322,27.365337044041205,26.631255663178322,27.365337044041205,26.631255663178322,26.631255663178322,27.365337044041205,26.87594945679928,26.87594945679928,26.631255663178322,27.365337044041205,27.120643250420244,26.87594945679928,26.87594945679928,27.365337044041205,26.631255663178322,26.631255663178322,27.120643250420244,27.365337044041205,27.120643250420244,27.365337044041205,26.631255663178322,27.365337044041205,26.631255663178322,26.87594945679928,26.631255663178322
26.9356594255776,26.678087011239743,26.42051459690189,27.193231839915455,26.9356594255776,26.9356594255776,27.193231839915455,26.9356594255776,26.42051459690189,26.9356594255776,26.9356594255776,27.193231839915455,26.9356594255776,26.678087011239743,26.42051459690189,27.193231839915455,26.42051459690189,26.9356594255776,26.678087011239743,27.193231839915455,26.678087011239743,26.9356594255776,27.193231839915455,26.42051459690189,26.9356594255776,26.42051459690189,27.193231839915455,26.42051459690189,26.42051459690189,26.42051459690189,26.678087011239743,26.42051459690189,26.9356594255776,26.9356594255776,26.678087011239743,27.193231839915455,27.193231839915455,26.42051459690189,26.9356594255776,26.42051459690189,26.9356594255776,26.678087011239743,26.678087011239743,26.9356594255776,26.9356594255776,26.9356594255776,26.42051459690189,27.193231839915455,26.9356594255776,27.193231839915455,26.678087011239743,26.9356594255776,26.42051459690189,27.193231839915455,27.193231839915455,26.42051459690189,26.678087011239743,27.193231839915455,26.9356594255776,26.42051459690189,26.42051459690189,26.9356594255776,26.42051459690189,27.193231839915455,26.678087011239743,26.42051459690189,27.193231839915455,26.678087011239743,26.42051459690189,26.678087011239743,26.9356594255776,26.9356594255776,26.678087011239743,26.9356594255776,27.193231839915455,26.42051459690189,26.42051459690189,26.42051459690189,26.678087011239743,26.42051459690189,26.42051459690189,26.678087011239743,26.9356594255776,27.193231839915455,26.42051459690189,27.193231839915455,26.42051459690189,26.42051459690189,26.678087011239743,26.678087011239743,27.193231839915455,26.42051459690189,26.42051459690189,26.42051459690189,26.42051459690189,26.678087011239743,26.9356594255776,26.42051459690189,26.678087011239743,26.42051459690189,26.9356594255776,26.678087011239743,27.193231839915455,27.193231839915455,26.678087011239743,27.193231839915455,26.9356594255776,27.193231839915455,26.9356594255776,26.42051459690189,26.9356594255776,26.678087011239743,26.42051459690189,26.9356594255776,26.9356594255776,27.193231839915455,26.678087011239743,26.678087011239743,26.42051459690189,27.193231839915455,26.678087011239743,26.678087011239743,27.193231839915455,27.193231839915455,26.9356594255776,26.9356594255776,26.42051459690189,26.678087011239743,26.678087011239743,27.193231839915455,26.9356594255776,26.42051459690189,26.678087011239743,27.193231839915455,26.9356594255776,27.193231839915455,26.678087011239743,27.193231839915455,26.42051459690189,26.678087011239743,26.42051459690189,27.193231839915455,26.9356594255776,26.42051459690189,26.42051459690189,27.193231839915455,26.9356594255776,26.42051459690189,26.678087011239743,27.193231839915455,27.193231839915455,26.678087011239743,27.193231839915455,27.193231839915455,26.42051459690189,26.9356594255776,26.9356594255776,26.678087011239743,27.193231839915455,26.42051459690189,26.9356594255776,26.9356594255776,26.9356594255776,26.9356594255776,26.678087011239743,26.42051459690189,26.9356594255776,27.193231839915455,26.42051459690189,26.678087011239743,26.42051459690189,27.193231839915455,26.678087011239743,27.193231839915455,26.42051459690189,26.678087011239743,26.42051459690189,26.9356594255776,26.42051459690189,27.193231839915455,26.678087011239743,26.678087011239743,26.42051459690189,27.193231839915455,26.42051459690189,26.42051459690189,26.678087011239743,26.9356594255776,27.193231839915455,26.9356594255776,26.678087011239743,26.678087011239743,26.9356594255776,27.193231839915455,26.9356594255776,26.42051459690189,26.678087011239743,26.42051459690189,27.193231839915455,26.678087011239743
26.750675600734965,26.750675600734965,26.48022456568021,26.48022456568021,26.750675600734965,26.48022456568021,26.750675600734965,26.750675600734965,26.750675600734965,26.209773530625462,26.750675600734965,26.750675600734965,26.209773530625462,26.48022456568021,26.750675600734965,26.750675600734965,27.02112663578971,26.750675600734965,27.02112663578971,26.750675600734965,27.02112663578971,26.48022456568021,27.02112663578971,27.02112663578971,27.02112663578971,26.48022456568021,26.750675600734965,26.209773530625462,26.750675600734965,27.02112663578971,27.02112663578971,26.48022456568021,27.02112663578971,26.750675600734965,27.02112663578971,26.750675600734965,27.02112663578971,26.209773530625462,26.48022456568021,26.48022456568021,26.750675600734965,26.209773530625462,26.48022456568021,26.48022456568021,26.750675600734965,26.750675600734965,27.02112663578971,26.48022456568021,26.48022456568021,27.02112663578971,27.02112663578971,26.209773530625462,27.02112663578971,27.02112663578971,26.209773530625462,27.02112663578971,27.02112663578971,26.750675600734965,26.209773530625462,26.209773530625462,26.48022456568021,26.209773530625462,26.209773530625462,26.209773530625462,26.48022456568021,26.750675600734965,27.02112663578971,26.209773530625462,26.209773530625462,27.02112663578971,26.209773530625462,27.02112663578971,26.750675600734965,26.209773530625462,27.02112663578971,26.48022456568021,27.02112663578971,27.02112663578971,27.02112663578971,26.209773530625462,26.48022456568021,26.750675600734965,26.209773530625462,26.750675600734965,27.02112663578971,26.209773530625462,26.209773530625462,26.209773530625462,26.48022456568021,26.209773530625462,27.02112663578971,26.48022456568021,26.209773530625462,26.209773530625462,26.48022456568021,27.02112663578971,27.02112663578971,26.750675600734965,26.209773530625462,26.209773530625462,27.02112663578971,26.48022456568021,26.209773530625462,26.48022456568021,27.02112663578971,26.209773530625462,27.02112663578971,26.48022456568021,27.02112663578971,26.209773530625462,26.750675600734965,26.750675600734965,26.48022456568021,26.750675600734965,27.02112663578971,26.48022456568021,26.48022456568021,26.48022456568021,26.209773530625462,27.02112663578971,26.48022456568021,27.02112663578971,26.48022456568021,27.02112663578971,26.48022456568021,26.48022456568021,26.209773530625462,26.209773530625462,26.209773530625462,26.48022456568021,26.48022456568021,26.48022456568021,26.750675600734965,26.750675600734965,26.209773530625462,26.750675600734965,26.750675600734965,26.48022456568021,26.209773530625462,26.48022456568021,26.750675600734965,26.750675600734965,26.48022456568021,26.750675600734965,26.209773530625462,26.209773530625462,27.02112663578971,26.750675600734965,26.750675600734965,26.209773530625462,26.48022456568021,26.750675600734965,26.750675600734965,26.209773530625462,26.209773530625462,26.48022456568021,26.209773530625462,26.48022456568021,26.48022456568021,26.750675600734965,26.750675600734965,26.209773530625462,26.48022456568021,26.750675600734965,26.48022456568021,27.02112663578971,27.02112663578971,27.02112663578971,26.750675600734965,26.750675600734965,27.02112663578971,26.209773530625462,26.48022456568021,26.48022456568021,26.48022456568021,26.48022456568021,26.209773530625462,27.02112663578971,26.750675600734965,27.02112663578971,26.750675600734965,26.209773530625462,26.48022456568021,26.209773530625462,26.48022456568021,27.02112663578971,26.750675600734965,26.209773530625462,26.209773530625462,26.750675600734965,27.02112663578971,26.48022456568021,26.209773530625462,27.02112663578971,26.209773530625462,26.48022456568021,27.02112663578971,26.750675600734965,27.02112663578971,26.209773530625462
25.999032464349042,26.84902143166396,26.282362120120677,25.999032464349042,26.84902143166396,26.282362120120677,26.84902143166396,26.84902143166396,26.282362120120677,25.999032464349042,25.999032464349042,25.999032464349042,25.999032464349042,26.282362120120677,25.999032464349042,25.999032464349042,25.999032464349042,26.84902143166396,25.999032464349042,26.84902143166396,26.282362120120677,26.282362120120677,26.84902143166396,26.56569177589232,26.84902143166396,26.84902143166396,25.999032464349042,25.999032464349042,26.84902143166396,26.56569177589232,25.999032464349042,25.999032464349042,25.999032464349042,26.282362120120677,26.282362120120677,26.282362120120677,26.282362120120677,26.282362120120677,26.282362120120677,26.56569177589232,26.282362120120677,26.282362120120677,25.999032464349042,26.84902143166396,26.282362120120677,25.999032464349042,26.282362120120677,26.84902143166396,26.84902143166396,26.282362120120677,25.999032464349042,26.282362120120677,25.999032464349042,25.999032464349042,26.282362120120677,26.56569177589232,25.999032464349042,26.84902143166396,26.282362120120677,26.56569177589232,26.56569177589232,26.56569177589232,26.282362120120677,26.56569177589232,25.999032464349042,26.84902143166396,26.282362120120677,26.84902143166396,26.84902143166396,25.999032464349042,25.999032464349042,25.999032464349042,26.56569177589232,25.999032464349042,26.84902143166396,26.84902143166396,25.999032464349042,25.999032464349042,26.84902143166396,26.282362120120677,26.84902143166396,26.56569177589232,26.56569177589232,26.84902143166396,26.282362120120677,25.999032464349042,25.999032464349042,25.999032464349042,25.999032464349042,26.282362120120677,26.56569177589232,25.999032464349042,26.84902143166396,26.84902143166396,26.84902143166396,26.84902143166396,26.84902143166396,26.56569177589232,26.84902143166396,26.282362120120677,26.56569177589232,26.282362120120677,26.56569177589232,26.84902143166396,26.282362120120677,26.84902143166396,26.56569177589232,26.56569177589232,25.999032464349042,26.56569177589232,26.282362120120677,26.84902143166396,26.84902143166396,25.999032464349042,26.282362120120677,26.282362120120677,26.84902143166396,26.84902143166396,26.84902143166396,26.84902143166396,26.84902143166396,25.999032464349042,26.282362120120677,26.56569177589232,26.84902143166396,26.282362120120677,26.56569177589232,26.282362120120677,26.56569177589232,26.282362120120677,26.84902143166396,26.84902143166396,26.282362120120677,25.999032464349042,26.56569177589232,26.282362120120677,26.56569177589232,26.282362120120677,26.56569177589232,26.56569177589232,26.282362120120677,25.999032464349042,26.56569177589232,26.56569177589232,26.84902143166396,26.282362120120677,25.999032464349042,26.56569177589232,26.282362120120677,26.56569177589232,26.282362120120677,26.84902143166396,26.84902143166396,26.84902143166396,25.999032464349042,26.84902143166396,26.56569177589232,26.56569177589232,25.999032464349042,26.282362120120677,26.282362120120677,26.56569177589232,26.282362120120677,26.56569177589232,26.84902143166396,26.84902143166396,25.999032464349042,26.56569177589232,25.999032464349042,25.999032464349042,26.56569177589232,26.56569177589232,26.84902143166396,26.282362120120677,26.282362120120677,26.56569177589232,26.282362120120677,26.84902143166396,26.282362120120677,26.282362120120677,26.56569177589232,25.999032464349042,26.282362120120677,26.282362120120677,26.84902143166396,26.56569177589232,26.282362120120677,26.56569177589232,26.282362120120677,26.282362120120677,26.282362120120677,26.56569177589232,26.56569177589232,26.84902143166396,26.282362120120677,26.56569177589232,26.84902143166396,25.999032464349042,25.999032464349042,26.56569177589232
26.380707951049683,26.08449967456115,26.08449967456115,26.08449967456115,26.67691622753821,26.08449967456115,26.380707951049683,26.08449967456115,26.67691622753821,26.08449967456115,25.78829139807261,26.380707951049683,26.380707951049683,25.78829139807261,25.78829139807261,25.78829139807261,26.08449967456115,26.08449967456115,26.08449967456115,26.67691622753821,26.380707951049683,26.67691622753821,26.67691622753821,26.67691622753821,26.08449967456115,26.380707951049683,26.08449967456115,25.78829139807261,26.380707951049683,26.08449967456115,26.08449967456115,26.67691622753821,26.380707951049683,25.78829139807261,26.67691622753821,26.08449967456115,25.78829139807261,26.380707951049683,26.08449967456115,26.380707951049683,26.08449967456115,26.08449967456115,26.67691622753821,25.78829139807261,26.67691622753821,26.08449967456115,26.67691622753821,26.08449967456115,26.08449967456115,26.08449967456115,26.380707951049683,26.380707951049683,26.67691622753821,26.67691622753821,26.380707951049683,26.380707951049683,26.67691622753821,26.67691622753821,26.67691622753821,26.67691622753821,26.380707951049683,26.67691622753821,26.08449967456115,25.78829139807261,26.67691622753821,26.67691622753821,25.78829139807261,25.78829139807261,25.78829139807261,26.380707951049683,25.78829139807261,26.380707951049683,26.380707951049683,26.380707951049683,26.380707951049683,25.78829139807261,25.78829139807261,26.67691622753821,25.78829139807261,25.78829139807261,26.380707951049683,26.67691622753821,26.380707951049683,26.67691622753821,25.78829139807261,25.78829139807261,26.67691622753821,25.78829139807261,26.380707951049683,25.78829139807261,26.380707951049683,26.67691622753821,25.78829139807261,26.67691622753821,26.08449967456115,25.78829139807261,26.380707951049683,25.78829139807261,26.08449967456115,26.08449967456115,26.67691622753821,26.67691622753821,26.67691622753821,26.380707951049683,25.78829139807261,26.380707951049683,25.78829139807261,26.08449967456115,26.380707951049683,26.380707951049683,26.67691622753821,26.380707951049683,26.67691622753821,26.67691622753821,26.08449967456115,26.08449967456115,26.08449967456115,26.08449967456115,26.08449967456115,26.380707951049683,26.67691622753821,25.78829139807261,26.67691622753821,25.78829139807261,25.78829139807261,26.08449967456115,26.67691622753821,26.67691622753821,25.78829139807261,26.08449967456115,26.380707951049683,25.78829139807261,26.67691622753821,25.78829139807261,26.67691622753821,25.78829139807261,26.67691622753821,25.78829139807261,26.380707951049683,26.08449967456115,26.08449967456115,26.08449967456115,26.380707951049683,26.67691622753821,26.67691622753821,26.67691622753821,26.380707951049683,25.78829139807261,26.67691622753821,26.67691622753821,26.08449967456115,26.08449967456115,26.67691622753821,26.08449967456115,26.08449967456115,26.380707951049683,26.380707951049683,26.380707951049683,26.67691622753821,26.380707951049683,26.67691622753821,26.67691622753821,26.08449967456115,25.78829139807261,25.78829139807261,26.380707951049683,26.08449967456115,25.78829139807261,26.08449967456115,25.78829139807261,26.380707951049683,25.78829139807261,25.78829139807261,25.78829139807261,26.380707951049683,26.380707951049683,26.67691622753821,26.08449967456115,26.380707951049683,26.67691622753821,26.08449967456115,26.380707951049683,26.08449967456115,26.67691622753821,26.08449967456115,26.67691622753821,25.78829139807261,26.67691622753821,26.08449967456115,26.08449967456115,26.380707951049683,26.67691622753821,26.08449967456115,26.67691622753821,26.08449967456115,26.380707951049683,25.78829139807261,26.67691622753821,26.08449967456115,25.78829139807261
25.57755033179619,25.886637229001607,26.504811023412465,26.504811023412465,25.57755033179619,26.195724126207036,26.195724126207036,26.504811023412465,26.504811023412465,26.195724126207036,25.57755033179619,25.57755033179619,26.195724126207036,25.57755033179619,25.886637229001607,26.195724126207036,25.57755033179619,26.504811023412465,26.504811023412465,26.195724126207036,26.504811023412465,26.504811023412465,26.504811023412465,25.57755033179619,25.57755033179619,25.886637229001607,26.504811023412465,25.57755033179619,26.504811023412465,26.504811023412465,26.504811023412465,26.195724126207036,26.195724126207036,26.504811023412465,26.504811023412465,26.195724126207036,26.504811023412465,25.57755033179619,26.195724126207036,25.57755033179619,25.57755033179619,25.886637229001607,25.57755033179619,25.57755033179619,26.195724126207036,26.504811023412465,25.886637229001607,26.504811023412465,25.57755033179619,26.504811023412465,25.886637229001607,26.504811023412465,25.886637229001607,26.195724126207036,25.886637229001607,26.195724126207036,25.57755033179619,25.886637229001607,26.195724126207036,25.886637229001607,25.57755033179619,25.57755033179619,25.57755033179619,25.886637229001607,25.886637229001607,26.504811023412465,26.504811023412465,25.57755033179619,25.57755033179619,25.57755033179619,26.195724126207036,26.195724126207036,26.195724126207036,25.57755033179619,26.504811023412465,26.504811023412465,26.195724126207036,26.195724126207036,26.504811023412465,26.504811023412465,25.57755033179619,25.886637229001607,26.195724126207036,25.57755033179619,25.57755033179619,25.57755033179619,25.57755033179619,26.504811023412465,25.57755033179619,25.886637229001607,25.886637229001607,26.195724126207036,25.57755033179619,26.195724126207036,25.57755033179619,25.57755033179619,25.886637229001607,26.195724126207036,25.57755033179619,26.195724126207036,26.195724126207036,25.57755033179619,25.886637229001607,25.886637229001607,25.57755033179619,26.195724126207036,26.504811023412465,25.886637229001607,26.504811023412465,26.504811023412465,25.57755033179619,25.886637229001607,26.195724126207036,25.57755033179619,25.57755033179619,25.57755033179619,26.195724126207036,25.57755033179619,26.504811023412465,25.57755033179619,26.195724126207036,25.57755033179619,26.195724126207036,26.504811023412465,25.57755033179619,26.504811023412465,25.57755033179619,26.195724126207036,25.886637229001607,25.886637229001607,26.195724126207036,25.886637229001607,26.504811023412465,26.195724126207036,26.504811023412465,26.195724126207036,25.57755033179619,26.504811023412465,25.886637229001607,25.57755033179619,25.57755033179619,26.195724126207036,26.504811023412465,25.886637229001607,25.886637229001607,26.504811023412465,26.195724126207036,25.57755033179619,25.886637229001607,26.195724126207036,26.504811023412465,25.57755033179619,25.57755033179619,25.57755033179619,25.886637229001607,25.57755033179619,25.57755033179619,25.57755033179619,25.886637229001607,26.504811023412465,25.57755033179619,26.195724126207036,26.504811023412465,26.195724126207036,26.504811023412465,25.886637229001607,25.57755033179619,25.886637229001607,26.504811023412465,26.504811023412465,25.886637229001607,26.195724126207036,26.195724126207036,25.57755033179619,26.195724126207036,26.195724126207036,25.57755033179619,26.504811023412465,25.57755033179619,26.195724126207036,26.195724126207036,25.886637229001607,26.195724126207036,25.886637229001607,26.504811023412465,26.195724126207036,26.195724126207036,25.886637229001607,26.504811023412465,25.57755033179619,25.886637229001607,25.57755033179619,26.504811023412465,26.195724126207036,26.504811023412465,25.57755033179619,26.504811023412465,26.504811023412465,26.504811023412465,25.57755033179619
25.366809265519763,25.366809265519763,25.68877478344208,26.0107403013644,26.0107403013644,26.332705819286716,25.68877478344208,26.0107403013644,26.0107403013644,26.0107403013644,26.332705819286716,26.332705819286716,26.332705819286716,25.68877478344208,26.0107403013644,26.0107403013644,26.0107403013644,26.0107403013644,26.0107403013644,25.68877478344208,26.0107403013644,26.0107403013644,26.332705819286716,25.68877478344208,25.366809265519763,26.0107403013644,25.68877478344208,25.68877478344208,25.366809265519763,25.366809265519763,26.0107403013644,25.366809265519763,25.68877478344208,25.68877478344208,26.332705819286716,25.366809265519763,26.332705819286716,26.332705819286716,26.0107403013644,26.0107403013644,25.366809265519763,25.366809265519763,25.366809265519763,25.68877478344208,25.68877478344208,25.68877478344208,26.332705819286716,25.366809265519763,26.332705819286716,26.0107403013644,25.366809265519763,26.332705819286716,26.0107403013644,26.332705819286716,25.366809265519763,25.366809265519763,26.0107403013644,25.366809265519763,26.0107403013644,25.366809265519763,26.332705819286716,26.0107403013644,26.0107403013644,25.366809265519763,25.366809265519763,26.332705819286716,25.366809265519763,25.68877478344208,26.0107403013644,26.0107403013644,25.366809265519763,25.68877478344208,26.332705819286716,25.366809265519763,26.332705819286716,26.332705819286716,25.68877478344208,25.366809265519763,25.366809265519763,25.68877478344208,26.0107403013644,26.332705819286716,25.366809265519763,26.332705819286716,26.332705819286716,25.366809265519763,25.366809265519763,25.68877478344208,26.332705819286716,26.332705819286716,25.366809265519763,25.68877478344208,25.68877478344208,26.332705819286716,25.68877478344208,25.366809265519763,25.366809265519763,25.366809265519763,26.0107403013644,26.0107403013644,25.68877478344208,26.0107403013644,26.0107403013644,26.0107403013644,26.0107403013644,25.68877478344208,26.0107403013644,25.366809265519763,26.332705819286716,25.68877478344208,26.332705819286716,26.0107403013644,26.0107403013644,25.366809265519763,26.0107403013644,26.332705819286716,25.68877478344208,25.68877478344208,25.68877478344208,25.68877478344208,25.366809265519763,25.366809265519763,26.332705819286716,26.332705819286716,25.68877478344208,26.332705819286716,26.332705819286716,25.68877478344208,26.0107403013644,26.0107403013644,25.68877478344208,25.366809265519763,26.332705819286716,26.0107403013644,26.332705819286716,26.332705819286716,26.0107403013644,26.332705819286716,25.68877478344208,25.366809265519763,26.332705819286716,26.332705819286716,26.0107403013644,25.68877478344208,25.366809265519763,25.68877478344208,25.366809265519763,26.332705819286716,26.332705819286716,25.366809265519763,25.68877478344208,25.68877478344208,26.0107403013644,26.332705819286716,26.332705819286716,25.366809265519763,25.366809265519763,25.366809265519763,26.332705819286716,25.366809265519763,26.332705819286716,26.0107403013644,26.332705819286716,26.332705819286716,26.0107403013644,26.332705819286716,26.332705819286716,26.332705819286716,25.68877478344208,25.68877478344208,26.332705819286716,25.366809265519763,26.332705819286716,25.68877478344208,25.68877478344208,25.366809265519763,26.332705819286716,26.0107403013644,26.0107403013644,26.0107403013644,25.68877478344208,25.68877478344208,26.0107403013644,26.332705819286716,26.0107403013644,26.0107403013644,26.332705819286716,26.0107403013644,26.332705819286716,25.366809265519763,26.332705819286716,26.332705819286716,25.366809265519763,26.0107403013644,26.332705819286716,25.68877478344208,26.332705819286716,25.366809265519763,26.0107403013644,25.68877478344208
25.49091233788255,25.825756476521754,25.49091233788255,25.156068199243332,26.160600615160963,26.160600615160963,25.156068199243332,26.160600615160963,25.156068199243332,26.160600615160963,25.156068199243332,25.825756476521754,25.49091233788255,26.160600615160963,25.49091233788255,25.825756476521754,25.156068199243332,25.156068199243332,25.156068199243332,25.49091233788255,25.825756476521754,26.160600615160963,25.49091233788255,25.156068199243332,25.825756476521754,26.160600615160963,26.160600615160963,25.825756476521754,25.49091233788255,25.825756476521754,25.156068199243332,26.160600615160963,25.49091233788255,25.49091233788255,26.160600615160963,25.156068199243332,25.825756476521754,26.160600615160963,26.160600615160963,25.49091233788255,25.156068199243332,25.49091233788255,26.160600615160963,25.49091233788255,26.160600615160963,25.156068199243332,26.160600615160963,25.156068199243332,25.156068199243332,26.160600615160963,25.49091233788255,26.160600615160963,25.49091233788255,25.825756476521754,26.160600615160963,25.156068199243332,25.156068199243332,26.160600615160963,25.156068199243332,25.49091233788255,25.156068199243332,25.49091233788255,25.825756476521754,25.156068199243332,25.825756476521754,25.49091233788255,25.49091233788255,25.156068199243332,25.156068199243332,25.825756476521754,25.49091233788255,25.49091233788255,25.825756476521754,25.825756476521754,25.825756476521754,25.49091233788255,25.156068199243332,25.49091233788255,25.825756476521754,25.156068199243332,25.156068199243332,25.825756476521754,25.156068199243332,25.49091233788255,26.160600615160963,25.825756476521754,25.49091233788255,25.156068199243332,25.156068199243332,25.49091233788255,25.49091233788255,26.160600615160963,25.156068199243332,25.825756476521754,26.160600615160963,25.825756476521754,25.825756476521754,25.156068199243332,26.160600615160963,25.156068199243332,25.156068199243332,25.825756476521754,26.160600615160963,25.49091233788255,25.825756476521754,26.160600615160963,26.160600615160963,25.49091233788255,25.49091233788255,26.160600615160963,25.156068199243332,26.160600615160963,26.160600615160963,26.160600615160963,25.156068199243332,25.156068199243332,26.160600615160963,25.49091233788255,25.49091233788255,25.156068199243332,25.49091233788255,25.49091233788255,25.825756476521754,25.156068199243332,26.160600615160963,25.825756476521754,26.160600615160963,26.160600615160963,25.156068199243332,25.49091233788255,25.49091233788255,25.156068199243332,25.156068199243332,25.156068199243332,25.49091233788255,26.160600615160963,25.49091233788255,26.160600615160963,25.49091233788255,25.49091233788255,26.160600615160963,25.49091233788255,25.156068199243332,25.49091233788255,25.825756476521754,25.49091233788255,25.156068199243332,25.825756476521754,25.156068199243332,25.49091233788255,25.825756476521754,26.160600615160963,25.156068199243332,25.825756476521754,25.156068199243332,25.156068199243332,25.825756476521754,25.825756476521754,25.49091233788255,25.156068199243332,25.49091233788255,25.825756476521754,25.825756476521754,25.156068199243332,25.156068199243332,25.49091233788255,25.825756476521754,25.156068199243332,25.156068199243332,25.825756476521754,25.49091233788255,25.825756476521754,25.156068199243332,25.49091233788255,25.49091233788255,26.160600615160963,26.160600615160963,26.160600615160963,26.160600615160963,26.160600615160963,25.156068199243332,25.49091233788255,25.156068199243332,26.160600615160963,25.49091233788255,25.156068199243332,26.160600615160963,25.825756476521754,25.825756476521754,25.156068199243332,25.156068199243332,25.156068199243332,25.49091233788255,25.825756476521754,25.825756476521754,26.160600615160963,25.156068199243332,25.49091233788255,25.156068199243332,25.825756476521754
24.94532713296691,25.293049892323005,25.293049892323005,24.94532713296691,25.640772651679118,25.293049892323005,25.293049892323005,25.640772651679118,25.293049892323005,24.94532713296691,24.94532713296691,25.640772651679118,25.640772651679118,25.293049892323005,25.640772651679118,25.640772651679118,25.988495411035224,25.640772651679118,25.988495411035224,25.640772651679118,25.988495411035224,25.293049892323005,25.293049892323005,25.640772651679118,25.640772651679118,25.293049892323005,25.988495411035224,24.94532713296691,25.640772651679118,25.293049892323005,25.988495411035224,25.640772651679118,25.640772651679118,25.988495411035224,24.94532713296691,25.640772651679118,25.640772651679118,25.640772651679118,25.988495411035224,25.640772651679118,25.988495411035224,25.293049892323005,25.988495411035224,25.293049892323005,25.640772651679118,25.988495411035224,25.988495411035224,25.640772651679118,25.293049892323005,25.988495411035224,25.988495411035224,24.94532713296691,25.640772651679118,24.94532713296691,25.640772651679118,24.94532713296691,25.988495411035224,25.988495411035224,25.293049892323005,25.640772651679118,25.988495411035224,25.293049892323005,25.293049892323005,25.640772651679118,25.640772651679118,25.988495411035224,24.94532713296691,24.94532713296691,25.640772651679118,25.293049892323005,24.94532713296691,25.988495411035224,24.94532713296691,25.640772651679118,24.94532713296691,24.94532713296691,25.640772651679118,25.640772651679118,25.988495411035224,25.293049892323005,24.94532713296691,25.988495411035224,24.94532713296691,25.640772651679118,25.293049892323005,24.94532713296691,25.988495411035224,25.293049892323005,25.988495411035224,25.988495411035224,25.988495411035224,25.640772651679118,25.640772651679118,25.988495411035224,25.640772651679118,25.293049892323005,25.988495411035224,25.988495411035224,25.293049892323005,25.988495411035224,25.988495411035224,25.293049892323005,25.293049892323005,25.293049892323005,25.640772651679118,24.94532713296691,25.640772651679118,25.988495411035224,25.640772651679118,25.988495411035224,24.94532713296691,25.640772651679118,25.640772651679118,24.94532713296691,25.988495411035224,24.94532713296691,24.94532713296691,25.293049892323005,25.293049892323005,25.640772651679118,25.640772651679118,24.94532713296691,25.988495411035224,25.988495411035224,25.293049892323005,25.640772651679118,25.293049892323005,25.988495411035224,24.94532713296691,25.293049892323005,24.94532713296691,25.988495411035224,25.293049892323005,25.640772651679118,25.988495411035224,25.640772651679118,25.293049892323005,25.293049892323005,25.293049892323005,25.988495411035224,25.293049892323005,25.640772651679118,25.293049892323005,25.988495411035224,24.94532713296691,25.988495411035224,25.988495411035224,25.293049892323005,25.640772651679118,25.988495411035224,25.640772651679118,24.94532713296691,25.988495411035224,25.988495411035224,25.988495411035224,25.988495411035224,25.640772651679118,25.640772651679118,25.988495411035224,25.988495411035224,25.640772651679118,25.293049892323005,24.94532713296691,25.988495411035224,24.94532713296691,24.94532713296691,25.293049892323005,25.988495411035224,25.293049892323005,24.94532713296691,24.94532713296691,24.94532713296691,25.988495411035224,25.293049892323005,24.94532713296691,25.640772651679118,25.988495411035224,25.293049892323005,24.94532713296691,25.293049892323005,25.988495411035224,25.640772651679118,25.988495411035224,25.640772651679118,25.640772651679118,25.988495411035224,25.640772651679118,24.94532713296691,24.94532713296691,25.293049892323005,24.94532713296691,25.640772651679118,25.988495411035224,25.988495411035224,25.640772651679118,25.293049892323005,25.293049892323005,25.640772651679118,25.988495411035224,25.293049892323005
25.45578882683647,25.09518744676348,25.45578882683647,25.45578882683647,25.09518744676348,25.45578882683647,25.816390206909468,24.734586066690483,25.816390206909468,25.09518744676348,25.09518744676348,25.816390206909468,24.734586066690483,25.09518744676348,24.734586066690483,25.09518744676348,25.45578882683647,25.45578882683647,24.734586066690483,25.45578882683647,25.816390206909468,25.09518744676348,25.45578882683647,25.09518744676348,25.45578882683647,25.09518744676348,25.45578882683647,25.45578882683647,25.45578882683647,25.45578882683647,24.734586066690483,25.45578882683647,24.734586066690483,25.45578882683647,25.45578882683647,25.816390206909468,25.45578882683647,25.09518744676348,24.734586066690483,25.816390206909468,25.45578882683647,25.816390206909468,24.734586066690483,25.09518744676348,25.816390206909468,25.45578882683647,25.09518744676348,25.816390206909468,25.45578882683647,25.45578882683647,25.816390206909468,25.09518744676348,24.734586066690483,24.734586066690483,25.09518744676348,25.816390206909468,25.45578882683647,25.816390206909468,25.09518744676348,25.816390206909468,24.734586066690483,25.09518744676348,25.45578882683647,25.45578882683647,25.816390206909468,25.09518744676348,25.09518744676348,24.734586066690483,25.816390206909468,25.09518744676348,25.09518744676348,25.45578882683647,25.09518744676348,24.734586066690483,24.734586066690483,25.45578882683647,25.09518744676348,25.09518744676348,25.816390206909468,25.45578882683647,24.734586066690483,25.816390206909468,24.734586066690483,25.45578882683647,25.816390206909468,24.734586066690483,25.45578882683647,25.816390206909468,25.45578882683647,24.734586066690483,24.734586066690483,25.45578882683647,25.816390206909468,25.45578882683647,25.45578882683647,24.734586066690483,25.45578882683647,25.45578882683647,25.816390206909468,25.816390206909468,25.45578882683647,24.734586066690483,25.09518744676348,25.09518744676348,25.09518744676348,25.09518744676348,25.45578882683647,25.816390206909468,24.734586066690483,25.45578882683647,25.09518744676348,25.09518744676348,24.734586066690483,25.09518744676348,25.816390206909468,25.816390206909468,25.09518744676348,25.45578882683647,24.734586066690483,25.09518744676348,25.45578882683647,25.45578882683647,25.816390206909468,25.816390206909468,25.45578882683647,25.816390206909468,25.09518744676348,25.09518744676348,24.734586066690483,25.45578882683647,25.45578882683647,25.816390206909468,25.09518744676348,24.734586066690483,25.09518744676348,25.45578882683647,25.09518744676348,25.45578882683647,24.734586066690483,24.734586066690483,24.734586066690483,25.09518744676348,25.45578882683647,25.09518744676348,25.816390206909468,24.734586066690483,25.45578882683647,24.734586066690483,25.816390206909468,25.816390206909468,25.45578882683647,24.734586066690483,25.816390206909468,25.09518744676348,25.816390206909468,24.734586066690483,25.816390206909468,25.816390206909468,24.734586066690483,25.45578882683647,25.45578882683647,24.734586066690483,24.734586066690483,24.734586066690483,25.45578882683647,25.45578882683647,25.816390206909468,25.09518744676348,25.45578882683647,24.734586066690483,24.734586066690483,24.734586066690483,25.45578882683647,24.734586066690483,25.45578882683647,25.816390206909468,24.734586066690483,25.45578882683647,25.816390206909468,24.734586066690483,24.734586066690483,25.816390206909468,25.09518744676348,25.09518744676348,25.09518744676348,24.734586066690483,24.734586066690483,24.734586066690483,25.816390206909468,25.45578882683647,25.45578882683647,24.734586066690483,24.734586066690483,25.09518744676348,25.816390206909468,25.45578882683647,25.816390206909468,25.09518744676348,25.45578882683647,24.734586066690483
25.270805001993836,25.644285002783718,24.897325001203946,25.270805001993836,24.897325001203946,25.644285002783718,25.644285002783718,24.52384500041406,24.897325001203946,24.897325001203946,24.52384500041406,24.52384500041406,25.644285002783718,24.52384500041406,24.52384500041406,24.897325001203946,25.270805001993836,24.897325001203946,25.270805001993836,25.270805001993836,25.270805001993836,25.644285002783718,25.270805001993836,25.644285002783718,24.897325001203946,25.270805001993836,24.897325001203946,25.644285002783718,24.52384500041406,24.52384500041406,25.270805001993836,24.897325001203946,24.52384500041406,25.270805001993836,24.897325001203946,24.52384500041406,24.52384500041406,24.897325001203946,25.644285002783718,25.644285002783718,24.52384500041406,24.897325001203946,24.52384500041406,24.897325001203946,25.644285002783718,24.897325001203946,24.52384500041406,24.52384500041406,24.52384500041406,25.270805001993836,25.270805001993836,25.270805001993836,24.897325001203946,24.52384500041406,24.897325001203946,24.897325001203946,24.52384500041406,25.644285002783718,25.270805001993836,25.270805001993836,24.52384500041406,25.270805001993836,24.52384500041406,24.52384500041406,25.644285002783718,24.52384500041406,25.270805001993836,25.270805001993836,25.270805001993836,25.644285002783718,25.270805001993836,24.897325001203946,24.52384500041406,24.897325001203946,25.644285002783718,25.644285002783718,24.52384500041406,24.897325001203946,25.644285002783718,25.644285002783718,25.270805001993836,25.644285002783718,25.644285002783718,24.52384500041406,24.897325001203946,25.270805001993836,25.644285002783718,25.644285002783718,24.897325001203946,25.270805001993836,25.270805001993836,25.270805001993836,25.644285002783718,24.897325001203946,24.52384500041406,24.897325001203946,25.270805001993836,25.270805001993836,24.897325001203946,24.897325001203946,24.52384500041406,25.270805001993836,24.897325001203946,25.644285002783718,25.644285002783718,25.270805001993836,25.270805001993836,25.270805001993836,25.270805001993836,25.644285002783718,24.897325001203946,24.52384500041406,24.52384500041406,24.52384500041406,24.52384500041406,25.644285002783718,25.270805001993836,24.52384500041406,24.897325001203946,25.644285002783718,25.644285002783718,24.897325001203946,24.897325001203946,25.644285002783718,25.270805001993836,24.52384500041406,25.644285002783718,25.644285002783718,24.52384500041406,24.897325001203946,25.644285002783718,24.897325001203946,25.270805001993836,24.52384500041406,25.644285002783718,24.897325001203946,25.270805001993836,24.52384500041406,25.270805001993836,25.270805001993836,25.644285002783718,24.52384500041406,25.270805001993836,24.897325001203946,24.52384500041406,24.897325001203946,25.644285002783718,24.897325001203946,25.644285002783718,25.270805001993836,24.897325001203946,24.52384500041406,25.644285002783718,24.52384500041406,25.644285002783718,25.644285002783718,25.644285002783718,25.270805001993836,24.52384500041406,25.644285002783718,25.270805001993836,25.644285002783718,24.897325001203946,25.270805001993836,24.897325001203946,25.644285002783718,24.52384500041406,25.270805001993836,25.644285002783718,24.52384500041406,25.644285002783718,25.644285002783718,24.52384500041406,24.52384500041406,24.897325001203946,24.897325001203946,24.897325001203946,25.644285002783718,24.52384500041406,24.897325001203946,25.270805001993836,25.644285002783718,25.644285002783718,25.270805001993836,25.644285002783718,25.644285002783718,25.644285002783718,25.644285002783718,25.644285002783718,25.644285002783718,25.270805001993836,24.52384500041406,24.897325001203946,24.897325001203946,24.897325001203946,24.897325001203946,25.644285002783718,25.270805001993836,25.644285002783718,25.270805001993836
24.31310393413763,25.472179798657972,25.08582117715119,24.31310393413763,24.699462555644413,24.31310393413763,24.699462555644413,25.472179798657972,24.31310393413763,25.472179798657972,24.31310393413763,25.08582117715119,24.699462555644413,25.08582117715119,24.31310393413763,25.472179798657972,25.472179798657972,25.08582117715119,25.472179798657972,24.31310393413763,25.472179798657972,25.08582117715119,25.08582117715119,24.699462555644413,25.08582117715119,25.472179798657972,24.699462555644413,25.08582117715119,24.699462555644413,24.699462555644413,24.31310393413763,24.31310393413763,24.31310393413763,25.08582117715119,25.472179798657972,24.699462555644413,25.472179798657972,25.08582117715119,25.08582117715119,24.31310393413763,24.31310393413763,24.31310393413763,25.472179798657972,24.699462555644413,24.31310393413763,24.31310393413763,24.699462555644413,24.699462555644413,24.31310393413763,25.472179798657972,24.699462555644413,24.699462555644413,24.699462555644413,25.472179798657972,24.31310393413763,24.31310393413763,25.08582117715119,25.472179798657972,24.31310393413763,24.699462555644413,25.472179798657972,24.31310393413763,24.699462555644413,25.472179798657972,24.699462555644413,24.31310393413763,25.08582117715119,25.08582117715119,24.699462555644413,24.699462555644413,24.31310393413763,25.472179798657972,24.699462555644413,25.472179798657972,24.31310393413763,25.472179798657972,24.699462555644413,24.31310393413763,24.699462555644413,24.31310393413763,25.472179798657972,25.08582117715119,24.31310393413763,25.472179798657972,24.31310393413763,24.699462555644413,25.472179798657972,25.472179798657972,25.472179798657972,25.08582117715119,25.472179798657972,24.699462555644413,25.08582117715119,25.472179798657972,25.472179798657972,24.31310393413763,25.08582117715119,25.08582117715119,25.08582117715119,24.699462555644413,25.08582117715119,24.699462555644413,24.699462555644413,25.08582117715119,25.08582117715119,25.08582117715119,24.31310393413763,25.472179798657972,25.08582117715119,25.472179798657972,24.699462555644413,24.699462555644413,25.472179798657972,25.472179798657972,25.472179798657972,25.08582117715119,24.31310393413763,24.699462555644413,24.31310393413763,24.31310393413763,25.08582117715119,25.472179798657972,24.31310393413763,25.08582117715119,24.699462555644413,24.699462555644413,25.472179798657972,25.472179798657972,24.31310393413763,24.699462555644413,25.472179798657972,25.472179798657972,25.472179798657972,25.08582117715119,24.699462555644413,24.31310393413763,25.472179798657972,25.08582117715119,25.08582117715119,24.31310393413763,24.699462555644413,25.08582117715119,24.31310393413763,24.31310393413763,24.699462555644413,25.472179798657972,24.699462555644413,24.31310393413763,25.472179798657972,25.472179798657972,25.08582117715119,24.699462555644413,24.31310393413763,25.08582117715119,25.472179798657972,24.31310393413763,24.699462555644413,24.699462555644413,25.08582117715119,24.699462555644413,25.472179798657972,25.472179798657972,25.08582117715119,24.699462555644413,24.699462555644413,24.31310393413763,24.699462555644413,24.699462555644413,24.31310393413763,24.31310393413763,25.08582117715119,24.699462555644413,24.31310393413763,24.31310393413763,24.699462555644413,24.699462555644413,25.472179798657972,25.08582117715119,25.08582117715119,25.472179798657972,24.31310393413763,24.31310393413763,24.699462555644413,25.472179798657972,25.472179798657972,25.08582117715119,24.31310393413763,25.08582117715119,24.699462555644413,25.472179798657972,25.472179798657972,25.472179798657972,24.699462555644413,24.31310393413763,25.08582117715119,25.472179798657972,25.472179798657972,25.472179798657972,24.31310393413763,25.08582117715119
24.1023628678612,24.501600110084876,25.300074594532223,24.1023628678612,24.1023628678612,25.300074594532223,24.501600110084876,25.300074594532223,24.1023628678612,24.90083735230855,24.501600110084876,24.501600110084876,24.1023628678612,24.1023628678612,24.501600110084876,24.501600110084876,24.1023628678612,25.300074594532223,24.1023628678612,25.300074594532223,24.1023628678612,24.501600110084876,25.300074594532223,25.300074594532223,25.300074594532223,24.501600110084876,24.90083735230855,24.1023628678612,25.300074594532223,24.90083735230855,25.300074594532223,25.300074594532223,25.300074594532223,24.501600110084876,25.300074594532223,24.501600110084876,24.501600110084876,25.300074594532223,24.90083735230855,24.501600110084876,24.501600110084876,24.1023628678612,24.90083735230855,24.501600110084876,25.300074594532223,24.501600110084876,24.90083735230855,24.90083735230855,24.501600110084876,24.90083735230855,24.90083735230855,25.300074594532223,24.1023628678612,24.1023628678612,25.300074594532223,24.90083735230855,24.1023628678612,24.501600110084876,24.90083735230855,24.1023628678612,24.90083735230855,24.90083735230855,24.90083735230855,25.300074594532223,24.90083735230855,25.300074594532223,24.90083735230855,25.300074594532223,24.90083735230855,24.90083735230855,24.501600110084876,24.1023628678612,24.90083735230855,24.1023628678612,24.1023628678612,24.90083735230855,24.501600110084876,25.300074594532223,25.300074594532223,24.90083735230855,25.300074594532223,24.1023628678612,24.501600110084876,24.1023628678612,24.1023628678612,24.90083735230855,24.1023628678612,24.1023628678612,25.300074594532223,25.300074594532223,25.300074594532223,25.300074594532223,24.1023628678612,24.501600110084876,24.1023628678612,25.300074594532223,24.90083735230855,25.300074594532223,24.1023628678612,24.1023628678612,24.501600110084876,24.1023628678612,24.501600110084876,24.501600110084876,24.90083735230855,24.501600110084876,24.90083735230855,24.90083735230855,25.300074594532223,24.90083735230855,25.300074594532223,24.501600110084876,24.1023628678612,24.90083735230855,25.300074594532223,24.1023628678612,24.90083735230855,24.501600110084876,25.300074594532223,24.90083735230855,24.1023628678612,24.501600110084876,24.90083735230855,24.1023628678612,24.90083735230855,24.1023628678612,25.300074594532223,24.1023628678612,24.1023628678612,24.90083735230855,24.90083735230855,24.1023628678612,25.300074594532223,25.300074594532223,24.1023628678612,24.90083735230855,24.90083735230855,24.90083735230855,24.501600110084876,24.90083735230855,25.300074594532223,25.300074594532223,24.501600110084876,24.90083735230855,25.300074594532223,24.90083735230855,25.300074594532223,24.90083735230855,24.90083735230855,24.501600110084876,25.300074594532223,25.300074594532223,24.501600110084876,25.300074594532223,24.501600110084876,24.90083735230855,25.300074594532223,24.1023628678612,24.90083735230855,24.90083735230855,24.90083735230855,24.90083735230855,25.300074594532223,24.90083735230855,24.90083735230855,24.1023628678612,24.501600110084876,24.501600110084876,24.1023628678612,25.300074594532223,24.501600110084876,25.300074594532223,25.300074594532223,24.1023628678612,25.300074594532223,24.1023628678612,24.90083735230855,24.1023628678612,24.1023628678612,24.1023628678612,24.501600110084876,25.300074594532223,24.501600110084876,24.1023628678612,24.90083735230855,25.300074594532223,24.501600110084876,24.501600110084876,24.90083735230855,25.300074594532223,25.300074594532223,24.501600110084876,24.1023628678612,24.501600110084876,25.300074594532223,24.501600110084876,24.90083735230855,24.1023628678612,25.300074594532223,24.1023628678612
25.12796939040648,25.12796939040648,23.89162180158478,24.303737664525343,24.71585352746591,24.71585352746591,24.303737664525343,24.303737664525343,25.12796939040648,24.303737664525343,24.71585352746591,25.12796939040648,23.89162180158478,23.89162180158478,24.71585352746591,24.71585352746591,24.303737664525343,25.12796939040648,24.71585352746591,25.12796939040648,24.71585352746591,25.12796939040648,24.71585352746591,23.89162180158478,24.303737664525343,23.89162180158478,25.12796939040648,25.12796939040648,23.89162180158478,24.71585352746591,24.303737664525343,23.89162180158478,24.71585352746591,24.71585352746591,23.89162180158478,25.12796939040648,24.71585352746591,24.303737664525343,23.89162180158478,25.12796939040648,24.71585352746591,24.303737664525343,24.71585352746591,24.71585352746591,23.89162180158478,24.303737664525343,24.303737664525343,25.12796939040648,24.303737664525343,24.71585352746591,23.89162180158478,25.12796939040648,24.303737664525343,23.89162180158478,23.89162180158478,24.71585352746591,24.303737664525343,24.71585352746591,25.12796939040648,24.303737664525343,25.12796939040648,25.12796939040648,24.71585352746591,25.12796939040648,23.89162180158478,25.12796939040648,24.303737664525343,24.303737664525343,23.89162180158478,24.71585352746591,24.71585352746591,24.303737664525343,23.89162180158478,25.12796939040648,24.303737664525343,24.71585352746591,24.71585352746591,25.12796939040648,25.12796939040648,25.12796939040648,25.12796939040648,25.12796939040648,24.71585352746591,24.71585352746591,24.71585352746591,25.12796939040648,23.89162180158478,23.89162180158478,25.12796939040648,23.89162180158478,23.89162180158478,25.12796939040648,23.89162180158478,25.12796939040648,24.303737664525343,24.303737664525343,23.89162180158478,25.12796939040648,24.303737664525343,24.303737664525343,25.12796939040648,24.71585352746591,24.71585352746591,24.303737664525343,24.303737664525343,24.71585352746591,24.71585352746591,24.71585352746591,24.71585352746591,24.303737664525343,25.12796939040648,24.303737664525343,23.89162180158478,24.303737664525343,23.89162180158478,24.303737664525343,24.303737664525343,24.303737664525343,24.303737664525343,25.12796939040648,23.89162180158478,25.12796939040648,23.89162180158478,23.89162180158478,24.303737664525343,24.71585352746591,24.303737664525343,23.89162180158478,25.12796939040648,25.12796939040648,24.71585352746591,25.12796939040648,24.303737664525343,24.303737664525343,25.12796939040648,23.89162180158478,24.71585352746591,24.303737664525343,24.71585352746591,23.89162180158478,23.89162180158478,23.89162180158478,25.12796939040648,25.12796939040648,24.71585352746591,25.12796939040648,24.303737664525343,24.303737664525343,24.303737664525343,24.303737664525343,24.303737664525343,24.303737664525343,25.12796939040648,25.12796939040648,24.71585352746591,25.12796939040648,24.71585352746591,25.12796939040648,24.71585352746591,25.12796939040648,24.303737664525343,25.12796939040648,24.71585352746591,23.89162180158478,24.303737664525343,25.12796939040648,25.12796939040648,23.89162180158478,23.89162180158478,24.303737664525343,24.71585352746591,24.71585352746591,24.303737664525343,24.71585352746591,24.71585352746591,24.303737664525343,25.12796939040648,24.71585352746591,25.12796939040648,24.303737664525343,24.71585352746591,24.71585352746591,23.89162180158478,24.303737664525343,23.89162180158478,24.303737664525343,25.12796939040648,23.89162180158478,23.89162180158478,24.303737664525343,25.12796939040648,24.303737664525343,24.71585352746591,25.12796939040648,24.303737664525343,25.12796939040648,23.89162180158478,25.12796939040648,24.303737664525343,25.12796939040648
23.68088073530835,24.105875218965814,24.955864186280728,24.105875218965814,23.68088073530835,24.955864186280728,23.68088073530835,24.530869702623267,24.105875218965814,24.955864186280728,24.530869702623267,24.530869702623267,24.955864186280728,24.105875218965814,24.955864186280728,24.955864186280728,24.530869702623267,23.68088073530835,24.530869702623267,24.105875218965814,24.530869702623267,24.105875218965814,24.955864186280728,24.955864186280728,24.955864186280728,24.105875218965814,23.68088073530835,23.68088073530835,23.68088073530835,24.105875218965814,24.955864186280728,24.105875218965814,24.955864186280728,24.105875218965814,24.530869702623267,24.105875218965814,24.105875218965814,24.105875218965814,23.68088073530835,24.530869702623267,23.68088073530835,23.68088073530835,24.955864186280728,23.68088073530835,24.530869702623267,24.530869702623267,23.68088073530835,24.955864186280728,24.530869702623267,24.955864186280728,24.105875218965814,23.68088073530835,24.955864186280728,23.68088073530835,24.530869702623267,23.68088073530835,24.105875218965814,24.105875218965814,24.955864186280728,24.105875218965814,24.955864186280728,23.68088073530835,24.105875218965814,23.68088073530835,24.105875218965814,23.68088073530835,24.105875218965814,24.105875218965814,24.105875218965814,23.68088073530835,24.105875218965814,23.68088073530835,23.68088073530835,24.955864186280728,24.530869702623267,23.68088073530835,24.105875218965814,24.530869702623267,24.530869702623267,24.105875218965814,23.68088073530835,24.955864186280728,23.68088073530835,24.530869702623267,23.68088073530835,24.105875218965814,24.105875218965814,23.68088073530835,24.530869702623267,24.105875218965814,24.105875218965814,24.530869702623267,24.105875218965814,23.68088073530835,24.530869702623267,23.68088073530835,23.68088073530835,24.105875218965814,24.955864186280728,24.530869702623267,23.68088073530835,24.105875218965814,24.530869702623267,23.68088073530835,24.955864186280728,24.530869702623267,24.955864186280728,24.105875218965814,23.68088073530835,24.955864186280728,23.68088073530835,23.68088073530835,23.68088073530835,24.955864186280728,24.530869702623267,24.105875218965814,23.68088073530835,24.955864186280728,24.955864186280728,24.105875218965814,24.955864186280728,24.105875218965814,23.68088073530835,23.68088073530835,24.530869702623267,23.68088073530835,24.530869702623267,24.105875218965814,24.530869702623267,24.530869702623267,23.68088073530835,24.530869702623267,23.68088073530835,24.530869702623267,24.955864186280728,24.105875218965814,24.105875218965814,24.105875218965814,24.105875218965814,24.955864186280728,24.530869702623267,24.955864186280728,24.530869702623267,24.105875218965814,24.530869702623267,24.955864186280728,24.955864186280728,24.955864186280728,24.530869702623267,23.68088073530835,24.105875218965814,24.530869702623267,23.68088073530835,24.105875218965814,23.68088073530835,23.68088073530835,23.68088073530835,24.530869702623267,23.68088073530835,24.955864186280728,23.68088073530835,23.68088073530835,24.105875218965814,23.68088073530835,24.105875218965814,24.530869702623267,23.68088073530835,24.530869702623267,24.530869702623267,24.955864186280728,24.105875218965814,24.105875218965814,23.68088073530835,23.68088073530835,24.105875218965814,24.530869702623267,24.530869702623267,24.955864186280728,24.955864186280728,24.105875218965814,24.530869702623267,23.68088073530835,24.955864186280728,24.105875218965814,24.955864186280728,24.955864186280728,24.955864186280728,23.68088073530835,23.68088073530835,24.530869702623267,24.530869702623267,24.530869702623267,24.530869702623267,24.530869702623267,24.105875218965814,23.68088073530835,24.530869702623267,24.105875218965814,24.105875218965814,24.105875218965814
23.470139669031926,23.908012773406274,24.78375898215498,23.470139669031926,24.345885877780628,23.470139669031926,23.470139669031926,24.78375898215498,23.908012773406274,23.908012773406274,23.908012773406274,24.345885877780628,23.908012773406274,24.345885877780628,23.908012773406274,23.470139669031926,23.470139669031926,23.908012773406274,23.470139669031926,23.908012773406274,24.78375898215498,23.470139669031926,24.78375898215498,23.470139669031926,23.470139669031926,24.78375898215498,23.470139669031926,23.470139669031926,23.908012773406274,23.470139669031926,24.345885877780628,24.345885877780628,24.78375898215498,24.345885877780628,24.78375898215498,24.345885877780628,24.345885877780628,23.470139669031926,23.470139669031926,23.908012773406274,23.908012773406274,24.345885877780628,23.908012773406274,23.908012773406274,24.78375898215498,23.470139669031926,23.908012773406274,23.908012773406274,24.345885877780628,24.78375898215498,23.908012773406274,23.908012773406274,24.345885877780628,24.78375898215498,24.345885877780628,23.908012773406274,23.470139669031926,23.470139669031926,24.345885877780628,24.345885877780628,24.78375898215498,23.470139669031926,24.345885877780628,23.908012773406274,24.78375898215498,23.908012773406274,23.470139669031926,24.78375898215498,23.470139669031926,24.78375898215498,23.908012773406274,23.908012773406274,23.908012773406274,24.345885877780628,24.78375898215498,24.345885877780628,24.345885877780628,23.908012773406274,24.345885877780628,24.345885877780628,23.908012773406274,24.78375898215498,24.345885877780628,24.78375898215498,24.345885877780628,23.908012773406274,23.908012773406274,23.908012773406274,24.78375898215498,24.78375898215498,24.345885877780628,24.345885877780628,24.78375898215498,23.908012773406274,23.470139669031926,23.470139669031926,23.470139669031926,23.908012773406274,23.908012773406274,23.908012773406274,24.345885877780628,24.345885877780628,23.470139669031926,23.908012773406274,24.78375898215498,24.78375898215498,23.470139669031926,23.908012773406274,23.908012773406274,23.908012773406274,23.470139669031926,23.908012773406274,24.78375898215498,24.78375898215498,23.470139669031926,23.908012773406274,24.345885877780628,23.908012773406274,24.345885877780628,24.345885877780628,24.78375898215498,23.908012773406274,23.470139669031926,23.908012773406274,24.345885877780628,23.470139669031926,23.470139669031926,23.470139669031926,24.345885877780628,24.345885877780628,23.908012773406274,23.908012773406274,23.908012773406274,24.78375898215498,24.345885877780628,24.78375898215498,24.345885877780628,24.78375898215498,23.470139669031926,24.78375898215498,23.908012773406274,23.470139669031926,24.78375898215498,23.908012773406274,24.345885877780628,23.470139669031926,24.78375898215498,24.345885877780628,23.908012773406274,23.908012773406274,24.345885877780628,23.908012773406274,24.345885877780628,24.345885877780628,23.908012773406274,24.78375898215498,23.908012773406274,23.908012773406274,23.908012773406274,23.908012773406274,23.470139669031926,24.78375898215498,23.470139669031926,24.78375898215498,23.908012773406274,24.345885877780628,24.78375898215498,23.908012773406274,23.470139669031926,23.470139669031926,23.470139669031926,24.345885877780628,23.908012773406274,23.470139669031926,23.470139669031926,23.470139669031926,24.345885877780628,23.908012773406274,23.908012773406274,23.908012773406274,23.908012773406274,24.78375898215498,24.345885877780628,23.470139669031926,24.345885877780628,24.345885877780628,23.470139669031926,23.908012773406274,24.345885877780628,23.908012773406274,23.908012773406274,23.470139669031926,24.345885877780628,23.908012773406274,23.908012773406274,24.345885877780628,23.470139669031926,24.78375898215498,23.908012773406274,24.78375898215498
24.160902052937985,23.71015032784674,24.61165377802924,24.160902052937985,24.160902052937985,23.2593986027555,23.2593986027555,23.2593986027555,23.71015032784674,24.160902052937985,23.71015032784674,23.71015032784674,24.160902052937985,24.160902052937985,23.2593986027555,23.71015032784674,24.61165377802924,24.61165377802924,23.2593986027555,24.160902052937985,23.2593986027555,24.160902052937985,24.160902052937985,23.2593986027555,23.2593986027555,24.61165377802924,23.2593986027555,23.2593986027555,23.2593986027555,23.2593986027555,24.160902052937985,23.2593986027555,24.160902052937985,23.71015032784674,23.2593986027555,23.71015032784674,23.71015032784674,24.160902052937985,23.71015032784674,23.71015032784674,23.71015032784674,23.2593986027555,23.71015032784674,24.160902052937985,24.160902052937985,23.2593986027555,24.160902052937985,23.2593986027555,24.160902052937985,24.160902052937985,23.2593986027555,23.71015032784674,23.71015032784674,24.61165377802924,24.160902052937985,23.71015032784674,24.160902052937985,23.71015032784674,23.2593986027555,24.61165377802924,23.2593986027555,24.160902052937985,24.160902052937985,23.71015032784674,24.160902052937985,24.160902052937985,24.160902052937985,23.71015032784674,23.2593986027555,24.61165377802924,23.71015032784674,24.160902052937985,23.2593986027555,24.160902052937985,24.160902052937985,23.2593986027555,24.160902052937985,24.61165377802924,23.2593986027555,24.61165377802924,24.61165377802924,23.71015032784674,24.61165377802924,24.61165377802924,23.71015032784674,24.61165377802924,24.61165377802924,24.160902052937985,24.160902052937985,24.160902052937985,24.61165377802924,24.61165377802924,23.2593986027555,23.2593986027555,23.2593986027555,23.2593986027555,23.2593986027555,24.61165377802924,23.2593986027555,24.61165377802924,24.160902052937985,24.61165377802924,24.61165377802924,24.61165377802924,23.2593986027555,23.2593986027555,24.160902052937985,23.2593986027555,24.61165377802924,23.71015032784674,24.160902052937985,23.71015032784674,23.71015032784674,24.61165377802924,24.160902052937985,23.71015032784674,23.71015032784674,23.71015032784674,24.61165377802924,23.71015032784674,24.61165377802924,24.61165377802924,23.71015032784674,23.71015032784674,23.71015032784674,23.71015032784674,23.2593986027555,23.71015032784674,24.160902052937985,24.160902052937985,23.71015032784674,24.61165377802924,24.160902052937985,23.71015032784674,23.71015032784674,23.2593986027555,23.2593986027555,23.71015032784674,24.160902052937985,23.71015032784674,24.160902052937985,24.160902052937985,23.2593986027555,24.61165377802924,23.71015032784674,23.71015032784674,23.71015032784674,24.160902052937985,23.71015032784674,23.71015032784674,23.2593986027555,23.71015032784674,23.71015032784674,23.71015032784674,23.2593986027555,24.61165377802924,23.2593986027555,24.160902052937985,24.61165377802924,23.2593986027555,24.160902052937985,23.71015032784674,24.61165377802924,24.160902052937985,23.2593986027555,23.2593986027555,23.71015032784674,24.61165377802924,23.71015032784674,24.160902052937985,23.71015032784674,24.61165377802924,23.71015032784674,24.61165377802924,24.160902052937985,23.2593986027555,23.71015032784674,23.71015032784674,23.71015032784674,23.2593986027555,24.160902052937985,24.61165377802924,23.71015032784674,24.160902052937985,23.71015032784674,23.71015032784674,23.71015032784674,23.71015032784674,23.2593986027555,23.71015032784674,23.2593986027555,24.61165377802924,24.160902052937985,23.2593986027555,23.2593986027555,23.71015032784674,24.61165377802924,23.71015032784674,23.2593986027555,23.2593986027555
24.439548573903487,23.51228788228721,23.975918228095352,23.04865753647907,23.04865753647907,23.975918228095352,23.975918228095352,23.975918228095352,23.04865753647907,24.439548573903487,23.975918228095352,23.51228788228721,24.439548573903487,23.51228788228721,23.975918228095352,23.51228788228721,24.439548573903487,23.975918228095352,23.51228788228721,23.04865753647907,23.51228788228721,23.51228788228721,23.51228788228721,23.04865753647907,23.04865753647907,24.439548573903487,24.439548573903487,24.439548573903487,24.439548573903487,23.04865753647907,23.51228788228721,23.51228788228721,23.04865753647907,23.51228788228721,24.439548573903487,23.04865753647907,23.51228788228721,24.439548573903487,24.439548573903487,24.439548573903487,23.975918228095352,23.975918228095352,23.975918228095352,23.975918228095352,23.51228788228721,23.04865753647907,23.51228788228721,23.04865753647907,23.51228788228721,24.439548573903487,24.439548573903487,23.04865753647907,24.439548573903487,23.975918228095352,23.975918228095352,23.975918228095352,24.439548573903487,23.51228788228721,23.51228788228721,23.975918228095352,24.439548573903487,24.439548573903487,23.04865753647907,24.439548573903487,23.04865753647907,24.439548573903487,23.04865753647907,23.975918228095352,23.51228788228721,24.439548573903487,23.51228788228721,23.04865753647907,23.975918228095352,23.975918228095352,23.975918228095352,24.439548573903487,23.04865753647907,23.51228788228721,23.04865753647907,23.975918228095352,23.51228788228721,23.975918228095352,24.439548573903487,24.439548573903487,23.04865753647907,24.439548573903487,23.51228788228721,23.975918228095352,23.51228788228721,23.975918228095352,23.04865753647907,24.439548573903487,23.04865753647907,23.975918228095352,23.975918228095352,24.439548573903487,23.975918228095352,23.04865753647907,23.975918228095352,23.51228788228721,23.975918228095352,24.439548573903487,23.04865753647907,24.439548573903487,23.04865753647907,23.51228788228721,23.975918228095352,24.439548573903487,23.04865753647907,23.04865753647907,24.439548573903487,23.51228788228721,24.439548573903487,23.04865753647907,23.04865753647907,23.975918228095352,23.51228788228721,24.439548573903487,23.975918228095352,23.51228788228721,23.975918228095352,23.975918228095352,23.04865753647907,24.439548573903487,23.975918228095352,23.975918228095352,23.04865753647907,23.04865753647907,23.975918228095352,24.439548573903487,23.51228788228721,23.975918228095352,23.51228788228721,23.04865753647907,23.04865753647907,23.975918228095352,23.04865753647907,23.04865753647907,23.04865753647907,24.439548573903487,23.04865753647907,24.439548573903487,23.975918228095352,23.975918228095352,24.439548573903487,24.439548573903487,23.04865753647907,24.439548573903487,23.04865753647907,23.51228788228721,23.51228788228721,23.975918228095352,23.975918228095352,23.975918228095352,23.975918228095352,23.04865753647907,23.975918228095352,23.975918228095352,23.975918228095352,23.51228788228721,23.51228788228721,24.439548573903487,24.439548573903487,24.439548573903487,23.04865753647907,23.51228788228721,24.439548573903487,23.975918228095352,23.975918228095352,23.975918228095352,23.975918228095352,23.51228788228721,23.51228788228721,23.51228788228721,23.975918228095352,23.975918228095352,23.975918228095352,23.04865753647907,23.51228788228721,24.439548573903487,23.975918228095352,23.51228788228721,23.51228788228721,23.04865753647907,23.975918228095352,23.04865753647907,23.04865753647907,24.439548573903487,23.975918228095352,23.04865753647907,23.04865753647907,23.04865753647907,23.975918228095352,24.439548573903487,23.51228788228721,23.975918228095352,23.04865753647907,23.51228788228721,24.439548573903487,23.975918228095352
24.267443369777734,24.267443369777734,23.790934403252702,24.267443369777734,23.314425436727678,23.790934403252702,22.83791647020265,24.267443369777734,23.790934403252702,22.83791647020265,22.83791647020265,24.267443369777734,23.790934403252702,22.83791647020265,22.83791647020265,24.267443369777734,22.83791647020265,22.83791647020265,22.83791647020265,23.790934403252702,24.267443369777734,23.790934403252702,23.790934403252702,23.790934403252702,24.267443369777734,24.267443369777734,23.790934403252702,22.83791647020265,23.790934403252702,23.790934403252702,23.314425436727678,24.267443369777734,24.267443369777734,24.267443369777734,24.267443369777734,24.267443369777734,22.83791647020265,24.267443369777734,23.790934403252702,23.790934403252702,23.790934403252702,23.790934403252702,23.314425436727678,23.314425436727678,24.267443369777734,24.267443369777734,23.790934403252702,23.314425436727678,24.267443369777734,22.83791647020265,22.83791647020265,23.790934403252702,24.267443369777734,23.314425436727678,23.314425436727678,23.790934403252702,24.267443369777734,22.83791647020265,22.83791647020265,23.790934403252702,24.267443369777734,23.790934403252702,24.267443369777734,23.790934403252702,23.314425436727678,23.790934403252702,23.314425436727678,23.790934403252702,24.267443369777734,24.267443369777734,22.83791647020265,23.790934403252702,23.314425436727678,24.267443369777734,24.267443369777734,24.267443369777734,24.267443369777734,23.790934403252702,24.267443369777734,23.314425436727678,23.790934403252702,22.83791647020265,22.83791647020265,23.314425436727678,23.314425436727678,23.790934403252702,24.267443369777734,23.790934403252702,23.790934403252702,23.314425436727678,23.314425436727678,23.314425436727678,22.83791647020265,22.83791647020265,22.83791647020265,23.314425436727678,22.83791647020265,24.267443369777734,23.790934403252702,22.83791647020265,24.267443369777734,24.267443369777734,22.83791647020265,24.267443369777734,22.83791647020265,24.267443369777734,23.790934403252702,22.83791647020265,23.790934403252702,23.314425436727678,22.83791647020265,23.314425436727678,24.267443369777734,24.267443369777734,23.790934403252702,24.267443369777734,24.267443369777734,24.267443369777734,24.267443369777734,24.267443369777734,23.314425436727678,23.790934403252702,23.314425436727678,23.790934403252702,24.267443369777734,23.790934403252702,23.790934403252702,23.314425436727678,23.314425436727678,23.790934403252702,23.790934403252702,22.83791647020265,22.83791647020265,23.314425436727678,22.83791647020265,23.314425436727678,22.83791647020265,24.267443369777734,23.790934403252702,23.790934403252702,23.790934403252702,23.314425436727678,24.267443369777734,23.314425436727678,24.267443369777734,22.83791647020265,23.314425436727678,23.314425436727678,22.83791647020265,23.790934403252702,23.314425436727678,22.83791647020265,23.314425436727678,23.314425436727678,23.314425436727678,23.314425436727678,22.83791647020265,22.83791647020265,23.790934403252702,23.314425436727678,23.314425436727678,22.83791647020265,23.314425436727678,24.267443369777734,22.83791647020265,23.790934403252702,22.83791647020265,22.83791647020265,24.267443369777734,22.83791647020265,24.267443369777734,23.790934403252702,23.790934403252702,23.790934403252702,23.314425436727678,23.790934403252702,23.790934403252702,22.83791647020265,24.267443369777734,23.790934403252702,23.790934403252702,24.267443369777734,23.314425436727678,22.83791647020265,23.314425436727678,23.314425436727678,24.267443369777734,23.790934403252702,23.790934403252702,24.267443369777734,24.267443369777734,23.790934403252702,23.790934403252702,24.267443369777734,23.790934403252702,23.790934403252702,23.314425436727678,23.314425436727678,24.267443369777734,23.790934403252702
22.627175403926216,24.09533816565199,23.60595057841007,23.60595057841007,22.627175403926216,23.60595057841007,22.627175403926216,24.09533816565199,24.09533816565199,24.09533816565199,23.60595057841007,23.11656299116814,22.627175403926216,23.60595057841007,23.11656299116814,23.11656299116814,22.627175403926216,22.627175403926216,23.11656299116814,24.09533816565199,22.627175403926216,23.11656299116814,23.60595057841007,22.627175403926216,24.09533816565199,24.09533816565199,23.11656299116814,22.627175403926216,24.09533816565199,23.60595057841007,24.09533816565199,23.60595057841007,24.09533816565199,23.11656299116814,22.627175403926216,22.627175403926216,22.627175403926216,23.60595057841007,23.60595057841007,23.60595057841007,23.60595057841007,24.09533816565199,24.09533816565199,24.09533816565199,22.627175403926216,23.11656299116814,23.60595057841007,22.627175403926216,22.627175403926216,24.09533816565199,23.11656299116814,23.60595057841007,23.60595057841007,24.09533816565199,23.60595057841007,24.09533816565199,22.627175403926216,22.627175403926216,22.627175403926216,24.09533816565199,23.11656299116814,23.11656299116814,24.09533816565199,24.09533816565199,23.60595057841007,23.11656299116814,22.627175403926216,22.627175403926216,23.60595057841007,23.60595057841007,24.09533816565199,23.60595057841007,22.627175403926216,22.627175403926216,22.627175403926216,24.09533816565199,23.11656299116814,23.60595057841007,23.60595057841007,23.11656299116814,24.09533816565199,24.09533816565199,23.60595057841007,22.627175403926216,23.11656299116814,24.09533816565199,24.09533816565199,23.11656299116814,22.627175403926216,22.627175403926216,23.60595057841007,23.60595057841007,23.11656299116814,22.627175403926216,23.60595057841007,24.09533816565199,22.627175403926216,22.627175403926216,23.11656299116814,22.627175403926216,23.11656299116814,24.09533816565199,23.60595057841007,23.11656299116814,23.60595057841007,23.11656299116814,23.60595057841007,23.60595057841007,23.11656299116814,22.627175403926216,23.60595057841007,24.09533816565199,24.09533816565199,23.60595057841007,24.09533816565199,22.627175403926216,22.627175403926216,24.09533816565199,24.09533816565199,23.11656299116814,23.11656299116814,24.09533816565199,24.09533816565199,23.11656299116814,23.11656299116814,24.09533816565199,24.09533816565199,23.60595057841007,24.09533816565199,23.60595057841007,24.09533816565199,22.627175403926216,22.627175403926216,23.60595057841007,22.627175403926216,23.60595057841007,24.09533816565199,23.11656299116814,23.11656299116814,24.09533816565199,23.60595057841007,22.627175403926216,24.09533816565199,24.09533816565199,23.11656299116814,23.11656299116814,23.60595057841007,24.09533816565199,23.60595057841007,23.60595057841007,23.11656299116814,23.60595057841007,23.11656299116814,22.627175403926216,24.09533816565199,22.627175403926216,24.09533816565199,23.60595057841007,24.09533816565199,23.11656299116814,22.627175403926216,23.11656299116814,23.11656299116814,23.60595057841007,23.11656299116814,22.627175403926216,23.60595057841007,23.11656299116814,23.11656299116814,22.627175403926216,23.11656299116814,24.09533816565199,23.60595057841007,23.11656299116814,23.11656299116814,22.627175403926216,23.60595057841007,23.11656299116814,22.627175403926216,22.627175403926216,24.09533816565199,24.09533816565199,23.11656299116814,24.09533816565199,23.60595057841007,23.11656299116814,23.60595057841007,22.627175403926216,23.60595057841007,22.627175403926216,24.09533816565199,22.627175403926216,24.09533816565199,24.09533816565199,22.627175403926216,22.627175403926216,22.627175403926216,23.60595057841007,24.09533816565199,23.60595057841007
22.91870054560861,22.91870054560861,22.91870054560861,23.42096675356743,23.923232961526242,23.923232961526242,23.42096675356743,22.416434337649797,22.91870054560861,22.91870054560861,22.416434337649797,22.91870054560861,22.91870054560861,22.91870054560861,23.42096675356743,22.416434337649797,23.923232961526242,23.923232961526242,22.416434337649797,22.91870054560861,22.416434337649797,23.923232961526242,23.42096675356743,23.923232961526242,23.42096675356743,23.923232961526242,22.416434337649797,23.42096675356743,22.91870054560861,22.91870054560861,22.416434337649797,23.42096675356743,22.416434337649797,22.91870054560861,23.42096675356743,23.42096675356743,23.42096675356743,22.91870054560861,22.91870054560861,22.416434337649797,23.42096675356743,22.416434337649797,22.416434337649797,22.416434337649797,22.416434337649797,23.42096675356743,23.42096675356743,22.416434337649797,23.923232961526242,23.42096675356743,23.923232961526242,23.42096675356743,22.416434337649797,22.91870054560861,22.91870054560861,23.42096675356743,23.42096675356743,22.416434337649797,22.416434337649797,22.416434337649797,22.416434337649797,22.91870054560861,22.91870054560861,23.42096675356743,22.416434337649797,22.416434337649797,23.923232961526242,23.923232961526242,22.91870054560861,22.91870054560861,23.923232961526242,22.91870054560861,23.42096675356743,23.42096675356743,23.923232961526242,23.923232961526242,23.42096675356743,23.923232961526242,23.42096675356743,22.91870054560861,22.91870054560861,22.91870054560861,22.416434337649797,22.416434337649797,22.416434337649797,23.42096675356743,22.416434337649797,23.42096675356743,22.91870054560861,23.42096675356743,23.923232961526242,22.91870054560861,23.923232961526242,22.91870054560861,22.91870054560861,22.91870054560861,23.42096675356743,22.416434337649797,22.91870054560861,22.91870054560861,23.42096675356743,23.42096675356743,23.42096675356743,23.923232961526242,22.91870054560861,23.42096675356743,22.416434337649797,22.416434337649797,23.42096675356743,23.42096675356743,23.923232961526242,22.91870054560861,23.42096675356743,22.91870054560861,23.42096675356743,22.416434337649797,23.923232961526242,22.416434337649797,23.923232961526242,23.42096675356743,23.923232961526242,23.42096675356743,22.416434337649797,23.923232961526242,22.91870054560861,23.923232961526242,23.923232961526242,22.91870054560861,23.42096675356743,22.91870054560861,22.91870054560861,23.42096675356743,22.416434337649797,22.91870054560861,23.923232961526242,22.416434337649797,23.923232961526242,23.923232961526242,22.91870054560861,22.416434337649797,23.923232961526242,22.416434337649797,22.416434337649797,23.42096675356743,22.91870054560861,22.91870054560861,23.923232961526242,22.91870054560861,23.923232961526242,22.416434337649797,22.416434337649797,22.91870054560861,23.42096675356743,22.416434337649797,22.91870054560861,23.923232961526242,23.42096675356743,22.91870054560861,22.416434337649797,23.42096675356743,23.42096675356743,23.923232961526242,23.42096675356743,23.923232961526242,23.42096675356743,22.91870054560861,23.42096675356743,22.91870054560861,23.923232961526242,23.923232961526242,23.923232961526242,23.923232961526242,22.91870054560861,23.923232961526242,22.416434337649797,23.923232961526242,22.91870054560861,22.416434337649797,22.416434337649797,23.42096675356743,23.42096675356743,23.923232961526242,22.91870054560861,22.416434337649797,23.42096675356743,23.42096675356743,22.416434337649797,23.42096675356743,22.416434337649797,22.416434337649797,22.416434337649797,23.42096675356743,23.42096675356743,22.91870054560861,22.416434337649797,22.416434337649797,23.42096675356743,22.416434337649797,23.42096675356743,22.416434337649797
23.235982928724788,23.235982928724788,22.205693271373367,23.75112775740049,22.205693271373367,23.75112775740049,22.205693271373367,23.75112775740049,23.75112775740049,23.75112775740049,23.75112775740049,23.75112775740049,22.720838100049075,22.205693271373367,23.235982928724788,22.205693271373367,23.235982928724788,22.205693271373367,22.720838100049075,23.235982928724788,22.720838100049075,23.75112775740049,23.235982928724788,22.205693271373367,23.235982928724788,23.235982928724788,22.205693271373367,23.75112775740049,23.75112775740049,23.235982928724788,22.205693271373367,22.720838100049075,22.720838100049075,23.235982928724788,23.235982928724788,23.235982928724788,22.205693271373367,23.235982928724788,22.205693271373367,22.205693271373367,23.235982928724788,22.720838100049075,23.75112775740049,23.75112775740049,23.235982928724788,23.75112775740049,22.720838100049075,22.720838100049075,23.235982928724788,22.205693271373367,22.205693271373367,22.720838100049075,23.235982928724788,22.720838100049075,22.720838100049075,22.205693271373367,22.720838100049075,23.235982928724788,22.720838100049075,23.235982928724788,22.720838100049075,23.75112775740049,23.235982928724788,23.75112775740049,23.75112775740049,22.205693271373367,22.720838100049075,23.235982928724788,23.235982928724788,23.75112775740049,22.720838100049075,23.235982928724788,22.205693271373367,23.235982928724788,22.720838100049075,22.720838100049075,22.205693271373367,22.205693271373367,22.720838100049075,22.720838100049075,22.720838100049075,23.235982928724788,23.235982928724788,22.205693271373367,22.205693271373367,23.235982928724788,23.235982928724788,23.75112775740049,23.75112775740049,22.720838100049075,22.720838100049075,23.235982928724788,23.235982928724788,23.235982928724788,23.75112775740049,22.720838100049075,22.720838100049075,23.235982928724788,22.720838100049075,23.75112775740049,23.75112775740049,23.235982928724788,23.235982928724788,23.75112775740049,22.720838100049075,22.205693271373367,23.75112775740049,22.720838100049075,23.75112775740049,22.205693271373367,22.720838100049075,22.720838100049075,23.75112775740049,23.235982928724788,22.205693271373367,23.75112775740049,22.720838100049075,22.205693271373367,23.235982928724788,23.75112775740049,23.75112775740049,23.235982928724788,23.235982928724788,23.75112775740049,22.205693271373367,22.205693271373367,23.75112775740049,23.235982928724788,23.235982928724788,22.205693271373367,22.205693271373367,22.205693271373367,22.205693271373367,23.75112775740049,23.75112775740049,22.720838100049075,22.720838100049075,23.235982928724788,23.235982928724788,23.75112775740049,22.205693271373367,22.720838100049075,22.205693271373367,23.75112775740049,22.205693271373367,23.235982928724788,23.235982928724788,23.235982928724788,23.235982928724788,23.235982928724788,22.205693271373367,22.205693271373367,23.235982928724788,22.720838100049075,22.720838100049075,22.205693271373367,22.720838100049075,23.235982928724788,22.720838100049075,22.720838100049075,22.205693271373367,23.75112775740049,22.720838100049075,22.720838100049075,22.720838100049075,23.75112775740049,23.75112775740049,22.205693271373367,22.205693271373367,22.720838100049075,22.720838100049075,22.720838100049075,22.720838100049075,22.720838100049075,22.205693271373367,23.75112775740049,23.75112775740049,23.75112775740049,22.205693271373367,23.235982928724788,22.720838100049075,22.205693271373367,23.235982928724788,22.205693271373367,22.720838100049075,23.75112775740049,22.720838100049075,23.235982928724788,23.75112775740049,22.205693271373367,23.235982928724788,22.720838100049075,23.75112775740049,22.720838100049075,23.235982928724788,22.720838100049075,23.75112775740049,22.720838100049075,22.720838100049075,23.75112775740049
23.579022553274747,23.05099910388215,23.579022553274747,21.994952205096936,23.05099910388215,23.05099910388215,22.522975654489546,22.522975654489546,22.522975654489546,22.522975654489546,21.994952205096936,21.994952205096936,22.522975654489546,23.05099910388215,23.05099910388215,23.579022553274747,21.994952205096936,22.522975654489546,23.579022553274747,23.05099910388215,23.579022553274747,21.994952205096936,21.994952205096936,23.579022553274747,21.994952205096936,23.579022553274747,21.994952205096936,23.05099910388215,23.05099910388215,23.579022553274747,23.05099910388215,21.994952205096936,22.522975654489546,22.522975654489546,21.994952205096936,23.05099910388215,22.522975654489546,22.522975654489546,21.994952205096936,22.522975654489546,21.994952205096936,23.579022553274747,22.522975654489546,23.05099910388215,23.579022553274747,23.05099910388215,21.994952205096936,23.05099910388215,23.05099910388215,23.05099910388215,23.05099910388215,22.522975654489546,23.579022553274747,22.522975654489546,22.522975654489546,23.05099910388215,22.522975654489546,22.522975654489546,23.05099910388215,23.05099910388215,23.579022553274747,23.579022553274747,22.522975654489546,21.994952205096936,23.05099910388215,23.05099910388215,23.05099910388215,22.522975654489546,22.522975654489546,23.05099910388215,23.05099910388215,22.522975654489546,23.05099910388215,22.522975654489546,23.579022553274747,21.994952205096936,21.994952205096936,21.994952205096936,23.579022553274747,23.579022553274747,23.579022553274747,23.579022553274747,22.522975654489546,21.994952205096936,23.05099910388215,23.05099910388215,22.522975654489546,22.522975654489546,23.05099910388215,21.994952205096936,23.05099910388215,21.994952205096936,21.994952205096936,22.522975654489546,23.05099910388215,23.579022553274747,22.522975654489546,21.994952205096936,23.05099910388215,23.05099910388215,23.579022553274747,23.579022553274747,23.05099910388215,21.994952205096936,23.579022553274747,21.994952205096936,22.522975654489546,21.994952205096936,22.522975654489546,23.05099910388215,22.522975654489546,23.579022553274747,23.579022553274747,21.994952205096936,22.522975654489546,21.994952205096936,21.994952205096936,21.994952205096936,22.522975654489546,23.05099910388215,21.994952205096936,23.05099910388215,21.994952205096936,23.579022553274747,23.579022553274747,23.579022553274747,23.05099910388215,21.994952205096936,21.994952205096936,23.579022553274747,21.994952205096936,22.522975654489546,22.522975654489546,23.05099910388215,23.05099910388215,23.579022553274747,22.522975654489546,22.522975654489546,23.05099910388215,23.05099910388215,23.05099910388215,21.994952205096936,23.05099910388215,22.522975654489546,21.994952205096936,23.05099910388215,23.05099910388215,21.994952205096936,23.05099910388215,23.05099910388215,21.994952205096936,23.579022553274747,21.994952205096936,23.579022553274747,22.522975654489546,23.579022553274747,21.994952205096936,21.994952205096936,23.05099910388215,23.579022553274747,23.05099910388215,23.579022553274747,23.579022553274747,22.522975654489546,23.05099910388215,21.994952205096936,22.522975654489546,23.579022553274747,21.994952205096936,23.05099910388215,22.522975654489546,22.522975654489546,23.05099910388215,22.522975654489546,22.522975654489546,21.994952205096936,22.522975654489546,23.579022553274747,21.994952205096936,23.05099910388215,23.579022553274747,23.579022553274747,23.579022553274747,23.05099910388215,23.579022553274747,23.579022553274747,22.522975654489546,23.579022553274747,23.579022553274747,23.579022553274747,23.05099910388215,23.579022553274747,22.522975654489546,21.994952205096936,22.522975654489546,23.05099910388215,23.05099910388215,23.05099910388215,22.522975654489546,22.522975654489546
23.406917349148994,22.325113208930006,23.406917349148994,23.406917349148994,21.784211138820517,21.784211138820517,23.406917349148994,22.325113208930006,23.406917349148994,22.325113208930006,22.866015279039505,22.866015279039505,23.406917349148994,22.866015279039505,23.406917349148994,21.784211138820517,21.784211138820517,21.784211138820517,23.406917349148994,22.866015279039505,21.784211138820517,21.784211138820517,21.784211138820517,22.325113208930006,22.325113208930006,23.406917349148994,22.325113208930006,22.866015279039505,21.784211138820517,21.784211138820517,21.784211138820517,22.325113208930006,23.406917349148994,22.866015279039505,21.784211138820517,22.866015279039505,22.325113208930006,22.325113208930006,22.325113208930006,23.406917349148994,22.325113208930006,22.325113208930006,21.784211138820517,21.784211138820517,21.784211138820517,22.325113208930006,22.325113208930006,22.866015279039505,22.325113208930006,23.406917349148994,23.406917349148994,23.406917349148994,22.866015279039505,22.866015279039505,22.325113208930006,22.866015279039505,22.325113208930006,21.784211138820517,22.866015279039505,22.325113208930006,23.406917349148994,23.406917349148994,23.406917349148994,21.784211138820517,21.784211138820517,22.325113208930006,22.325113208930006,21.784211138820517,22.325113208930006,22.325113208930006,21.784211138820517,22.866015279039505,23.406917349148994,22.325113208930006,22.866015279039505,21.784211138820517,22.325113208930006,21.784211138820517,22.866015279039505,21.784211138820517,22.866015279039505,22.866015279039505,23.406917349148994,22.325113208930006,22.866015279039505,21.784211138820517,22.325113208930006,21.784211138820517,22.325113208930006,22.325113208930006,22.866015279039505,22.866015279039505,23.406917349148994,22.866015279039505,22.325113208930006,22.866015279039505,23.406917349148994,22.866015279039505,22.325113208930006,22.325113208930006,21.784211138820517,21.784211138820517,23.406917349148994,22.325113208930006,21.784211138820517,23.406917349148994,21.784211138820517,21.784211138820517,21.784211138820517,22.866015279039505,22.325113208930006,22.325113208930006,22.866015279039505,23.406917349148994,22.866015279039505,21.784211138820517,23.406917349148994,22.866015279039505,21.784211138820517,22.325113208930006,21.784211138820517,21.784211138820517,21.784211138820517,23.406917349148994,21.784211138820517,22.866015279039505,21.784211138820517,21.784211138820517,22.325113208930006,22.325113208930006,22.325113208930006,22.325113208930006,22.325113208930006,23.406917349148994,22.325113208930006,22.866015279039505,22.866015279039505,22.866015279039505,23.406917349148994,22.325113208930006,21.784211138820517,21.784211138820517,22.325113208930006,22.325113208930006,23.406917349148994,23.406917349148994,21.784211138820517,22.866015279039505,22.866015279039505,22.866015279039505,22.325113208930006,23.406917349148994,22.866015279039505,22.866015279039505,21.784211138820517,22.866015279039505,23.406917349148994,22.325113208930006,22.325113208930006,22.866015279039505,22.866015279039505,21.784211138820517,23.406917349148994,22.325113208930006,23.406917349148994,21.784211138820517,22.866015279039505,21.784211138820517,21.784211138820517,23.406917349148994,23.406917349148994,22.866015279039505,21.784211138820517,22.325113208930006,21.784211138820517,22.866015279039505,22.325113208930006,22.325113208930006,23.406917349148994,22.866015279039505,23.406917349148994,22.866015279039505,23.406917349148994,21.784211138820517,23.406917349148994,22.325113208930006,21.784211138820517,21.784211138820517,22.866015279039505,22.866015279039505,22.325113208930006,22.325113208930006,22.325113208930006,22.325113208930006,22.866015279039505,23.406917349148994,22.866015279039505,23.406917349148994,22.325113208930006,21.784211138820517
22.127250763370476,21.573470072544087,23.234812145023245,23.234812145023245,23.234812145023245,23.234812145023245,22.127250763370476,21.573470072544087,22.127250763370476,22.127250763370476,22.127250763370476,23.234812145023245,22.127250763370476,21.573470072544087,23.234812145023245,22.127250763370476,22.681031454196866,23.234812145023245,22.681031454196866,23.234812145023245,21.573470072544087,22.681031454196866,22.681031454196866,22.127250763370476,23.234812145023245,22.681031454196866,22.681031454196866,22.127250763370476,22.681031454196866,22.681031454196866,21.573470072544087,21.573470072544087,21.573470072544087,21.573470072544087,22.127250763370476,22.681031454196866,21.573470072544087,21.573470072544087,23.234812145023245,21.573470072544087,22.127250763370476,22.127250763370476,22.681031454196866,21.573470072544087,21.573470072544087,22.681031454196866,22.681031454196866,21.573470072544087,22.681031454196866,22.681031454196866,22.681031454196866,22.681031454196866,21.573470072544087,23.234812145023245,21.573470072544087,21.573470072544087,23.234812145023245,21.573470072544087,21.573470072544087,22.127250763370476,22.681031454196866,21.573470072544087,21.573470072544087,21.573470072544087,22.127250763370476,21.573470072544087,23.234812145023245,22.681031454196866,22.127250763370476,23.234812145023245,22.681031454196866,23.234812145023245,22.681031454196866,22.127250763370476,22.681031454196866,23.234812145023245,21.573470072544087,23.234812145023245,22.681031454196866,21.573470072544087,23.234812145023245,22.681031454196866,22.681031454196866,22.681031454196866,23.234812145023245,22.127250763370476,22.127250763370476,23.234812145023245,23.234812145023245,21.573470072544087,21.573470072544087,22.127250763370476,21.573470072544087,21.573470072544087,23.234812145023245,22.127250763370476,22.127250763370476,22.681031454196866,21.573470072544087,21.573470072544087,23.234812145023245,23.234812145023245,22.127250763370476,22.127250763370476,21.573470072544087,22.681031454196866,22.127250763370476,22.127250763370476,22.127250763370476,22.681031454196866,22.681031454196866,21.573470072544087,22.127250763370476,21.573470072544087,22.127250763370476,21.573470072544087,23.234812145023245,23.234812145023245,22.127250763370476,22.127250763370476,23.234812145023245,22.681031454196866,21.573470072544087,22.127250763370476,23.234812145023245,22.127250763370476,23.234812145023245,22.681031454196866,21.573470072544087,23.234812145023245,21.573470072544087,22.681031454196866,21.573470072544087,23.234812145023245,22.681031454196866,21.573470072544087,23.234812145023245,21.573470072544087,21.573470072544087,21.573470072544087,22.127250763370476,23.234812145023245,23.234812145023245,23.234812145023245,21.573470072544087,22.681031454196866,21.573470072544087,22.127250763370476,21.573470072544087,22.127250763370476,22.127250763370476,22.127250763370476,23.234812145023245,21.573470072544087,23.234812145023245,22.681031454196866,22.127250763370476,22.127250763370476,22.127250763370476,23.234812145023245,22.681031454196866,22.127250763370476,23.234812145023245,22.681031454196866,23.234812145023245,22.127250763370476,21.573470072544087,22.127250763370476,22.681031454196866,22.681031454196866,22.681031454196866,22.127250763370476,23.234812145023245,22.127250763370476,22.127250763370476,23.234812145023245,22.681031454196866,21.573470072544087,22.681031454196866,21.573470072544087,21.573470072544087,23.234812145023245,22.127250763370476,21.573470072544087,23.234812145023245,22.127250763370476,22.127250763370476,21.573470072544087,22.681031454196866,23.234812145023245,22.127250763370476,22.127250763370476,22.127250763370476,22.127250763370476,22.127250763370476,22.127250763370476,23.234812145023245,23.234812145023245,22.127250763370476,22.681031454196866
22.496047629354223,21.362729006267667,22.496047629354223,23.062706940897503,23.062706940897503,23.062706940897503,21.362729006267667,23.062706940897503,22.496047629354223,21.362729006267667,22.496047629354223,23.062706940897503,23.062706940897503,21.362729006267667,23.062706940897503,23.062706940897503,21.929388317810943,22.496047629354223,21.929388317810943,22.496047629354223,22.496047629354223,23.062706940897503,23.062706940897503,21.362729006267667,21.362729006267667,23.062706940897503,22.496047629354223,21.362729006267667,22.496047629354223,23.062706940897503,21.362729006267667,22.496047629354223,21.362729006267667,23.062706940897503,21.362729006267667,23.062706940897503,23.062706940897503,21.362729006267667,21.929388317810943,22.496047629354223,21.362729006267667,21.362729006267667,23.062706940897503,21.362729006267667,21.929388317810943,22.496047629354223,21.362729006267667,21.929388317810943,23.062706940897503,21.929388317810943,23.062706940897503,23.062706940897503,22.496047629354223,23.062706940897503,23.062706940897503,21.362729006267667,22.496047629354223,21.929388317810943,21.362729006267667,23.062706940897503,22.496047629354223,21.362729006267667,22.496047629354223,23.062706940897503,21.362729006267667,21.362729006267667,21.362729006267667,22.496047629354223,22.496047629354223,21.362729006267667,21.929388317810943,21.929388317810943,23.062706940897503,22.496047629354223,23.062706940897503,21.362729006267667,21.362729006267667,22.496047629354223,22.496047629354223,23.062706940897503,22.496047629354223,23.062706940897503,23.062706940897503,21.362729006267667,21.362729006267667,21.929388317810943,22.496047629354223,21.362729006267667,23.062706940897503,21.362729006267667,21.362729006267667,23.062706940897503,22.496047629354223,21.929388317810943,22.496047629354223,21.362729006267667,23.062706940897503,22.496047629354223,21.929388317810943,21.362729006267667,21.929388317810943,21.362729006267667,21.362729006267667,23.062706940897503,22.496047629354223,23.062706940897503,21.362729006267667,21.929388317810943,21.362729006267667,23.062706940897503,21.362729006267667,22.496047629354223,21.362729006267667,21.362729006267667,23.062706940897503,21.362729006267667,21.929388317810943,21.929388317810943,21.929388317810943,21.929388317810943,21.929388317810943,22.496047629354223,21.929388317810943,22.496047629354223,23.062706940897503,23.062706940897503,22.496047629354223,22.496047629354223,21.362729006267667,23.062706940897503,21.929388317810943,21.362729006267667,21.929388317810943,21.362729006267667,21.929388317810943,22.496047629354223,22.496047629354223,22.496047629354223,21.929388317810943,23.062706940897503,21.929388317810943,22.496047629354223,21.929388317810943,21.362729006267667,21.362729006267667,21.362729006267667,21.929388317810943,21.929388317810943,21.362729006267667,21.929388317810943,22.496047629354223,22.496047629354223,21.362729006267667,22.496047629354223,21.362729006267667,22.496047629354223,21.929388317810943,21.929388317810943,22.496047629354223,21.362729006267667,21.362729006267667,21.362729006267667,21.929388317810943,23.062706940897503,22.496047629354223,23.062706940897503,21.929388317810943,21.929388317810943,23.062706940897503,21.362729006267667,22.496047629354223,21.929388317810943,21.929388317810943,23.062706940897503,22.496047629354223,23.062706940897503,21.362729006267667,22.496047629354223,22.496047629354223,23.062706940897503,22.496047629354223,22.496047629354223,21.362729006267667,21.929388317810943,21.929388317810943,22.496047629354223,23.062706940897503,23.062706940897503,21.929388317810943,21.929388317810943,23.062706940897503,23.062706940897503,23.062706940897503,21.362729006267667,21.929388317810943,21.362729006267667,21.929388317810943,21.362729006267667,23.062706940897503,22.496047629354223
22.311063804511583,21.151987939991233,21.151987939991233,22.311063804511583,21.151987939991233,21.151987939991233,22.311063804511583,21.731525872251403,21.151987939991233,21.151987939991233,21.151987939991233,22.311063804511583,21.731525872251403,22.89060173677175,22.89060173677175,22.89060173677175,21.731525872251403,21.151987939991233,22.89060173677175,22.311063804511583,22.311063804511583,22.89060173677175,21.151987939991233,21.151987939991233,21.731525872251403,21.731525872251403,22.311063804511583,21.151987939991233,21.731525872251403,22.311063804511583,22.311063804511583,22.89060173677175,21.731525872251403,21.151987939991233,22.89060173677175,22.311063804511583,21.731525872251403,22.311063804511583,22.89060173677175,22.311063804511583,22.311063804511583,21.151987939991233,21.151987939991233,22.311063804511583,21.731525872251403,21.151987939991233,22.311063804511583,22.311063804511583,21.731525872251403,22.89060173677175,21.731525872251403,22.89060173677175,21.731525872251403,22.89060173677175,21.151987939991233,22.311063804511583,21.731525872251403,21.151987939991233,22.311063804511583,21.151987939991233,22.311063804511583,22.311063804511583,21.731525872251403,22.89060173677175,21.151987939991233,21.151987939991233,21.151987939991233,21.731525872251403,21.731525872251403,21.151987939991233,21.151987939991233,21.151987939991233,21.151987939991233,22.89060173677175,21.151987939991233,22.311063804511583,22.89060173677175,21.731525872251403,21.151987939991233,21.151987939991233,21.731525872251403,21.731525872251403,21.731525872251403,21.151987939991233,22.89060173677175,22.311063804511583,21.731525872251403,22.89060173677175,21.151987939991233,21.731525872251403,21.151987939991233,21.151987939991233,21.151987939991233,22.89060173677175,21.731525872251403,21.151987939991233,21.151987939991233,21.731525872251403,22.311063804511583,22.311063804511583,22.311063804511583,22.311063804511583,22.89060173677175,21.731525872251403,21.731525872251403,21.731525872251403,21.731525872251403,22.311063804511583,21.731525872251403,22.89060173677175,21.731525872251403,21.731525872251403,21.151987939991233,21.731525872251403,22.89060173677175,22.89060173677175,22.89060173677175,22.89060173677175,21.151987939991233,22.311063804511583,21.151987939991233,21.151987939991233,21.731525872251403,21.731525872251403,21.151987939991233,22.89060173677175,21.731525872251403,21.151987939991233,22.311063804511583,22.311063804511583,22.89060173677175,22.311063804511583,22.89060173677175,21.151987939991233,21.731525872251403,21.731525872251403,22.311063804511583,21.151987939991233,22.89060173677175,22.89060173677175,22.89060173677175,21.731525872251403,22.89060173677175,21.731525872251403,21.151987939991233,21.731525872251403,21.151987939991233,21.151987939991233,22.89060173677175,21.731525872251403,21.731525872251403,21.151987939991233,22.311063804511583,21.151987939991233,22.311063804511583,21.731525872251403,21.151987939991233,22.311063804511583,21.731525872251403,22.89060173677175,21.731525872251403,22.89060173677175,22.89060173677175,21.731525872251403,22.311063804511583,21.731525872251403,21.151987939991233,21.731525872251403,22.89060173677175,22.311063804511583,21.731525872251403,21.151987939991233,22.311063804511583,21.151987939991233,21.731525872251403,22.311063804511583,22.89060173677175,22.311063804511583,22.311063804511583,22.311063804511583,22.89060173677175,22.311063804511583,21.151987939991233,22.89060173677175,21.151987939991233,22.89060173677175,21.731525872251403,22.311063804511583,22.89060173677175,22.89060173677175,21.731525872251403,22.89060173677175,22.89060173677175,22.89060173677175,22.311063804511583,21.731525872251403,21.151987939991233,21.151987939991233,22.311063804511583,22.311063804511583
21.533663426691874,21.533663426691874,20.941246873714807,22.12607997966894,21.533663426691874,22.718496532646,20.941246873714807,22.12607997966894,20.941246873714807,22.12607997966894,20.941246873714807,20.941246873714807,20.941246873714807,22.718496532646,20.941246873714807,21.533663426691874,21.533663426691874,20.941246873714807,22.12607997966894,21.533663426691874,21.533663426691874,20.941246873714807,22.718496532646,20.941246873714807,20.941246873714807,20.941246873714807,20.941246873714807,22.12607997966894,22.12607997966894,20.941246873714807,20.941246873714807,22.12607997966894,22.12607997966894,22.718496532646,22.12607997966894,22.12607997966894,22.718496532646,22.718496532646,22.718496532646,20.941246873714807,22.718496532646,20.941246873714807,22.718496532646,20.941246873714807,21.533663426691874,21.533663426691874,22.718496532646,21.533663426691874,22.718496532646,22.718496532646,21.533663426691874,22.12607997966894,22.718496532646,22.718496532646,22.12607997966894,22.718496532646,21.533663426691874,21.533663426691874,20.941246873714807,20.941246873714807,21.533663426691874,22.12607997966894,20.941246873714807,22.12607997966894,20.941246873714807,22.718496532646,22.718496532646,22.12607997966894,20.941246873714807,22.12607997966894,21.533663426691874,20.941246873714807,22.718496532646,20.941246873714807,20.941246873714807,22.12607997966894,22.12607997966894,21.533663426691874,22.12607997966894,20.941246873714807,22.718496532646,22.718496532646,21.533663426691874,22.718496532646,22.12607997966894,21.533663426691874,20.941246873714807,20.941246873714807,21.533663426691874,22.718496532646,20.941246873714807,22.12607997966894,22.718496532646,22.12607997966894,22.12607997966894,20.941246873714807,20.941246873714807,22.718496532646,20.941246873714807,21.533663426691874,22.718496532646,21.533663426691874,20.941246873714807,22.12607997966894,22.718496532646,21.533663426691874,22.12607997966894,22.12607997966894,22.12607997966894,20.941246873714807,21.533663426691874,22.12607997966894,22.718496532646,22.718496532646,22.718496532646,21.533663426691874,21.533663426691874,22.12607997966894,20.941246873714807,21.533663426691874,22.718496532646,22.12607997966894,22.12607997966894,22.718496532646,22.12607997966894,22.718496532646,22.12607997966894,22.718496532646,22.718496532646,22.718496532646,22.718496532646,22.718496532646,22.12607997966894,20.941246873714807,22.12607997966894,22.718496532646,20.941246873714807,22.12607997966894,20.941246873714807,21.533663426691874,22.12607997966894,20.941246873714807,20.941246873714807,22.12607997966894,20.941246873714807,20.941246873714807,20.941246873714807,22.12607997966894,22.718496532646,22.718496532646,22.718496532646,22.718496532646,22.718496532646,20.941246873714807,22.12607997966894,21.533663426691874,22.718496532646,21.533663426691874,21.533663426691874,22.718496532646,20.941246873714807,20.941246873714807,20.941246873714807,22.12607997966894,22.718496532646,22.718496532646,21.533663426691874,21.533663426691874,21.533663426691874,22.718496532646,22.718496532646,21.533663426691874,22.718496532646,21.533663426691874,22.12607997966894,21.533663426691874,21.533663426691874,20.941246873714807,21.533663426691874,21.533663426691874,20.941246873714807,21.533663426691874,22.12607997966894,20.941246873714807,21.533663426691874,21.533663426691874,22.12607997966894,22.718496532646,22.718496532646,22.12607997966894,22.12607997966894,22.718496532646,20.941246873714807,20.941246873714807,22.12607997966894,21.533663426691874,22.718496532646,21.533663426691874,21.533663426691874,21.533663426691874
21.33580098113234,22.546391328520258,22.546391328520258,20.730505807438384,21.9410961548263,21.33580098113234,21.9410961548263,22.546391328520258,21.9410961548263,21.9410961548263,20.730505807438384,21.33580098113234,20.730505807438384,20.730505807438384,22.546391328520258,21.9410961548263,21.33580098113234,21.9410961548263,20.730505807438384,21.33580098113234,21.33580098113234,21.33580098113234,21.9410961548263,20.730505807438384,20.730505807438384,21.33580098113234,21.33580098113234,20.730505807438384,21.33580098113234,20.730505807438384,21.9410961548263,21.33580098113234,20.730505807438384,21.9410961548263,21.33580098113234,22.546391328520258,21.33580098113234,22.546391328520258,22.546391328520258,21.9410961548263,21.33580098113234,22.546391328520258,22.546391328520258,20.730505807438384,21.33580098113234,20.730505807438384,21.33580098113234,21.9410961548263,21.9410961548263,21.33580098113234,20.730505807438384,21.9410961548263,22.546391328520258,20.730505807438384,20.730505807438384,20.730505807438384,20.730505807438384,22.546391328520258,21.33580098113234,20.730505807438384,21.9410961548263,21.9410961548263,20.730505807438384,20.730505807438384,21.9410961548263,21.33580098113234,22.546391328520258,21.9410961548263,22.546391328520258,21.9410961548263,22.546391328520258,20.730505807438384,21.33580098113234,22.546391328520258,21.9410961548263,20.730505807438384,21.9410961548263,22.546391328520258,21.33580098113234,20.730505807438384,22.546391328520258,21.33580098113234,21.33580098113234,22.546391328520258,21.33580098113234,22.546391328520258,21.33580098113234,20.730505807438384,22.546391328520258,20.730505807438384,22.546391328520258,21.33580098113234,21.9410961548263,21.9410961548263,21.9410961548263,22.546391328520258,20.730505807438384,20.730505807438384,20.730505807438384,20.730505807438384,22.546391328520258,21.33580098113234,21.9410961548263,21.33580098113234,21.33580098113234,21.33580098113234,21.9410961548263,22.546391328520258,21.33580098113234,20.730505807438384,22.546391328520258,20.730505807438384,21.33580098113234,21.33580098113234,22.546391328520258,21.33580098113234,21.9410961548263,22.546391328520258,21.9410961548263,20.730505807438384,21.33580098113234,21.33580098113234,20.730505807438384,20.730505807438384,21.33580098113234,22.546391328520258,20.730505807438384,20.730505807438384,20.730505807438384,21.33580098113234,20.730505807438384,20.730505807438384,22.546391328520258,20.730505807438384,22.546391328520258,21.9410961548263,21.9410961548263,20.730505807438384,21.9410961548263,21.9410961548263,21.9410961548263,21.33580098113234,21.9410961548263,20.730505807438384,21.33580098113234,22.546391328520258,21.33580098113234,21.33580098113234,22.546391328520258,21.9410961548263,22.546391328520258,21.33580098113234,21.9410961548263,22.546391328520258,22.546391328520258,21.9410961548263,20.730505807438384,20.730505807438384,22.546391328520258,22.546391328520258,21.9410961548263,21.33580098113234,21.33580098113234,20.730505807438384,22.546391328520258,21.9410961548263,21.9410961548263,20.730505807438384,21.33580098113234,21.33580098113234,20.730505807438384,20.730505807438384,20.730505807438384,21.33580098113234,22.546391328520258,21.9410961548263,22.546391328520258,20.730505807438384,22.546391328520258,21.9410961548263,20.730505807438384,21.33580098113234,21.9410961548263,20.730505807438384,21.33580098113234,22.546391328520258,21.9410961548263,21.9410961548263,20.730505807438384,21.9410961548263,21.33580098113234,21.33580098113234,21.33580098113234,21.9410961548263,21.33580098113234,22.546391328520258,21.33580098113234,22.546391328520258,21.33580098113234,20.730505807438384
20.519764741161957,21.137938535572804,22.374286124394505,21.137938535572804,21.137938535572804,21.137938535572804,21.756112329983658,21.756112329983658,21.137938535572804,21.756112329983658,20.519764741161957,21.756112329983658,20.519764741161957,20.519764741161957,21.756112329983658,22.374286124394505,22.374286124394505,21.137938535572804,22.374286124394505,21.756112329983658,20.519764741161957,21.756112329983658,22.374286124394505,20.519764741161957,21.756112329983658,21.137938535572804,20.519764741161957,22.374286124394505,20.519764741161957,21.137938535572804,21.756112329983658,22.374286124394505,21.756112329983658,21.137938535572804,21.137938535572804,22.374286124394505,21.756112329983658,21.756112329983658,20.519764741161957,22.374286124394505,20.519764741161957,21.756112329983658,21.137938535572804,21.137938535572804,21.756112329983658,21.756112329983658,22.374286124394505,22.374286124394505,22.374286124394505,20.519764741161957,21.756112329983658,20.519764741161957,20.519764741161957,21.756112329983658,21.137938535572804,22.374286124394505,22.374286124394505,21.756112329983658,21.137938535572804,21.137938535572804,21.137938535572804,20.519764741161957,20.519764741161957,22.374286124394505,20.519764741161957,22.374286124394505,20.519764741161957,20.519764741161957,22.374286124394505,21.137938535572804,21.756112329983658,22.374286124394505,21.137938535572804,21.756112329983658,22.374286124394505,22.374286124394505,21.137938535572804,21.137938535572804,22.374286124394505,22.374286124394505,20.519764741161957,22.374286124394505,20.519764741161957,22.374286124394505,21.137938535572804,20.519764741161957,22.374286124394505,22.374286124394505,21.756112329983658,21.137938535572804,21.137938535572804,21.756112329983658,21.756112329983658,21.756112329983658,22.374286124394505,21.756112329983658,20.519764741161957,21.756112329983658,20.519764741161957,21.137938535572804,20.519764741161957,22.374286124394505,20.519764741161957,21.756112329983658,22.374286124394505,20.519764741161957,20.519764741161957,21.137938535572804,20.519764741161957,20.519764741161957,21.137938535572804,20.519764741161957,21.137938535572804,21.756112329983658,20.519764741161957,22.374286124394505,21.137938535572804,21.756112329983658,21.756112329983658,21.137938535572804,21.137938535572804,20.519764741161957,20.519764741161957,20.519764741161957,21.137938535572804,20.519764741161957,22.374286124394505,21.137938535572804,20.519764741161957,21.756112329983658,22.374286124394505,21.137938535572804,21.756112329983658,20.519764741161957,21.756112329983658,21.756112329983658,20.519764741161957,21.756112329983658,21.756112329983658,21.756112329983658,22.374286124394505,22.374286124394505,21.756112329983658,21.137938535572804,21.756112329983658,22.374286124394505,22.374286124394505,20.519764741161957,21.756112329983658,21.137938535572804,20.519764741161957,20.519764741161957,21.756112329983658,21.756112329983658,22.374286124394505,20.519764741161957,20.519764741161957,21.137938535572804,21.137938535572804,20.519764741161957,20.519764741161957,21.137938535572804,20.519764741161957,21.137938535572804,22.374286124394505,22.374286124394505,21.137938535572804,21.137938535572804,20.519764741161957,20.519764741161957,21.756112329983658,20.519764741161957,21.756112329983658,21.137938535572804,21.756112329983658,22.374286124394505,21.756112329983658,20.519764741161957,21.137938535572804,20.519764741161957,22.374286124394505,22.374286124394505,21.756112329983658,20.519764741161957,22.374286124394505,21.137938535572804,21.137938535572804,21.137938535572804,22.374286124394505,21.137938535572804,21.756112329983658,21.137938535572804,21.137938535572804,22.374286124394505,22.374286124394505,21.756112329983658,22.374286124394505,21.137938535572804,21.756112329983658,22.374286124394505
20.309023674885534,22.202180920268763,20.94007609001327,20.309023674885534,22.202180920268763,20.94007609001327,22.202180920268763,20.94007609001327,22.202180920268763,20.309023674885534,21.57112850514102,21.57112850514102,20.94007609001327,20.309023674885534,20.309023674885534,20.94007609001327,21.57112850514102,22.202180920268763,21.57112850514102,22.202180920268763,21.57112850514102,20.309023674885534,21.57112850514102,20.94007609001327,20.309023674885534,22.202180920268763,20.309023674885534,20.94007609001327,20.94007609001327,21.57112850514102,22.202180920268763,22.202180920268763,21.57112850514102,20.309023674885534,22.202180920268763,21.57112850514102,21.57112850514102,20.309023674885534,22.202180920268763,20.94007609001327,22.202180920268763,20.94007609001327,21.57112850514102,20.94007609001327,22.202180920268763,20.309023674885534,20.94007609001327,21.57112850514102,20.309023674885534,20.94007609001327,20.94007609001327,21.57112850514102,22.202180920268763,20.309023674885534,20.94007609001327,20.309023674885534,20.94007609001327,20.94007609001327,22.202180920268763,20.309023674885534,22.202180920268763,20.309023674885534,22.202180920268763,22.202180920268763,20.94007609001327,21.57112850514102,22.202180920268763,20.94007609001327,20.94007609001327,20.309023674885534,22.202180920268763,20.94007609001327,22.202180920268763,22.202180920268763,21.57112850514102,22.202180920268763,22.202180920268763,22.202180920268763,20.309023674885534,22.202180920268763,22.202180920268763,20.309023674885534,21.57112850514102,22.202180920268763,22.202180920268763,21.57112850514102,22.202180920268763,22.202180920268763,22.202180920268763,20.309023674885534,20.309023674885534,21.57112850514102,20.94007609001327,20.94007609001327,21.57112850514102,20.94007609001327,22.202180920268763,20.94007609001327,22.202180920268763,20.309023674885534,22.202180920268763,22.202180920268763,21.57112850514102,21.57112850514102,21.57112850514102,20.309023674885534,20.94007609001327,20.94007609001327,22.202180920268763,20.94007609001327,20.309023674885534,22.202180920268763,22.202180920268763,22.202180920268763,21.57112850514102,21.57112850514102,22.202180920268763,20.309023674885534,20.94007609001327,22.202180920268763,20.94007609001327,20.94007609001327,20.94007609001327,20.94007609001327,22.202180920268763,21.57112850514102,22.202180920268763,21.57112850514102,21.57112850514102,22.202180920268763,21.57112850514102,22.202180920268763,21.57112850514102,20.94007609001327,20.94007609001327,20.309023674885534,20.309023674885534,22.202180920268763,22.202180920268763,20.94007609001327,21.57112850514102,20.94007609001327,21.57112850514102,22.202180920268763,20.309023674885534,21.57112850514102,22.202180920268763,20.309023674885534,21.57112850514102,20.309023674885534,21.57112850514102,20.94007609001327,22.202180920268763,22.202180920268763,20.309023674885534,22.202180920268763,22.202180920268763,22.202180920268763,20.94007609001327,21.57112850514102,20.309023674885534,20.309023674885534,22.202180920268763,21.57112850514102,22.202180920268763,21.57112850514102,21.57112850514102,20.309023674885534,21.57112850514102,22.202180920268763,20.94007609001327,20.94007609001327,21.57112850514102,20.94007609001327,20.309023674885534,21.57112850514102,22.202180920268763,20.309023674885534,20.94007609001327,20.309023674885534,21.57112850514102,21.57112850514102,20.309023674885534,20.309023674885534,20.94007609001327,22.202180920268763,22.202180920268763,20.94007609001327,22.202180920268763,21.57112850514102,21.57112850514102,20.94007609001327,20.309023674885534,20.309023674885534,22.202180920268763,20.94007609001327,21.57112850514102,22.202180920268763,20.309023674885534,21.57112850514102
22.03007571614301,22.03007571614301,20.098282608609104,20.098282608609104,20.74221364445374,21.386144680298376,20.74221364445374,21.386144680298376,21.386144680298376,20.74221364445374,22.03007571614301,20.74221364445374,20.098282608609104,21.386144680298376,20.098282608609104,21.386144680298376,20.098282608609104,21.386144680298376,20.098282608609104,20.098282608609104,22.03007571614301,20.098282608609104,20.098282608609104,22.03007571614301,20.098282608609104,20.74221364445374,20.098282608609104,22.03007571614301,20.098282608609104,22.03007571614301,22.03007571614301,20.74221364445374,20.74221364445374,20.098282608609104,20.098282608609104,21.386144680298376,20.74221364445374,20.74221364445374,20.098282608609104,22.03007571614301,20.098282608609104,20.74221364445374,20.098282608609104,20.74221364445374,20.74221364445374,20.098282608609104,20.098282608609104,21.386144680298376,21.386144680298376,20.098282608609104,20.74221364445374,20.098282608609104,21.386144680298376,22.03007571614301,22.03007571614301,20.098282608609104,22.03007571614301,20.74221364445374,22.03007571614301,22.03007571614301,22.03007571614301,21.386144680298376,22.03007571614301,22.03007571614301,20.74221364445374,22.03007571614301,22.03007571614301,20.098282608609104,22.03007571614301,22.03007571614301,20.74221364445374,21.386144680298376,22.03007571614301,22.03007571614301,20.098282608609104,21.386144680298376,21.386144680298376,22.03007571614301,22.03007571614301,21.386144680298376,22.03007571614301,22.03007571614301,21.386144680298376,20.098282608609104,21.386144680298376,20.74221364445374,22.03007571614301,21.386144680298376,20.74221364445374,22.03007571614301,22.03007571614301,22.03007571614301,22.03007571614301,22.03007571614301,21.386144680298376,21.386144680298376,22.03007571614301,21.386144680298376,20.098282608609104,20.098282608609104,22.03007571614301,20.098282608609104,21.386144680298376,21.386144680298376,21.386144680298376,22.03007571614301,22.03007571614301,20.098282608609104,21.386144680298376,20.74221364445374,22.03007571614301,22.03007571614301,20.74221364445374,22.03007571614301,22.03007571614301,21.386144680298376,20.74221364445374,21.386144680298376,21.386144680298376,22.03007571614301,20.098282608609104,20.098282608609104,22.03007571614301,20.74221364445374,20.098282608609104,20.098282608609104,21.386144680298376,20.098282608609104,22.03007571614301,20.098282608609104,20.098282608609104,21.386144680298376,21.386144680298376,22.03007571614301,21.386144680298376,20.098282608609104,20.098282608609104,20.098282608609104,20.098282608609104,20.098282608609104,20.74221364445374,20.74221364445374,20.098282608609104,20.098282608609104,21.386144680298376,21.386144680298376,20.098282608609104,20.74221364445374,21.386144680298376,20.74221364445374,22.03007571614301,21.386144680298376,21.386144680298376,20.098282608609104,21.386144680298376,22.03007571614301,22.03007571614301,20.74221364445374,21.386144680298376,21.386144680298376,22.03007571614301,22.03007571614301,20.74221364445374,20.098282608609104,21.386144680298376,21.386144680298376,20.74221364445374,20.74221364445374,20.098282608609104,20.74221364445374,21.386144680298376,20.098282608609104,22.03007571614301,20.098282608609104,21.386144680298376,20.098282608609104,20.098282608609104,20.098282608609104,21.386144680298376,22.03007571614301,22.03007571614301,21.386144680298376,21.386144680298376,20.74221364445374,21.386144680298376,21.386144680298376,22.03007571614301,20.098282608609104,21.386144680298376,20.74221364445374,22.03007571614301,20.098282608609104,22.03007571614301,20.74221364445374,22.03007571614301,22.03007571614301,20.098282608609104,21.386144680298376,20.74221364445374,21.386144680298376
21.85797051201726,21.201160855455736,20.54435119889421,21.85797051201726,21.85797051201726,21.201160855455736,21.85797051201726,20.54435119889421,21.85797051201726,21.201160855455736,21.201160855455736,19.887541542332674,19.887541542332674,19.887541542332674,20.54435119889421,21.85797051201726,20.54435119889421,21.201160855455736,21.201160855455736,19.887541542332674,19.887541542332674,21.85797051201726,19.887541542332674,19.887541542332674,21.85797051201726,21.85797051201726,19.887541542332674,20.54435119889421,21.85797051201726,21.85797051201726,19.887541542332674,20.54435119889421,21.201160855455736,19.887541542332674,20.54435119889421,21.201160855455736,21.85797051201726,20.54435119889421,21.85797051201726,20.54435119889421,19.887541542332674,21.201160855455736,19.887541542332674,20.54435119889421,20.54435119889421,19.887541542332674,19.887541542332674,21.201160855455736,21.201160855455736,19.887541542332674,20.54435119889421,20.54435119889421,19.887541542332674,20.54435119889421,21.201160855455736,21.85797051201726,19.887541542332674,20.54435119889421,21.85797051201726,21.201160855455736,21.201160855455736,21.85797051201726,19.887541542332674,19.887541542332674,20.54435119889421,21.85797051201726,20.54435119889421,21.201160855455736,19.887541542332674,20.54435119889421,20.54435119889421,19.887541542332674,21.85797051201726,21.201160855455736,19.887541542332674,19.887541542332674,19.887541542332674,20.54435119889421,19.887541542332674,21.201160855455736,20.54435119889421,20.54435119889421,20.54435119889421,21.201160855455736,19.887541542332674,21.85797051201726,21.85797051201726,21.201160855455736,20.54435119889421,19.887541542332674,19.887541542332674,21.201160855455736,20.54435119889421,19.887541542332674,21.85797051201726,21.85797051201726,21.201160855455736,21.201160855455736,21.201160855455736,21.85797051201726,19.887541542332674,21.85797051201726,21.201160855455736,19.887541542332674,21.201160855455736,21.85797051201726,19.887541542332674,21.85797051201726,20.54435119889421,19.887541542332674,21.85797051201726,21.85797051201726,21.85797051201726,21.85797051201726,20.54435119889421,21.201160855455736,20.54435119889421,20.54435119889421,21.85797051201726,21.85797051201726,21.85797051201726,20.54435119889421,19.887541542332674,21.85797051201726,19.887541542332674,21.85797051201726,21.201160855455736,20.54435119889421,21.85797051201726,19.887541542332674,20.54435119889421,20.54435119889421,20.54435119889421,20.54435119889421,19.887541542332674,21.85797051201726,19.887541542332674,21.85797051201726,19.887541542332674,21.85797051201726,19.887541542332674,21.201160855455736,21.85797051201726,20.54435119889421,21.85797051201726,20.54435119889421,21.85797051201726,19.887541542332674,21.201160855455736,20.54435119889421,21.201160855455736,21.85797051201726,21.85797051201726,21.85797051201726,20.54435119889421,21.85797051201726,21.201160855455736,21.85797051201726,19.887541542332674,20.54435119889421,21.85797051201726,21.85797051201726,20.54435119889421,21.85797051201726,19.887541542332674,21.201160855455736,20.54435119889421,21.201160855455736,21.201160855455736,19.887541542332674,21.85797051201726,21.85797051201726,19.887541542332674,19.887541542332674,21.85797051201726,20.54435119889421,19.887541542332674,21.85797051201726,19.887541542332674,20.54435119889421,21.85797051201726,21.85797051201726,19.887541542332674,21.201160855455736,20.54435119889421,20.54435119889421,21.85797051201726,20.54435119889421,21.201160855455736,20.54435119889421,20.54435119889421,19.887541542332674,21.85797051201726,21.85797051201726,19.887541542332674,19.887541542332674,21.85797051201726,19.887541542332674,21.201160855455736,19.887541542332674
19.676800476056243,21.68586530789152,21.016177030613093,20.34648875333468,19.676800476056243,21.016177030613093,20.34648875333468,21.016177030613093,21.68586530789152,21.68586530789152,20.34648875333468,20.34648875333468,21.68586530789152,21.016177030613093,20.34648875333468,21.68586530789152,19.676800476056243,20.34648875333468,21.68586530789152,19.676800476056243,19.676800476056243,19.676800476056243,20.34648875333468,19.676800476056243,19.676800476056243,20.34648875333468,20.34648875333468,21.68586530789152,21.68586530789152,21.68586530789152,19.676800476056243,20.34648875333468,19.676800476056243,21.016177030613093,19.676800476056243,20.34648875333468,20.34648875333468,20.34648875333468,20.34648875333468,19.676800476056243,19.676800476056243,19.676800476056243,21.016177030613093,19.676800476056243,21.68586530789152,20.34648875333468,21.68586530789152,21.016177030613093,21.68586530789152,21.016177030613093,21.016177030613093,19.676800476056243,21.016177030613093,20.34648875333468,21.68586530789152,19.676800476056243,21.68586530789152,20.34648875333468,20.34648875333468,19.676800476056243,19.676800476056243,20.34648875333468,21.68586530789152,19.676800476056243,19.676800476056243,21.016177030613093,19.676800476056243,21.68586530789152,21.68586530789152,21.016177030613093,21.016177030613093,19.676800476056243,20.34648875333468,21.68586530789152,20.34648875333468,20.34648875333468,20.34648875333468,21.016177030613093,21.68586530789152,21.68586530789152,21.68586530789152,19.676800476056243,19.676800476056243,21.016177030613093,19.676800476056243,20.34648875333468,21.68586530789152,21.016177030613093,20.34648875333468,21.68586530789152,20.34648875333468,20.34648875333468,20.34648875333468,20.34648875333468,21.68586530789152,21.016177030613093,19.676800476056243,20.34648875333468,21.016177030613093,19.676800476056243,19.676800476056243,20.34648875333468,19.676800476056243,20.34648875333468,21.016177030613093,21.016177030613093,21.016177030613093,21.016177030613093,21.68586530789152,20.34648875333468,20.34648875333468,21.68586530789152,21.016177030613093,19.676800476056243,21.68586530789152,21.016177030613093,20.34648875333468,21.68586530789152,21.016177030613093,20.34648875333468,20.34648875333468,19.676800476056243,19.676800476056243,21.68586530789152,21.016177030613093,21.68586530789152,20.34648875333468,20.34648875333468,20.34648875333468,21.016177030613093,21.68586530789152,19.676800476056243,21.68586530789152,21.016177030613093,21.68586530789152,20.34648875333468,21.016177030613093,19.676800476056243,21.68586530789152,21.68586530789152,21.016177030613093,20.34648875333468,21.68586530789152,20.34648875333468,21.016177030613093,21.016177030613093,21.68586530789152,21.016177030613093,21.016177030613093,19.676800476056243,21.68586530789152,21.68586530789152,19.676800476056243,20.34648875333468,21.016177030613093,21.68586530789152,20.34648875333468,20.34648875333468,20.34648875333468,20.34648875333468,21.68586530789152,21.68586530789152,21.68586530789152,19.676800476056243,21.016177030613093,21.68586530789152,19.676800476056243,21.016177030613093,21.68586530789152,20.34648875333468,21.68586530789152,19.676800476056243,21.016177030613093,20.34648875333468,19.676800476056243,20.34648875333468,21.68586530789152,19.676800476056243,19.676800476056243,19.676800476056243,21.016177030613093,19.676800476056243,19.676800476056243,21.016177030613093,20.34648875333468,21.68586530789152,21.68586530789152,20.34648875333468,21.016177030613093,21.68586530789152,19.676800476056243,21.68586530789152,19.676800476056243,21.016177030613093,21.68586530789152,20.34648875333468,21.016177030613093,21.68586530789152,20.34648875333468,20.34648875333468
19.46605940977983,20.83119320577045,20.83119320577045,19.46605940977983,19.46605940977983,19.46605940977983,20.83119320577045,21.513760103765765,19.46605940977983,20.14862630777514,21.513760103765765,20.14862630777514,21.513760103765765,19.46605940977983,20.14862630777514,19.46605940977983,20.14862630777514,20.83119320577045,20.83119320577045,20.14862630777514,19.46605940977983,20.83119320577045,20.83119320577045,20.14862630777514,20.14862630777514,20.83119320577045,21.513760103765765,21.513760103765765,20.83119320577045,20.14862630777514,19.46605940977983,21.513760103765765,20.83119320577045,20.83119320577045,20.14862630777514,20.83119320577045,19.46605940977983,21.513760103765765,19.46605940977983,20.14862630777514,20.83119320577045,20.83119320577045,21.513760103765765,20.83119320577045,20.83119320577045,20.83119320577045,20.83119320577045,19.46605940977983,21.513760103765765,20.14862630777514,20.83119320577045,19.46605940977983,21.513760103765765,19.46605940977983,20.14862630777514,21.513760103765765,19.46605940977983,21.513760103765765,20.83119320577045,19.46605940977983,20.83119320577045,20.14862630777514,20.83119320577045,19.46605940977983,19.46605940977983,19.46605940977983,19.46605940977983,19.46605940977983,20.83119320577045,21.513760103765765,20.14862630777514,20.14862630777514,20.83119320577045,20.14862630777514,21.513760103765765,21.513760103765765,20.14862630777514,21.513760103765765,19.46605940977983,19.46605940977983,19.46605940977983,21.513760103765765,20.83119320577045,21.513760103765765,20.14862630777514,21.513760103765765,20.14862630777514,20.83119320577045,20.14862630777514,21.513760103765765,21.513760103765765,21.513760103765765,21.513760103765765,20.14862630777514,20.14862630777514,20.83119320577045,20.83119320577045,21.513760103765765,19.46605940977983,19.46605940977983,20.83119320577045,20.14862630777514,21.513760103765765,19.46605940977983,21.513760103765765,21.513760103765765,19.46605940977983,20.14862630777514,20.83119320577045,21.513760103765765,19.46605940977983,21.513760103765765,19.46605940977983,19.46605940977983,20.83119320577045,19.46605940977983,20.14862630777514,20.83119320577045,20.14862630777514,20.14862630777514,20.14862630777514,20.14862630777514,21.513760103765765,19.46605940977983,21.513760103765765,20.14862630777514,20.14862630777514,20.83119320577045,20.14862630777514,20.83119320577045,21.513760103765765,20.14862630777514,20.14862630777514,20.83119320577045,20.14862630777514,20.83119320577045,21.513760103765765,20.83119320577045,20.14862630777514,21.513760103765765,20.83119320577045,20.83119320577045,19.46605940977983,19.46605940977983,19.46605940977983,21.513760103765765,20.14862630777514,20.83119320577045,20.83119320577045,21.513760103765765,20.14862630777514,20.83119320577045,19.46605940977983,21.513760103765765,20.83119320577045,20.14862630777514,20.83119320577045,20.83119320577045,20.83119320577045,19.46605940977983,19.46605940977983,21.513760103765765,20.14862630777514,20.14862630777514,21.513760103765765,20.14862630777514,21.513760103765765,19.46605940977983,21.513760103765765,20.14862630777514,19.46605940977983,21.513760103765765,20.83119320577045,21.513760103765765,20.83119320577045,19.46605940977983,20.14862630777514,20.14862630777514,20.14862630777514,20.83119320577045,20.83119320577045,21.513760103765765,20.14862630777514,20.83119320577045,19.46605940977983,19.46605940977983,20.83119320577045,19.46605940977983,21.513760103765765,20.83119320577045,21.513760103765765,19.46605940977983,21.513760103765765,20.83119320577045,20.83119320577045,19.46605940977983,20.83119320577045,20.83119320577045,20.14862630777514,20.14862630777514
19.9507638622156,19.9507638622156,19.255318343503404,21.341654899640016,19.255318343503404,20.64620938092781,19.9507638622156,21.341654899640016,19.9507638622156,19.255318343503404,19.255318343503404,21.341654899640016,20.64620938092781,20.64620938092781,19.9507638622156,19.255318343503404,21.341654899640016,19.255318343503404,19.255318343503404,19.255318343503404,19.9507638622156,19.9507638622156,20.64620938092781,21.341654899640016,21.341654899640016,19.9507638622156,19.9507638622156,21.341654899640016,19.255318343503404,19.255318343503404,21.341654899640016,20.64620938092781,21.341654899640016,19.9507638622156,19.9507638622156,19.255318343503404,20.64620938092781,20.64620938092781,21.341654899640016,21.341654899640016,20.64620938092781,21.341654899640016,21.341654899640016,19.255318343503404,21.341654899640016,21.341654899640016,19.9507638622156,19.255318343503404,20.64620938092781,20.64620938092781,19.9507638622156,19.255318343503404,19.9507638622156,21.341654899640016,21.341654899640016,20.64620938092781,19.255318343503404,21.341654899640016,19.9507638622156,19.255318343503404,21.341654899640016,19.255318343503404,20.64620938092781,20.64620938092781,21.341654899640016,19.255318343503404,20.64620938092781,19.9507638622156,19.9507638622156,19.9507638622156,21.341654899640016,19.9507638622156,21.341654899640016,21.341654899640016,19.9507638622156,20.64620938092781,20.64620938092781,20.64620938092781,19.9507638622156,19.9507638622156,20.64620938092781,20.64620938092781,19.255318343503404,21.341654899640016,20.64620938092781,20.64620938092781,19.9507638622156,19.255318343503404,20.64620938092781,20.64620938092781,19.255318343503404,20.64620938092781,21.341654899640016,21.341654899640016,20.64620938092781,21.341654899640016,19.255318343503404,19.9507638622156,19.255318343503404,21.341654899640016,20.64620938092781,19.9507638622156,19.9507638622156,21.341654899640016,21.341654899640016,19.255318343503404,21.341654899640016,19.9507638622156,21.341654899640016,20.64620938092781,21.341654899640016,19.9507638622156,20.64620938092781,21.341654899640016,21.341654899640016,21.341654899640016,19.9507638622156,21.341654899640016,21.341654899640016,21.341654899640016,20.64620938092781,19.255318343503404,20.64620938092781,19.255318343503404,21.341654899640016,21.341654899640016,19.9507638622156,21.341654899640016,20.64620938092781,19.255318343503404,19.9507638622156,19.9507638622156,21.341654899640016,19.255318343503404,20.64620938092781,21.341654899640016,21.341654899640016,19.9507638622156,21.341654899640016,20.64620938092781,19.255318343503404,19.255318343503404,20.64620938092781,19.255318343503404,19.9507638622156,20.64620938092781,20.64620938092781,20.64620938092781,21.341654899640016,19.9507638622156,20.64620938092781,19.9507638622156,19.9507638622156,20.64620938092781,21.341654899640016,19.9507638622156,21.341654899640016,19.255318343503404,19.9507638622156,19.255318343503404,21.341654899640016,19.9507638622156,19.255318343503404,19.255318343503404,19.9507638622156,19.255318343503404,19.255318343503404,20.64620938092781,21.341654899640016,19.9507638622156,19.255318343503404,21.341654899640016,20.64620938092781,21.341654899640016,20.64620938092781,20.64620938092781,21.341654899640016,21.341654899640016,19.255318343503404,19.9507638622156,19.9507638622156,19.255318343503404,21.341654899640016,19.9507638622156,19.9507638622156,19.255318343503404,19.9507638622156,20.64620938092781,20.64620938092781,20.64620938092781,21.341654899640016,19.9507638622156,19.9507638622156,21.341654899640016,19.255318343503404,19.255318343503404,20.64620938092781,20.64620938092781,20.64620938092781,19.9507638622156
20.461225556085168,19.044577277226974,19.044577277226974,19.044577277226974,19.752901416656076,19.044577277226974,20.461225556085168,21.169549695514274,21.169549695514274,19.752901416656076,19.044577277226974,21.169549695514274,19.044577277226974,20.461225556085168,19.752901416656076,20.461225556085168,20.461225556085168,21.169549695514274,19.044577277226974,20.461225556085168,20.461225556085168,21.169549695514274,21.169549695514274,20.461225556085168,19.044577277226974,20.461225556085168,20.461225556085168,19.752901416656076,20.461225556085168,19.752901416656076,19.044577277226974,20.461225556085168,19.044577277226974,21.169549695514274,21.169549695514274,19.044577277226974,20.461225556085168,19.044577277226974,21.169549695514274,21.169549695514274,19.752901416656076,21.169549695514274,19.044577277226974,20.461225556085168,19.044577277226974,21.169549695514274,19.752901416656076,19.752901416656076,19.044577277226974,19.044577277226974,20.461225556085168,19.044577277226974,19.752901416656076,21.169549695514274,19.752901416656076,20.461225556085168,21.169549695514274,19.752901416656076,20.461225556085168,20.461225556085168,19.752901416656076,19.044577277226974,21.169549695514274,21.169549695514274,21.169549695514274,19.752901416656076,19.752901416656076,19.044577277226974,19.044577277226974,21.169549695514274,19.044577277226974,19.752901416656076,20.461225556085168,20.461225556085168,19.044577277226974,21.169549695514274,20.461225556085168,21.169549695514274,19.752901416656076,19.044577277226974,19.752901416656076,20.461225556085168,21.169549695514274,19.044577277226974,21.169549695514274,19.044577277226974,19.752901416656076,20.461225556085168,19.752901416656076,19.044577277226974,19.044577277226974,19.044577277226974,21.169549695514274,20.461225556085168,21.169549695514274,19.752901416656076,19.044577277226974,19.044577277226974,19.752901416656076,19.044577277226974,20.461225556085168,20.461225556085168,21.169549695514274,19.752901416656076,20.461225556085168,21.169549695514274,20.461225556085168,21.169549695514274,20.461225556085168,19.752901416656076,19.044577277226974,20.461225556085168,21.169549695514274,19.752901416656076,19.752901416656076,21.169549695514274,19.752901416656076,20.461225556085168,19.044577277226974,20.461225556085168,19.044577277226974,19.752901416656076,20.461225556085168,19.752901416656076,19.044577277226974,19.044577277226974,19.044577277226974,21.169549695514274,19.752901416656076,19.752901416656076,19.752901416656076,19.752901416656076,19.752901416656076,21.169549695514274,20.461225556085168,19.044577277226974,19.044577277226974,20.461225556085168,20.461225556085168,21.169549695514274,19.752901416656076,19.044577277226974,19.752901416656076,20.461225556085168,19.044577277226974,19.044577277226974,20.461225556085168,19.752901416656076,20.461225556085168,19.752901416656076,20.461225556085168,21.169549695514274,19.044577277226974,19.752901416656076,19.044577277226974,19.044577277226974,20.461225556085168,19.044577277226974,20.461225556085168,20.461225556085168,21.169549695514274,21.169549695514274,19.752901416656076,19.752901416656076,20.461225556085168,20.461225556085168,20.461225556085168,20.461225556085168,20.461225556085168,21.169549695514274,21.169549695514274,19.044577277226974,20.461225556085168,19.044577277226974,19.752901416656076,19.752901416656076,19.752901416656076,19.752901416656076,19.044577277226974,19.044577277226974,19.752901416656076,21.169549695514274,21.169549695514274,19.752901416656076,19.752901416656076,21.169549695514274,19.044577277226974,20.461225556085168,19.752901416656076,20.461225556085168,19.752901416656076,19.752901416656076,20.461225556085168,21.169549695514274,19.044577277226974,20.461225556085168,19.044577277226974,19.752901416656076,19.044577277226974,19.044577277226974
18.833836210950544,20.27624173124253,19.555038971096536,20.997444491388524,18.833836210950544,20.27624173124253,20.997444491388524,19.555038971096536,19.555038971096536,20.997444491388524,20.27624173124253,20.997444491388524,20.997444491388524,19.555038971096536,20.27624173124253,18.833836210950544,20.997444491388524,18.833836210950544,20.997444491388524,18.833836210950544,18.833836210950544,20.997444491388524,20.997444491388524,20.997444491388524,19.555038971096536,19.555038971096536,20.997444491388524,20.997444491388524,20.997444491388524,20.27624173124253,19.555038971096536,19.555038971096536,20.27624173124253,20.997444491388524,19.555038971096536,20.997444491388524,20.997444491388524,20.997444491388524,20.997444491388524,19.555038971096536,18.833836210950544,20.997444491388524,18.833836210950544,20.27624173124253,20.997444491388524,18.833836210950544,20.27624173124253,18.833836210950544,18.833836210950544,20.997444491388524,18.833836210950544,19.555038971096536,20.997444491388524,18.833836210950544,20.27624173124253,19.555038971096536,19.555038971096536,20.27624173124253,20.997444491388524,19.555038971096536,20.997444491388524,20.997444491388524,19.555038971096536,20.27624173124253,18.833836210950544,18.833836210950544,20.27624173124253,19.555038971096536,19.555038971096536,19.555038971096536,18.833836210950544,19.555038971096536,19.555038971096536,20.27624173124253,20.27624173124253,20.27624173124253,20.27624173124253,18.833836210950544,18.833836210950544,20.997444491388524,19.555038971096536,20.27624173124253,20.27624173124253,20.997444491388524,20.997444491388524,19.555038971096536,20.997444491388524,20.27624173124253,19.555038971096536,20.27624173124253,18.833836210950544,19.555038971096536,20.27624173124253,19.555038971096536,18.833836210950544,19.555038971096536,19.555038971096536,18.833836210950544,20.27624173124253,20.997444491388524,19.555038971096536,19.555038971096536,19.555038971096536,20.27624173124253,20.997444491388524,18.833836210950544,20.997444491388524,19.555038971096536,20.997444491388524,19.555038971096536,20.997444491388524,20.27624173124253,19.555038971096536,19.555038971096536,18.833836210950544,20.27624173124253,20.27624173124253,19.555038971096536,18.833836210950544,20.997444491388524,20.997444491388524,18.833836210950544,20.27624173124253,18.833836210950544,19.555038971096536,19.555038971096536,20.27624173124253,18.833836210950544,18.833836210950544,20.27624173124253,18.833836210950544,19.555038971096536,18.833836210950544,18.833836210950544,20.27624173124253,20.27624173124253,18.833836210950544,19.555038971096536,18.833836210950544,20.997444491388524,18.833836210950544,20.27624173124253,18.833836210950544,20.27624173124253,18.833836210950544,20.997444491388524,20.27624173124253,18.833836210950544,18.833836210950544,19.555038971096536,20.997444491388524,20.997444491388524,20.27624173124253,20.997444491388524,20.997444491388524,18.833836210950544,19.555038971096536,18.833836210950544,19.555038971096536,20.27624173124253,20.997444491388524,20.27624173124253,18.833836210950544,18.833836210950544,19.555038971096536,18.833836210950544,18.833836210950544,19.555038971096536,20.997444491388524,20.27624173124253,18.833836210950544,18.833836210950544,20.27624173124253,20.27624173124253,20.27624173124253,19.555038971096536,18.833836210950544,19.555038971096536,20.997444491388524,20.27624173124253,18.833836210950544,19.555038971096536,20.997444491388524,20.997444491388524,20.997444491388524,20.997444491388524,20.27624173124253,20.997444491388524,20.27624173124253,20.997444491388524,20.27624173124253,18.833836210950544,20.997444491388524,19.555038971096536,18.833836210950544,20.27624173124253,20.997444491388524,19.555038971096536,20.27624173124253,20.27624173124253
20.82533928726278,18.623095144674114,20.091257906399886,18.623095144674114,20.82533928726278,20.091257906399886,18.623095144674114,19.357176525537014,20.091257906399886,19.357176525537014,19.357176525537014,20.82533928726278,19.357176525537014,20.82533928726278,20.82533928726278,18.623095144674114,18.623095144674114,20.091257906399886,20.091257906399886,18.623095144674114,19.357176525537014,20.82533928726278,18.623095144674114,18.623095144674114,18.623095144674114,19.357176525537014,20.82533928726278,19.357176525537014,19.357176525537014,20.82533928726278,20.091257906399886,19.357176525537014,20.091257906399886,19.357176525537014,20.82533928726278,19.357176525537014,20.091257906399886,20.82533928726278,19.357176525537014,20.82533928726278,20.82533928726278,20.82533928726278,20.091257906399886,19.357176525537014,20.82533928726278,18.623095144674114,20.091257906399886,18.623095144674114,20.82533928726278,20.82533928726278,19.357176525537014,19.357176525537014,19.357176525537014,20.091257906399886,19.357176525537014,20.82533928726278,20.82533928726278,18.623095144674114,20.82533928726278,20.82533928726278,19.357176525537014,18.623095144674114,18.623095144674114,20.091257906399886,20.091257906399886,18.623095144674114,20.82533928726278,18.623095144674114,18.623095144674114,19.357176525537014,20.82533928726278,18.623095144674114,20.82533928726278,20.091257906399886,18.623095144674114,19.357176525537014,18.623095144674114,18.623095144674114,20.82533928726278,18.623095144674114,19.357176525537014,19.357176525537014,18.623095144674114,20.091257906399886,20.82533928726278,20.091257906399886,19.357176525537014,20.82533928726278,18.623095144674114,20.091257906399886,20.82533928726278,20.82533928726278,20.091257906399886,20.091257906399886,18.623095144674114,20.091257906399886,20.091257906399886,20.091257906399886,18.623095144674114,18.623095144674114,20.091257906399886,19.357176525537014,19.357176525537014,20.82533928726278,18.623095144674114,18.623095144674114,20.82533928726278,20.091257906399886,19.357176525537014,19.357176525537014,20.82533928726278,20.091257906399886,20.091257906399886,19.357176525537014,18.623095144674114,18.623095144674114,20.82533928726278,19.357176525537014,20.82533928726278,18.623095144674114,18.623095144674114,20.091257906399886,20.091257906399886,19.357176525537014,20.091257906399886,20.091257906399886,20.82533928726278,20.82533928726278,20.82533928726278,19.357176525537014,20.091257906399886,18.623095144674114,19.357176525537014,18.623095144674114,20.82533928726278,20.091257906399886,19.357176525537014,20.091257906399886,18.623095144674114,20.82533928726278,19.357176525537014,18.623095144674114,20.82533928726278,19.357176525537014,20.091257906399886,19.357176525537014,20.82533928726278,19.357176525537014,20.091257906399886,20.82533928726278,19.357176525537014,19.357176525537014,19.357176525537014,18.623095144674114,18.623095144674114,20.82533928726278,20.82533928726278,20.82533928726278,20.091257906399886,19.357176525537014,18.623095144674114,20.091257906399886,20.82533928726278,20.82533928726278,20.091257906399886,18.623095144674114,19.357176525537014,19.357176525537014,18.623095144674114,18.623095144674114,20.82533928726278,18.623095144674114,20.091257906399886,20.091257906399886,20.091257906399886,20.091257906399886,18.623095144674114,20.091257906399886,18.623095144674114,18.623095144674114,19.357176525537014,18.623095144674114,20.091257906399886,18.623095144674114,20.091257906399886,20.82533928726278,19.357176525537014,20.091257906399886,18.623095144674114,19.357176525537014,19.357176525537014,19.357176525537014,19.357176525537014,20.091257906399886,20.82533928726278,20.091257906399886,18.623095144674114,20.091257906399886,18.623095144674114,19.357176525537014
20.65323408313703,18.4123540783977,19.906274081557246,18.4123540783977,19.906274081557246,18.4123540783977,19.159314079977474,20.65323408313703,19.159314079977474,18.4123540783977,19.906274081557246,19.906274081557246,19.159314079977474,19.159314079977474,19.159314079977474,19.906274081557246,19.906274081557246,19.906274081557246,20.65323408313703,19.906274081557246,19.906274081557246,19.159314079977474,18.4123540783977,19.159314079977474,19.906274081557246,19.159314079977474,19.906274081557246,20.65323408313703,20.65323408313703,19.906274081557246,18.4123540783977,19.906274081557246,19.906274081557246,20.65323408313703,19.906274081557246,19.159314079977474,18.4123540783977,19.159314079977474,20.65323408313703,19.906274081557246,19.159314079977474,18.4123540783977,19.906274081557246,19.906274081557246,19.906274081557246,20.65323408313703,19.906274081557246,20.65323408313703,19.906274081557246,20.65323408313703,20.65323408313703,20.65323408313703,18.4123540783977,18.4123540783977,19.906274081557246,19.159314079977474,19.159314079977474,19.159314079977474,18.4123540783977,19.159314079977474,19.159314079977474,18.4123540783977,20.65323408313703,19.906274081557246,20.65323408313703,19.906274081557246,18.4123540783977,19.906274081557246,19.159314079977474,18.4123540783977,20.65323408313703,18.4123540783977,19.906274081557246,19.159314079977474,18.4123540783977,20.65323408313703,18.4123540783977,19.906274081557246,20.65323408313703,18.4123540783977,18.4123540783977,20.65323408313703,19.159314079977474,19.159314079977474,18.4123540783977,18.4123540783977,19.159314079977474,19.906274081557246,18.4123540783977,19.159314079977474,20.65323408313703,18.4123540783977,19.906274081557246,19.906274081557246,20.65323408313703,19.159314079977474,19.906274081557246,18.4123540783977,20.65323408313703,18.4123540783977,19.906274081557246,20.65323408313703,20.65323408313703,18.4123540783977,18.4123540783977,19.159314079977474,18.4123540783977,19.906274081557246,18.4123540783977,20.65323408313703,20.65323408313703,20.65323408313703,19.159314079977474,20.65323408313703,19.906274081557246,19.906274081557246,19.906274081557246,20.65323408313703,20.65323408313703,19.159314079977474,19.906274081557246,20.65323408313703,19.906274081557246,18.4123540783977,19.906274081557246,20.65323408313703,18.4123540783977,19.159314079977474,19.159314079977474,19.159314079977474,18.4123540783977,20.65323408313703,19.159314079977474,18.4123540783977,19.906274081557246,19.159314079977474,19.159314079977474,20.65323408313703,19.159314079977474,18.4123540783977,19.906274081557246,20.65323408313703,18.4123540783977,20.65323408313703,19.906274081557246,18.4123540783977,19.906274081557246,18.4123540783977,19.159314079977474,19.159314079977474,18.4123540783977,19.159314079977474,19.906274081557246,20.65323408313703,19.906274081557246,19.159314079977474,20.65323408313703,19.906274081557246,20.65323408313703,20.65323408313703,19.159314079977474,18.4123540783977,20.65323408313703,18.4123540783977,19.906274081557246,18.4123540783977,19.159314079977474,19.159314079977474,20.65323408313703,20.65323408313703,19.159314079977474,18.4123540783977,19.159314079977474,20.65323408313703,18.4123540783977,20.65323408313703,19.906274081557246,19.906274081557246,18.4123540783977,18.4123540783977,19.159314079977474,19.159314079977474,19.159314079977474,19.906274081557246,20.65323408313703,19.906274081557246,19.159314079977474,20.65323408313703,20.65323408313703,19.159314079977474,18.4123540783977,19.159314079977474,20.65323408313703,18.4123540783977,19.906274081557246,19.906274081557246,19.906274081557246,19.159314079977474,19.159314079977474,19.159314079977474
18.20161301212127,18.961451634417934,19.721290256714614,19.721290256714614,18.961451634417934,20.481128879011276,19.721290256714614,18.20161301212127,20.481128879011276,19.721290256714614,20.481128879011276,19.721290256714614,18.20161301212127,19.721290256714614,19.721290256714614,18.20161301212127,18.20161301212127,18.961451634417934,19.721290256714614,20.481128879011276,19.721290256714614,18.20161301212127,18.961451634417934,18.961451634417934,20.481128879011276,20.481128879011276,19.721290256714614,18.961451634417934,18.20161301212127,18.20161301212127,18.20161301212127,20.481128879011276,20.481128879011276,19.721290256714614,20.481128879011276,18.961451634417934,19.721290256714614,18.20161301212127,18.20161301212127,18.20161301212127,18.961451634417934,18.20161301212127,18.961451634417934,19.721290256714614,18.20161301212127,19.721290256714614,18.961451634417934,18.20161301212127,18.20161301212127,19.721290256714614,19.721290256714614,18.20161301212127,18.961451634417934,18.20161301212127,20.481128879011276,18.961451634417934,18.961451634417934,20.481128879011276,20.481128879011276,20.481128879011276,18.961451634417934,19.721290256714614,18.20161301212127,20.481128879011276,19.721290256714614,18.20161301212127,20.481128879011276,20.481128879011276,18.20161301212127,18.961451634417934,19.721290256714614,19.721290256714614,18.961451634417934,18.20161301212127,19.721290256714614,20.481128879011276,18.20161301212127,18.961451634417934,18.20161301212127,18.961451634417934,20.481128879011276,18.20161301212127,20.481128879011276,19.721290256714614,18.961451634417934,19.721290256714614,19.721290256714614,19.721290256714614,18.20161301212127,18.961451634417934,19.721290256714614,20.481128879011276,20.481128879011276,20.481128879011276,18.20161301212127,19.721290256714614,20.481128879011276,19.721290256714614,19.721290256714614,18.20161301212127,18.961451634417934,18.961451634417934,19.721290256714614,20.481128879011276,20.481128879011276,20.481128879011276,20.481128879011276,19.721290256714614,18.20161301212127,19.721290256714614,18.961451634417934,18.961451634417934,18.961451634417934,20.481128879011276,18.961451634417934,18.20161301212127,19.721290256714614,19.721290256714614,20.481128879011276,19.721290256714614,18.961451634417934,19.721290256714614,18.20161301212127,18.961451634417934,18.20161301212127,18.20161301212127,20.481128879011276,19.721290256714614,18.20161301212127,19.721290256714614,18.961451634417934,20.481128879011276,18.20161301212127,19.721290256714614,20.481128879011276,19.721290256714614,18.961451634417934,18.961451634417934,20.481128879011276,20.481128879011276,19.721290256714614,20.481128879011276,20.481128879011276,20.481128879011276,18.961451634417934,20.481128879011276,18.20161301212127,18.961451634417934,18.20161301212127,20.481128879011276,20.481128879011276,18.20161301212127,19.721290256714614,20.481128879011276,18.20161301212127,20.481128879011276,20.481128879011276,18.961451634417934,18.20161301212127,18.961451634417934,18.961451634417934,18.20161301212127,18.20161301212127,19.721290256714614,18.961451634417934,18.20161301212127,19.721290256714614,19.721290256714614,18.961451634417934,20.481128879011276,20.481128879011276,19.721290256714614,18.20161301212127,18.20161301212127,18.20161301212127,19.721290256714614,20.481128879011276,19.721290256714614,19.721290256714614,19.721290256714614,20.481128879011276,18.961451634417934,18.20161301212127,20.481128879011276,18.961451634417934,19.721290256714614,19.721290256714614,18.20161301212127,20.481128879011276,18.20161301212127,19.721290256714614,18.961451634417934,20.481128879011276,18.961451634417934,18.961451634417934,18.20161301212127,18.961451634417934,18.20161301212127,20.481128879011276,19.721290256714614
17.99087194584484,19.536306431871964,17.99087194584484,20.309023674885534,17.99087194584484,19.536306431871964,20.309023674885534,18.76358918885841,20.309023674885534,18.76358918885841,20.309023674885534,18.76358918885841,18.76358918885841,19.536306431871964,18.76358918885841,20.309023674885534,20.309023674885534,18.76358918885841,20.309023674885534,17.99087194584484,20.309023674885534,20.309023674885534,19.536306431871964,17.99087194584484,19.536306431871964,17.99087194584484,17.99087194584484,19.536306431871964,17.99087194584484,17.99087194584484,20.309023674885534,18.76358918885841,17.99087194584484,19.536306431871964,17.99087194584484,20.309023674885534,20.309023674885534,18.76358918885841,18.76358918885841,20.309023674885534,19.536306431871964,20.309023674885534,20.309023674885534,19.536306431871964,18.76358918885841,17.99087194584484,20.309023674885534,20.309023674885534,19.536306431871964,18.76358918885841,20.309023674885534,17.99087194584484,19.536306431871964,18.76358918885841,19.536306431871964,20.309023674885534,20.309023674885534,19.536306431871964,19.536306431871964,18.76358918885841,18.76358918885841,17.99087194584484,19.536306431871964,19.536306431871964,17.99087194584484,18.76358918885841,19.536306431871964,18.76358918885841,20.309023674885534,17.99087194584484,19.536306431871964,17.99087194584484,18.76358918885841,20.309023674885534,17.99087194584484,20.309023674885534,17.99087194584484,20.309023674885534,17.99087194584484,20.309023674885534,18.76358918885841,18.76358918885841,20.309023674885534,18.76358918885841,20.309023674885534,20.309023674885534,18.76358918885841,20.309023674885534,18.76358918885841,20.309023674885534,19.536306431871964,17.99087194584484,18.76358918885841,18.76358918885841,17.99087194584484,18.76358918885841,20.309023674885534,20.309023674885534,17.99087194584484,17.99087194584484,17.99087194584484,20.309023674885534,19.536306431871964,18.76358918885841,18.76358918885841,17.99087194584484,17.99087194584484,17.99087194584484,20.309023674885534,17.99087194584484,17.99087194584484,20.309023674885534,20.309023674885534,17.99087194584484,18.76358918885841,20.309023674885534,19.536306431871964,18.76358918885841,18.76358918885841,18.76358918885841,18.76358918885841,20.309023674885534,18.76358918885841,19.536306431871964,17.99087194584484,19.536306431871964,19.536306431871964,17.99087194584484,19.536306431871964,19.536306431871964,20.309023674885534,20.309023674885534,19.536306431871964,20.309023674885534,19.536306431871964,17.99087194584484,17.99087194584484,20.309023674885534,19.536306431871964,20.309023674885534,19.536306431871964,20.309023674885534,18.76358918885841,20.309023674885534,18.76358918885841,19.536306431871964,17.99087194584484,19.536306431871964,20.309023674885534,20.309023674885534,20.309023674885534,18.76358918885841,20.309023674885534,20.309023674885534,20.309023674885534,19.536306431871964,20.309023674885534,19.536306431871964,18.76358918885841,20.309023674885534,17.99087194584484,17.99087194584484,18.76358918885841,19.536306431871964,20.309023674885534,18.76358918885841,17.99087194584484,18.76358918885841,20.309023674885534,19.536306431871964,18.76358918885841,19.536306431871964,19.536306431871964,19.536306431871964,17.99087194584484,19.536306431871964,17.99087194584484,18.76358918885841,17.99087194584484,19.536306431871964,19.536306431871964,20.309023674885534,19.536306431871964,18.76358918885841,17.99087194584484,20.309023674885534,18.76358918885841,20.309023674885534,18.76358918885841,17.99087194584484,20.309023674885534,17.99087194584484,20.309023674885534,19.536306431871964,18.76358918885841,17.99087194584484,18.76358918885841,17.99087194584484,18.76358918885841,17.99087194584484
19.35132260702933,19.35132260702933,20.13691847075978,20.13691847075978,20.13691847075978,20.13691847075978,17.78013087956841,19.35132260702933,20.13691847075978,17.78013087956841,18.56572674329887,19.35132260702933,19.35132260702933,17.78013087956841,19.35132260702933,19.35132260702933,19.35132260702933,18.56572674329887,20.13691847075978,17.78013087956841,17.78013087956841,19.35132260702933,19.35132260702933,20.13691847075978,19.35132260702933,20.13691847075978,18.56572674329887,19.35132260702933,20.13691847075978,19.35132260702933,20.13691847075978,18.56572674329887,17.78013087956841,20.13691847075978,19.35132260702933,18.56572674329887,17.78013087956841,19.35132260702933,18.56572674329887,18.56572674329887,19.35132260702933,19.35132260702933,17.78013087956841,18.56572674329887,19.35132260702933,17.78013087956841,19.35132260702933,20.13691847075978,20.13691847075978,17.78013087956841,18.56572674329887,20.13691847075978,17.78013087956841,18.56572674329887,20.13691847075978,20.13691847075978,19.35132260702933,17.78013087956841,19.35132260702933,18.56572674329887,20.13691847075978,19.35132260702933,20.13691847075978,18.56572674329887,20.13691847075978,17.78013087956841,18.56572674329887,17.78013087956841,19.35132260702933,18.56572674329887,17.78013087956841,17.78013087956841,17.78013087956841,20.13691847075978,18.56572674329887,19.35132260702933,19.35132260702933,19.35132260702933,17.78013087956841,19.35132260702933,20.13691847075978,17.78013087956841,19.35132260702933,19.35132260702933,18.56572674329887,20.13691847075978,17.78013087956841,18.56572674329887,17.78013087956841,17.78013087956841,19.35132260702933,20.13691847075978,20.13691847075978,19.35132260702933,17.78013087956841,19.35132260702933,20.13691847075978,17.78013087956841,17.78013087956841,17.78013087956841,18.56572674329887,17.78013087956841,20.13691847075978,20.13691847075978,18.56572674329887,17.78013087956841,17.78013087956841,19.35132260702933,20.13691847075978,20.13691847075978,20.13691847075978,20.13691847075978,19.35132260702933,18.56572674329887,19.35132260702933,20.13691847075978,19.35132260702933,18.56572674329887,19.35132260702933,19.35132260702933,19.35132260702933,19.35132260702933,20.13691847075978,18.56572674329887,20.13691847075978,18.56572674329887,18.56572674329887,18.56572674329887,18.56572674329887,18.56572674329887,18.56572674329887,19.35132260702933,17.78013087956841,20.13691847075978,17.78013087956841,17.78013087956841,20.13691847075978,19.35132260702933,17.78013087956841,17.78013087956841,19.35132260702933,17.78013087956841,17.78013087956841,20.13691847075978,18.56572674329887,18.56572674329887,17.78013087956841,18.56572674329887,19.35132260702933,19.35132260702933,18.56572674329887,19.35132260702933,19.35132260702933,18.56572674329887,18.56572674329887,19.35132260702933,20.13691847075978,20.13691847075978,18.56572674329887,17.78013087956841,20.13691847075978,17.78013087956841,19.35132260702933,20.13691847075978,18.56572674329887,20.13691847075978,17.78013087956841,18.56572674329887,17.78013087956841,20.13691847075978,18.56572674329887,18.56572674329887,20.13691847075978,18.56572674329887,18.56572674329887,20.13691847075978,19.35132260702933,19.35132260702933,17.78013087956841,19.35132260702933,19.35132260702933,19.35132260702933,18.56572674329887,19.35132260702933,18.56572674329887,18.56572674329887,18.56572674329887,18.56572674329887,20.13691847075978,20.13691847075978,17.78013087956841,19.35132260702933,20.13691847075978,20.13691847075978,20.13691847075978,19.35132260702933,18.56572674329887,17.78013087956841,19.35132260702933,20.13691847075978
17.569389813291984,19.96481326663403,19.16633878218668,19.96481326663403,19.96481326663403,18.36786429773933,19.96481326663403,18.36786429773933,19.96481326663403,19.16633878218668,18.36786429773933,19.96481326663403,17.569389813291984,17.569389813291984,19.96481326663403,19.16633878218668,17.569389813291984,19.16633878218668,17.569389813291984,19.96481326663403,19.16633878218668,18.36786429773933,17.569389813291984,19.16633878218668,17.569389813291984,18.36786429773933,18.36786429773933,17.569389813291984,19.96481326663403,19.96481326663403,17.569389813291984,19.16633878218668,17.569389813291984,17.569389813291984,19.96481326663403,17.569389813291984,17.569389813291984,19.16633878218668,17.569389813291984,17.569389813291984,19.96481326663403,18.36786429773933,18.36786429773933,19.16633878218668,19.16633878218668,17.569389813291984,17.569389813291984,18.36786429773933,19.96481326663403,17.569389813291984,17.569389813291984,19.16633878218668,19.96481326663403,17.569389813291984,17.569389813291984,18.36786429773933,18.36786429773933,19.96481326663403,17.569389813291984,18.36786429773933,18.36786429773933,19.16633878218668,19.96481326663403,17.569389813291984,19.96481326663403,17.569389813291984,19.16633878218668,18.36786429773933,18.36786429773933,19.16633878218668,19.16633878218668,17.569389813291984,19.16633878218668,19.96481326663403,18.36786429773933,19.96481326663403,18.36786429773933,17.569389813291984,19.96481326663403,18.36786429773933,17.569389813291984,19.96481326663403,19.16633878218668,19.16633878218668,18.36786429773933,18.36786429773933,19.16633878218668,17.569389813291984,18.36786429773933,18.36786429773933,19.96481326663403,19.16633878218668,19.16633878218668,18.36786429773933,17.569389813291984,18.36786429773933,19.96481326663403,19.16633878218668,19.16633878218668,19.96481326663403,17.569389813291984,17.569389813291984,19.16633878218668,19.96481326663403,19.96481326663403,17.569389813291984,19.16633878218668,17.569389813291984,19.16633878218668,17.569389813291984,17.569389813291984,17.569389813291984,17.569389813291984,19.96481326663403,18.36786429773933,19.96481326663403,19.16633878218668,19.16633878218668,17.569389813291984,17.569389813291984,19.96481326663403,17.569389813291984,19.16633878218668,17.569389813291984,18.36786429773933,19.16633878218668,19.16633878218668,17.569389813291984,17.569389813291984,17.569389813291984,18.36786429773933,19.16633878218668,19.96481326663403,19.16633878218668,19.16633878218668,18.36786429773933,19.96481326663403,19.16633878218668,19.96481326663403,17.569389813291984,19.16633878218668,17.569389813291984,19.96481326663403,19.16633878218668,18.36786429773933,19.96481326663403,17.569389813291984,19.16633878218668,17.569389813291984,19.16633878218668,19.16633878218668,18.36786429773933,18.36786429773933,18.36786429773933,19.16633878218668,17.569389813291984,19.96481326663403,18.36786429773933,19.16633878218668,18.36786429773933,18.36786429773933,19.96481326663403,19.96481326663403,17.569389813291984,18.36786429773933,17.569389813291984,18.36786429773933,19.96481326663403,18.36786429773933,18.36786429773933,17.569389813291984,19.96481326663403,19.96481326663403,19.16633878218668,17.569389813291984,17.569389813291984,18.36786429773933,18.36786429773933,18.36786429773933,19.96481326663403,18.36786429773933,17.569389813291984,19.16633878218668,19.96481326663403,19.16633878218668,19.96481326663403,17.569389813291984,18.36786429773933,19.16633878218668,19.96481326663403,17.569389813291984,17.569389813291984,17.569389813291984,17.569389813291984,19.16633878218668,18.36786429773933,17.569389813291984,19.96481326663403,19.96481326663403,18.36786429773933
18.17000185217981,17.35864874701557,18.17000185217981,18.98135495734405,17.35864874701557,18.17000185217981,19.79270806250829,18.98135495734405,19.79270806250829,18.98135495734405,18.98135495734405,19.79270806250829,18.98135495734405,18.17000185217981,18.17000185217981,19.79270806250829,19.79270806250829,17.35864874701557,18.98135495734405,18.98135495734405,19.79270806250829,17.35864874701557,17.35864874701557,18.17000185217981,17.35864874701557,18.98135495734405,19.79270806250829,18.98135495734405,18.98135495734405,19.79270806250829,18.17000185217981,18.98135495734405,19.79270806250829,19.79270806250829,17.35864874701557,17.35864874701557,18.17000185217981,19.79270806250829,18.98135495734405,18.17000185217981,18.98135495734405,18.98135495734405,17.35864874701557,17.35864874701557,18.17000185217981,18.98135495734405,17.35864874701557,18.17000185217981,18.17000185217981,19.79270806250829,17.35864874701557,18.17000185217981,18.98135495734405,18.98135495734405,17.35864874701557,18.98135495734405,18.17000185217981,19.79270806250829,17.35864874701557,19.79270806250829,17.35864874701557,19.79270806250829,17.35864874701557,18.17000185217981,19.79270806250829,17.35864874701557,19.79270806250829,18.98135495734405,19.79270806250829,19.79270806250829,18.17000185217981,17.35864874701557,18.98135495734405,18.17000185217981,17.35864874701557,18.17000185217981,17.35864874701557,19.79270806250829,18.17000185217981,19.79270806250829,18.17000185217981,19.79270806250829,18.98135495734405,18.17000185217981,17.35864874701557,18.98135495734405,19.79270806250829,18.17000185217981,18.98135495734405,19.79270806250829,18.17000185217981,18.17000185217981,18.98135495734405,18.98135495734405,19.79270806250829,18.17000185217981,19.79270806250829,17.35864874701557,17.35864874701557,17.35864874701557,17.35864874701557,17.35864874701557,18.17000185217981,17.35864874701557,17.35864874701557,17.35864874701557,17.35864874701557,18.98135495734405,17.35864874701557,18.17000185217981,17.35864874701557,19.79270806250829,17.35864874701557,18.98135495734405,17.35864874701557,18.17000185217981,18.17000185217981,17.35864874701557,19.79270806250829,17.35864874701557,18.98135495734405,17.35864874701557,17.35864874701557,17.35864874701557,18.17000185217981,18.17000185217981,18.98135495734405,17.35864874701557,18.98135495734405,19.79270806250829,17.35864874701557,18.98135495734405,17.35864874701557,19.79270806250829,17.35864874701557,18.17000185217981,18.98135495734405,18.17000185217981,18.98135495734405,18.98135495734405,19.79270806250829,17.35864874701557,17.35864874701557,17.35864874701557,18.98135495734405,17.35864874701557,18.98135495734405,18.17000185217981,18.98135495734405,19.79270806250829,18.98135495734405,17.35864874701557,18.98135495734405,19.79270806250829,19.79270806250829,19.79270806250829,18.98135495734405,18.17000185217981,18.17000185217981,18.98135495734405,18.98135495734405,17.35864874701557,18.17000185217981,18.98135495734405,18.17000185217981,17.35864874701557,18.17000185217981,17.35864874701557,18.17000185217981,19.79270806250829,19.79270806250829,18.17000185217981,17.35864874701557,18.98135495734405,19.79270806250829,18.17000185217981,18.98135495734405,18.98135495734405,18.17000185217981,17.35864874701557,18.98135495734405,18.17000185217981,18.17000185217981,17.35864874701557,19.79270806250829,17.35864874701557,19.79270806250829,18.17000185217981,18.17000185217981,18.17000185217981,17.35864874701557,18.98135495734405,17.35864874701557,18.17000185217981,17.35864874701557,18.17000185217981,19.79270806250829,18.17000185217981,17.35864874701557,18.17000185217981
17.14790768073914,19.620602858382547,17.97213940662027,19.620602858382547,17.97213940662027,18.7963711325014,17.97213940662027,17.14790768073914,17.14790768073914,19.620602858382547,19.620602858382547,17.97213940662027,19.620602858382547,18.7963711325014,17.14790768073914,17.14790768073914,19.620602858382547,17.97213940662027,19.620602858382547,17.14790768073914,18.7963711325014,18.7963711325014,18.7963711325014,19.620602858382547,17.14790768073914,18.7963711325014,18.7963711325014,19.620602858382547,19.620602858382547,18.7963711325014,19.620602858382547,18.7963711325014,17.14790768073914,19.620602858382547,17.97213940662027,17.97213940662027,17.14790768073914,18.7963711325014,18.7963711325014,17.97213940662027,19.620602858382547,18.7963711325014,18.7963711325014,19.620602858382547,19.620602858382547,19.620602858382547,17.97213940662027,19.620602858382547,17.14790768073914,17.14790768073914,17.97213940662027,17.97213940662027,17.97213940662027,17.97213940662027,17.14790768073914,17.97213940662027,17.97213940662027,19.620602858382547,17.14790768073914,19.620602858382547,18.7963711325014,18.7963711325014,19.620602858382547,17.14790768073914,18.7963711325014,17.97213940662027,19.620602858382547,19.620602858382547,19.620602858382547,17.14790768073914,19.620602858382547,17.97213940662027,19.620602858382547,18.7963711325014,19.620602858382547,19.620602858382547,17.14790768073914,17.14790768073914,18.7963711325014,17.97213940662027,19.620602858382547,18.7963711325014,18.7963711325014,19.620602858382547,18.7963711325014,17.97213940662027,19.620602858382547,19.620602858382547,17.14790768073914,19.620602858382547,18.7963711325014,18.7963711325014,17.97213940662027,17.97213940662027,19.620602858382547,17.14790768073914,19.620602858382547,18.7963711325014,17.14790768073914,18.7963711325014,18.7963711325014,17.14790768073914,17.14790768073914,17.97213940662027,17.97213940662027,17.97213940662027,18.7963711325014,19.620602858382547,18.7963711325014,17.14790768073914,17.14790768073914,19.620602858382547,18.7963711325014,17.14790768073914,18.7963711325014,19.620602858382547,19.620602858382547,17.97213940662027,19.620602858382547,17.14790768073914,18.7963711325014,17.97213940662027,19.620602858382547,19.620602858382547,18.7963711325014,17.14790768073914,18.7963711325014,17.14790768073914,19.620602858382547,18.7963711325014,19.620602858382547,17.97213940662027,19.620602858382547,18.7963711325014,19.620602858382547,17.97213940662027,18.7963711325014,18.7963711325014,18.7963711325014,19.620602858382547,18.7963711325014,17.14790768073914,18.7963711325014,17.97213940662027,17.14790768073914,18.7963711325014,17.97213940662027,17.14790768073914,19.620602858382547,18.7963711325014,17.14790768073914,17.14790768073914,17.14790768073914,17.14790768073914,18.7963711325014,19.620602858382547,17.14790768073914,18.7963711325014,17.14790768073914,18.7963711325014,17.14790768073914,17.14790768073914,19.620602858382547,17.14790768073914,19.620602858382547,19.620602858382547,17.97213940662027,17.97213940662027,19.620602858382547,17.97213940662027,17.14790768073914,19.620602858382547,17.14790768073914,17.14790768073914,17.14790768073914,18.7963711325014,19.620602858382547,19.620602858382547,17.97213940662027,19.620602858382547,17.14790768073914,17.97213940662027,19.620602858382547,19.620602858382547,17.14790768073914,18.7963711325014,18.7963711325014,18.7963711325014,18.7963711325014,18.7963711325014,18.7963711325014,17.14790768073914,18.7963711325014,19.620602858382547,17.97213940662027,18.7963711325014,17.14790768073914,17.14790768073914,17.97213940662027,17.97213940662027
18.611387307658767,17.774276961060732,18.611387307658767,19.448497654256787,17.774276961060732,18.611387307658767,18.611387307658767,18.611387307658767,16.93716661446271,17.774276961060732,17.774276961060732,17.774276961060732,16.93716661446271,17.774276961060732,18.611387307658767,19.448497654256787,16.93716661446271,16.93716661446271,16.93716661446271,16.93716661446271,16.93716661446271,19.448497654256787,19.448497654256787,16.93716661446271,19.448497654256787,17.774276961060732,19.448497654256787,16.93716661446271,16.93716661446271,16.93716661446271,17.774276961060732,17.774276961060732,18.611387307658767,16.93716661446271,17.774276961060732,19.448497654256787,19.448497654256787,19.448497654256787,17.774276961060732,19.448497654256787,19.448497654256787,17.774276961060732,16.93716661446271,17.774276961060732,19.448497654256787,16.93716661446271,17.774276961060732,18.611387307658767,16.93716661446271,17.774276961060732,18.611387307658767,17.774276961060732,18.611387307658767,17.774276961060732,17.774276961060732,17.774276961060732,17.774276961060732,19.448497654256787,16.93716661446271,19.448497654256787,17.774276961060732,16.93716661446271,16.93716661446271,19.448497654256787,18.611387307658767,18.611387307658767,19.448497654256787,16.93716661446271,18.611387307658767,19.448497654256787,19.448497654256787,17.774276961060732,19.448497654256787,18.611387307658767,17.774276961060732,17.774276961060732,17.774276961060732,16.93716661446271,17.774276961060732,16.93716661446271,17.774276961060732,17.774276961060732,17.774276961060732,17.774276961060732,19.448497654256787,17.774276961060732,16.93716661446271,18.611387307658767,17.774276961060732,16.93716661446271,18.611387307658767,16.93716661446271,19.448497654256787,16.93716661446271,18.611387307658767,19.448497654256787,19.448497654256787,18.611387307658767,18.611387307658767,19.448497654256787,18.611387307658767,18.611387307658767,18.611387307658767,17.774276961060732,17.774276961060732,18.611387307658767,18.611387307658767,19.448497654256787,16.93716661446271,17.774276961060732,19.448497654256787,17.774276961060732,16.93716661446271,18.611387307658767,18.611387307658767,19.448497654256787,18.611387307658767,19.448497654256787,16.93716661446271,17.774276961060732,16.93716661446271,18.611387307658767,19.448497654256787,18.611387307658767,16.93716661446271,17.774276961060732,17.774276961060732,18.611387307658767,16.93716661446271,17.774276961060732,16.93716661446271,18.611387307658767,17.774276961060732,17.774276961060732,19.448497654256787,18.611387307658767,17.774276961060732,16.93716661446271,16.93716661446271,18.611387307658767,19.448497654256787,19.448497654256787,17.774276961060732,17.774276961060732,16.93716661446271,19.448497654256787,16.93716661446271,17.774276961060732,19.448497654256787,19.448497654256787,18.611387307658767,19.448497654256787,18.611387307658767,18.611387307658767,16.93716661446271,18.611387307658767,18.611387307658767,16.93716661446271,16.93716661446271,18.611387307658767,18.611387307658767,17.774276961060732,19.448497654256787,17.774276961060732,19.448497654256787,17.774276961060732,17.774276961060732,18.611387307658767,19.448497654256787,19.448497654256787,18.611387307658767,19.448497654256787,16.93716661446271,17.774276961060732,16.93716661446271,16.93716661446271,17.774276961060732,18.611387307658767,16.93716661446271,17.774276961060732,18.611387307658767,19.448497654256787,17.774276961060732,16.93716661446271,16.93716661446271,17.774276961060732,19.448497654256787,18.611387307658767,18.611387307658767,17.774276961060732,18.611387307658767,17.774276961060732,19.448497654256787,19.448497654256787,18.611387307658767,17.774276961060732,17.774276961060732,16.93716661446271,19.448497654256787,19.448497654256787
17.576414515501206,17.576414515501206,18.426403482816117,19.276392450131045,19.276392450131045,18.426403482816117,19.276392450131045,18.426403482816117,19.276392450131045,16.72642554818628,19.276392450131045,17.576414515501206,17.576414515501206,19.276392450131045,19.276392450131045,19.276392450131045,18.426403482816117,17.576414515501206,19.276392450131045,17.576414515501206,18.426403482816117,19.276392450131045,18.426403482816117,18.426403482816117,16.72642554818628,17.576414515501206,19.276392450131045,16.72642554818628,17.576414515501206,18.426403482816117,17.576414515501206,16.72642554818628,19.276392450131045,17.576414515501206,18.426403482816117,19.276392450131045,18.426403482816117,17.576414515501206,19.276392450131045,17.576414515501206,16.72642554818628,19.276392450131045,16.72642554818628,17.576414515501206,16.72642554818628,16.72642554818628,19.276392450131045,18.426403482816117,18.426403482816117,18.426403482816117,17.576414515501206,17.576414515501206,17.576414515501206,19.276392450131045,16.72642554818628,18.426403482816117,19.276392450131045,16.72642554818628,17.576414515501206,17.576414515501206,17.576414515501206,19.276392450131045,18.426403482816117,16.72642554818628,16.72642554818628,16.72642554818628,17.576414515501206,18.426403482816117,16.72642554818628,19.276392450131045,17.576414515501206,19.276392450131045,16.72642554818628,16.72642554818628,16.72642554818628,17.576414515501206,16.72642554818628,16.72642554818628,18.426403482816117,18.426403482816117,16.72642554818628,16.72642554818628,16.72642554818628,17.576414515501206,18.426403482816117,19.276392450131045,19.276392450131045,18.426403482816117,16.72642554818628,16.72642554818628,19.276392450131045,16.72642554818628,16.72642554818628,19.276392450131045,18.426403482816117,16.72642554818628,19.276392450131045,18.426403482816117,18.426403482816117,17.576414515501206,16.72642554818628,17.576414515501206,17.576414515501206,18.426403482816117,18.426403482816117,19.276392450131045,18.426403482816117,19.276392450131045,16.72642554818628,17.576414515501206,18.426403482816117,17.576414515501206,18.426403482816117,16.72642554818628,16.72642554818628,19.276392450131045,17.576414515501206,19.276392450131045,19.276392450131045,19.276392450131045,18.426403482816117,19.276392450131045,17.576414515501206,17.576414515501206,19.276392450131045,19.276392450131045,16.72642554818628,16.72642554818628,18.426403482816117,16.72642554818628,19.276392450131045,17.576414515501206,19.276392450131045,19.276392450131045,19.276392450131045,17.576414515501206,17.576414515501206,19.276392450131045,16.72642554818628,19.276392450131045,19.276392450131045,16.72642554818628,18.426403482816117,17.576414515501206,16.72642554818628,17.576414515501206,19.276392450131045,16.72642554818628,17.576414515501206,19.276392450131045,19.276392450131045,17.576414515501206,19.276392450131045,16.72642554818628,19.276392450131045,16.72642554818628,17.576414515501206,18.426403482816117,16.72642554818628,18.426403482816117,19.276392450131045,18.426403482816117,17.576414515501206,19.276392450131045,17.576414515501206,19.276392450131045,18.426403482816117,17.576414515501206,18.426403482816117,19.276392450131045,18.426403482816117,19.276392450131045,17.576414515501206,17.576414515501206,16.72642554818628,18.426403482816117,16.72642554818628,18.426403482816117,16.72642554818628,17.576414515501206,19.276392450131045,17.576414515501206,17.576414515501206,16.72642554818628,19.276392450131045,18.426403482816117,18.426403482816117,18.426403482816117,16.72642554818628,17.576414515501206,18.426403482816117,18.426403482816117,17.576414515501206,18.426403482816117,17.576414515501206,17.576414515501206,19.276392450131045,17.576414515501206,18.426403482816117,19.276392450131045
18.241419657973484,16.51568448190985,19.104287246005285,18.241419657973484,17.37855206994167,19.104287246005285,16.51568448190985,17.37855206994167,16.51568448190985,19.104287246005285,17.37855206994167,16.51568448190985,17.37855206994167,19.104287246005285,18.241419657973484,18.241419657973484,19.104287246005285,16.51568448190985,18.241419657973484,16.51568448190985,18.241419657973484,18.241419657973484,19.104287246005285,17.37855206994167,18.241419657973484,17.37855206994167,17.37855206994167,17.37855206994167,16.51568448190985,16.51568448190985,18.241419657973484,16.51568448190985,19.104287246005285,17.37855206994167,18.241419657973484,19.104287246005285,18.241419657973484,18.241419657973484,16.51568448190985,19.104287246005285,19.104287246005285,18.241419657973484,16.51568448190985,19.104287246005285,19.104287246005285,19.104287246005285,19.104287246005285,17.37855206994167,18.241419657973484,19.104287246005285,19.104287246005285,19.104287246005285,19.104287246005285,16.51568448190985,17.37855206994167,17.37855206994167,17.37855206994167,17.37855206994167,19.104287246005285,17.37855206994167,17.37855206994167,18.241419657973484,17.37855206994167,16.51568448190985,16.51568448190985,17.37855206994167,19.104287246005285,17.37855206994167,16.51568448190985,16.51568448190985,16.51568448190985,17.37855206994167,18.241419657973484,18.241419657973484,18.241419657973484,18.241419657973484,16.51568448190985,18.241419657973484,18.241419657973484,19.104287246005285,18.241419657973484,17.37855206994167,16.51568448190985,19.104287246005285,16.51568448190985,18.241419657973484,16.51568448190985,18.241419657973484,16.51568448190985,16.51568448190985,16.51568448190985,19.104287246005285,16.51568448190985,16.51568448190985,19.104287246005285,16.51568448190985,16.51568448190985,19.104287246005285,19.104287246005285,19.104287246005285,19.104287246005285,18.241419657973484,16.51568448190985,17.37855206994167,18.241419657973484,16.51568448190985,16.51568448190985,18.241419657973484,17.37855206994167,18.241419657973484,17.37855206994167,18.241419657973484,18.241419657973484,19.104287246005285,19.104287246005285,16.51568448190985,16.51568448190985,19.104287246005285,18.241419657973484,17.37855206994167,17.37855206994167,16.51568448190985,18.241419657973484,19.104287246005285,16.51568448190985,17.37855206994167,16.51568448190985,18.241419657973484,18.241419657973484,19.104287246005285,17.37855206994167,18.241419657973484,17.37855206994167,18.241419657973484,16.51568448190985,16.51568448190985,17.37855206994167,18.241419657973484,19.104287246005285,17.37855206994167,18.241419657973484,16.51568448190985,19.104287246005285,17.37855206994167,19.104287246005285,18.241419657973484,19.104287246005285,19.104287246005285,16.51568448190985,16.51568448190985,17.37855206994167,17.37855206994167,18.241419657973484,19.104287246005285,19.104287246005285,18.241419657973484,18.241419657973484,16.51568448190985,19.104287246005285,19.104287246005285,17.37855206994167,18.241419657973484,18.241419657973484,18.241419657973484,19.104287246005285,17.37855206994167,16.51568448190985,16.51568448190985,19.104287246005285,18.241419657973484,17.37855206994167,17.37855206994167,16.51568448190985,18.241419657973484,19.104287246005285,19.104287246005285,19.104287246005285,16.51568448190985,18.241419657973484,18.241419657973484,17.37855206994167,19.104287246005285,18.241419657973484,19.104287246005285,17.37855206994167,19.104287246005285,16.51568448190985,18.241419657973484,18.241419657973484,17.37855206994167,16.51568448190985,18.241419657973484,17.37855206994167,16.51568448190985,17.37855206994167,17.37855206994167,17.37855206994167,16.51568448190985,19.104287246005285,17.37855206994167
17.18068962438213,18.932182041879543,18.056435833130834,16.30494341563344,16.30494341563344,18.056435833130834,16.30494341563344,17.18068962438213,18.056435833130834,18.056435833130834,16.30494341563344,18.932182041879543,18.056435833130834,18.932182041879543,16.30494341563344,16.30494341563344,18.932182041879543,18.056435833130834,18.056435833130834,17.18068962438213,18.056435833130834,18.056435833130834,16.30494341563344,16.30494341563344,18.056435833130834,17.18068962438213,18.056435833130834,18.056435833130834,17.18068962438213,18.056435833130834,17.18068962438213,18.056435833130834,18.932182041879543,18.056435833130834,18.932182041879543,17.18068962438213,18.056435833130834,16.30494341563344,18.932182041879543,16.30494341563344,16.30494341563344,18.056435833130834,18.932182041879543,18.932182041879543,18.932182041879543,16.30494341563344,16.30494341563344,17.18068962438213,17.18068962438213,17.18068962438213,18.932182041879543,18.056435833130834,18.056435833130834,18.056435833130834,16.30494341563344,16.30494341563344,18.056435833130834,18.056435833130834,18.932182041879543,18.056435833130834,18.932182041879543,18.932182041879543,17.18068962438213,18.056435833130834,18.056435833130834,16.30494341563344,18.056435833130834,18.932182041879543,18.932182041879543,18.932182041879543,16.30494341563344,16.30494341563344,18.056435833130834,18.056435833130834,18.056435833130834,18.056435833130834,17.18068962438213,16.30494341563344,16.30494341563344,18.056435833130834,17.18068962438213,17.18068962438213,18.932182041879543,16.30494341563344,17.18068962438213,16.30494341563344,16.30494341563344,18.056435833130834,16.30494341563344,18.056435833130834,18.056435833130834,16.30494341563344,18.056435833130834,16.30494341563344,17.18068962438213,17.18068962438213,18.932182041879543,18.932182041879543,17.18068962438213,16.30494341563344,18.932182041879543,18.056435833130834,17.18068962438213,18.056435833130834,18.932182041879543,16.30494341563344,18.932182041879543,17.18068962438213,17.18068962438213,18.932182041879543,18.932182041879543,17.18068962438213,16.30494341563344,16.30494341563344,18.932182041879543,17.18068962438213,18.056435833130834,16.30494341563344,16.30494341563344,17.18068962438213,17.18068962438213,18.056435833130834,18.932182041879543,16.30494341563344,17.18068962438213,17.18068962438213,18.932182041879543,16.30494341563344,18.056435833130834,18.932182041879543,17.18068962438213,18.932182041879543,16.30494341563344,18.932182041879543,18.056435833130834,16.30494341563344,18.932182041879543,18.932182041879543,17.18068962438213,18.932182041879543,17.18068962438213,17.18068962438213,16.30494341563344,18.932182041879543,16.30494341563344,17.18068962438213,17.18068962438213,18.932182041879543,18.932182041879543,17.18068962438213,18.056435833130834,16.30494341563344,18.056435833130834,16.30494341563344,17.18068962438213,18.932182041879543,17.18068962438213,18.056435833130834,18.056435833130834,17.18068962438213,16.30494341563344,18.932182041879543,17.18068962438213,18.932182041879543,16.30494341563344,16.30494341563344,18.056435833130834,18.056435833130834,18.932182041879543,18.056435833130834,16.30494341563344,17.18068962438213,17.18068962438213,16.30494341563344,18.056435833130834,16.30494341563344,18.056435833130834,18.056435833130834,17.18068962438213,18.932182041879543,18.056435833130834,18.932182041879543,17.18068962438213,18.056435833130834,17.18068962438213,17.18068962438213,18.056435833130834,16.30494341563344,18.932182041879543,18.056435833130834,18.056435833130834,18.056435833130834,16.30494341563344,16.30494341563344,17.18068962438213,18.056435833130834,16.30494341563344,17.18068962438213,16.30494341563344,16.30494341563344
16.982827178822607,16.982827178822607,18.7600768377538,18.7600768377538,16.09420234935701,18.7600768377538,16.09420234935701,17.871452008288202,16.09420234935701,16.982827178822607,17.871452008288202,18.7600768377538,17.871452008288202,18.7600768377538,17.871452008288202,16.09420234935701,18.7600768377538,18.7600768377538,17.871452008288202,16.982827178822607,16.09420234935701,16.09420234935701,16.09420234935701,16.09420234935701,17.871452008288202,18.7600768377538,16.982827178822607,17.871452008288202,16.09420234935701,16.982827178822607,17.871452008288202,16.982827178822607,18.7600768377538,16.09420234935701,16.09420234935701,16.982827178822607,17.871452008288202,16.09420234935701,18.7600768377538,18.7600768377538,16.09420234935701,16.982827178822607,18.7600768377538,18.7600768377538,17.871452008288202,18.7600768377538,16.982827178822607,18.7600768377538,18.7600768377538,18.7600768377538,16.982827178822607,17.871452008288202,17.871452008288202,16.982827178822607,16.982827178822607,17.871452008288202,18.7600768377538,16.09420234935701,16.982827178822607,16.982827178822607,17.871452008288202,16.09420234935701,18.7600768377538,17.871452008288202,16.09420234935701,16.982827178822607,18.7600768377538,16.982827178822607,16.982827178822607,18.7600768377538,17.871452008288202,18.7600768377538,16.09420234935701,16.982827178822607,16.09420234935701,16.09420234935701,18.7600768377538,18.7600768377538,17.871452008288202,16.09420234935701,16.09420234935701,17.871452008288202,17.871452008288202,17.871452008288202,18.7600768377538,16.982827178822607,18.7600768377538,17.871452008288202,18.7600768377538,18.7600768377538,16.982827178822607,17.871452008288202,18.7600768377538,17.871452008288202,16.982827178822607,16.982827178822607,18.7600768377538,16.982827178822607,16.09420234935701,16.09420234935701,17.871452008288202,18.7600768377538,17.871452008288202,17.871452008288202,16.09420234935701,18.7600768377538,16.982827178822607,16.982827178822607,16.09420234935701,18.7600768377538,16.982827178822607,18.7600768377538,18.7600768377538,17.871452008288202,18.7600768377538,16.09420234935701,17.871452008288202,16.09420234935701,16.982827178822607,16.982827178822607,18.7600768377538,16.09420234935701,16.09420234935701,16.982827178822607,17.871452008288202,17.871452008288202,16.09420234935701,18.7600768377538,16.982827178822607,16.982827178822607,17.871452008288202,16.982827178822607,16.982827178822607,16.09420234935701,18.7600768377538,16.982827178822607,16.982827178822607,18.7600768377538,18.7600768377538,18.7600768377538,16.09420234935701,18.7600768377538,18.7600768377538,18.7600768377538,18.7600768377538,16.09420234935701,16.09420234935701,16.09420234935701,16.09420234935701,16.09420234935701,16.09420234935701,16.982827178822607,16.982827178822607,16.09420234935701,17.871452008288202,16.09420234935701,16.982827178822607,18.7600768377538,18.7600768377538,17.871452008288202,18.7600768377538,16.09420234935701,16.982827178822607,18.7600768377538,17.871452008288202,18.7600768377538,18.7600768377538,17.871452008288202,17.871452008288202,17.871452008288202,16.982827178822607,16.982827178822607,18.7600768377538,16.982827178822607,16.09420234935701,16.09420234935701,17.871452008288202,16.982827178822607,16.982827178822607,16.09420234935701,18.7600768377538,18.7600768377538,16.09420234935701,17.871452008288202,18.7600768377538,16.09420234935701,16.982827178822607,16.09420234935701,16.09420234935701,17.871452008288202,16.09420234935701,16.09420234935701,18.7600768377538,17.871452008288202,16.09420234935701,17.871452008288202,18.7600768377538,16.982827178822607,16.09420234935701,17.871452008288202
18.587971633628054,15.88346128308058,18.587971633628054,15.88346128308058,17.68646818344555,17.68646818344555,18.587971633628054,18.587971633628054,17.68646818344555,18.587971633628054,17.68646818344555,16.784964733263067,18.587971633628054,17.68646818344555,16.784964733263067,15.88346128308058,15.88346128308058,18.587971633628054,18.587971633628054,15.88346128308058,16.784964733263067,15.88346128308058,18.587971633628054,18.587971633628054,15.88346128308058,16.784964733263067,15.88346128308058,18.587971633628054,18.587971633628054,17.68646818344555,17.68646818344555,16.784964733263067,16.784964733263067,15.88346128308058,17.68646818344555,18.587971633628054,16.784964733263067,17.68646818344555,15.88346128308058,17.68646818344555,17.68646818344555,17.68646818344555,18.587971633628054,15.88346128308058,18.587971633628054,15.88346128308058,17.68646818344555,15.88346128308058,15.88346128308058,17.68646818344555,15.88346128308058,17.68646818344555,15.88346128308058,15.88346128308058,18.587971633628054,17.68646818344555,18.587971633628054,15.88346128308058,18.587971633628054,17.68646818344555,15.88346128308058,18.587971633628054,17.68646818344555,15.88346128308058,16.784964733263067,16.784964733263067,16.784964733263067,15.88346128308058,18.587971633628054,15.88346128308058,15.88346128308058,15.88346128308058,15.88346128308058,17.68646818344555,15.88346128308058,18.587971633628054,17.68646818344555,15.88346128308058,16.784964733263067,15.88346128308058,16.784964733263067,17.68646818344555,18.587971633628054,18.587971633628054,16.784964733263067,17.68646818344555,18.587971633628054,18.587971633628054,16.784964733263067,16.784964733263067,15.88346128308058,15.88346128308058,17.68646818344555,16.784964733263067,17.68646818344555,16.784964733263067,16.784964733263067,16.784964733263067,18.587971633628054,16.784964733263067,15.88346128308058,18.587971633628054,15.88346128308058,17.68646818344555,18.587971633628054,17.68646818344555,16.784964733263067,17.68646818344555,18.587971633628054,16.784964733263067,18.587971633628054,18.587971633628054,18.587971633628054,16.784964733263067,17.68646818344555,16.784964733263067,15.88346128308058,16.784964733263067,17.68646818344555,17.68646818344555,18.587971633628054,16.784964733263067,18.587971633628054,16.784964733263067,17.68646818344555,15.88346128308058,16.784964733263067,18.587971633628054,15.88346128308058,18.587971633628054,16.784964733263067,16.784964733263067,16.784964733263067,16.784964733263067,15.88346128308058,18.587971633628054,17.68646818344555,17.68646818344555,18.587971633628054,15.88346128308058,17.68646818344555,17.68646818344555,17.68646818344555,16.784964733263067,18.587971633628054,17.68646818344555,15.88346128308058,18.587971633628054,17.68646818344555,18.587971633628054,17.68646818344555,18.587971633628054,18.587971633628054,18.587971633628054,18.587971633628054,16.784964733263067,17.68646818344555,15.88346128308058,18.587971633628054,15.88346128308058,16.784964733263067,15.88346128308058,18.587971633628054,16.784964733263067,17.68646818344555,15.88346128308058,16.784964733263067,18.587971633628054,16.784964733263067,17.68646818344555,17.68646818344555,18.587971633628054,16.784964733263067,18.587971633628054,15.88346128308058,15.88346128308058,15.88346128308058,18.587971633628054,17.68646818344555,17.68646818344555,15.88346128308058,17.68646818344555,15.88346128308058,16.784964733263067,18.587971633628054,17.68646818344555,17.68646818344555,17.68646818344555,15.88346128308058,15.88346128308058,18.587971633628054,17.68646818344555,18.587971633628054,15.88346128308058,15.88346128308058,15.88346128308058,18.587971633628054,15.88346128308058,16.784964733263067,15.88346128308058
18.415866429502298,17.50148435860292,15.672720216804152,17.50148435860292,16.587102287703527,18.415866429502298,16.587102287703527,18.415866429502298,18.415866429502298,16.587102287703527,18.415866429502298,17.50148435860292,18.415866429502298,16.587102287703527,16.587102287703527,15.672720216804152,16.587102287703527,15.672720216804152,16.587102287703527,18.415866429502298,16.587102287703527,18.415866429502298,18.415866429502298,16.587102287703527,18.415866429502298,16.587102287703527,16.587102287703527,16.587102287703527,15.672720216804152,18.415866429502298,16.587102287703527,16.587102287703527,17.50148435860292,15.672720216804152,17.50148435860292,18.415866429502298,16.587102287703527,16.587102287703527,15.672720216804152,18.415866429502298,15.672720216804152,17.50148435860292,18.415866429502298,16.587102287703527,16.587102287703527,15.672720216804152,16.587102287703527,15.672720216804152,15.672720216804152,17.50148435860292,15.672720216804152,16.587102287703527,16.587102287703527,15.672720216804152,15.672720216804152,17.50148435860292,16.587102287703527,16.587102287703527,17.50148435860292,17.50148435860292,17.50148435860292,16.587102287703527,18.415866429502298,15.672720216804152,15.672720216804152,18.415866429502298,18.415866429502298,18.415866429502298,18.415866429502298,16.587102287703527,18.415866429502298,15.672720216804152,18.415866429502298,18.415866429502298,18.415866429502298,17.50148435860292,16.587102287703527,15.672720216804152,17.50148435860292,17.50148435860292,17.50148435860292,18.415866429502298,16.587102287703527,18.415866429502298,15.672720216804152,15.672720216804152,16.587102287703527,16.587102287703527,16.587102287703527,18.415866429502298,16.587102287703527,17.50148435860292,18.415866429502298,17.50148435860292,17.50148435860292,16.587102287703527,15.672720216804152,18.415866429502298,18.415866429502298,18.415866429502298,18.415866429502298,18.415866429502298,18.415866429502298,18.415866429502298,16.587102287703527,17.50148435860292,18.415866429502298,16.587102287703527,17.50148435860292,15.672720216804152,18.415866429502298,18.415866429502298,17.50148435860292,18.415866429502298,17.50148435860292,18.415866429502298,17.50148435860292,17.50148435860292,16.587102287703527,16.587102287703527,18.415866429502298,15.672720216804152,16.587102287703527,15.672720216804152,17.50148435860292,15.672720216804152,16.587102287703527,16.587102287703527,16.587102287703527,17.50148435860292,16.587102287703527,17.50148435860292,18.415866429502298,15.672720216804152,15.672720216804152,17.50148435860292,16.587102287703527,17.50148435860292,16.587102287703527,15.672720216804152,15.672720216804152,17.50148435860292,18.415866429502298,16.587102287703527,18.415866429502298,16.587102287703527,16.587102287703527,18.415866429502298,15.672720216804152,18.415866429502298,17.50148435860292,16.587102287703527,18.415866429502298,16.587102287703527,18.415866429502298,16.587102287703527,17.50148435860292,17.50148435860292,15.672720216804152,15.672720216804152,16.587102287703527,15.672720216804152,16.587102287703527,17.50148435860292,18.415866429502298,17.50148435860292,18.415866429502298,16.587102287703527,17.50148435860292,15.672720216804152,15.672720216804152,18.415866429502298,16.587102287703527,18.415866429502298,16.587102287703527,18.415866429502298,17.50148435860292,17.50148435860292,18.415866429502298,15.672720216804152,16.587102287703527,18.415866429502298,15.672720216804152,16.587102287703527,17.50148435860292,15.672720216804152,16.587102287703527,16.587102287703527,16.587102287703527,17.50148435860292,16.587102287703527,16.587102287703527,16.587102287703527,16.587102287703527,15.672720216804152,18.415866429502298,17.50148435860292,16.587102287703527,17.50148435860292,17.50148435860292
18.243761225376552,15.46197915052772,16.389239842144004,18.243761225376552,16.389239842144004,17.316500533760287,15.46197915052772,15.46197915052772,16.389239842144004,15.46197915052772,15.46197915052772,15.46197915052772,15.46197915052772,18.243761225376552,18.243761225376552,15.46197915052772,18.243761225376552,18.243761225376552,15.46197915052772,16.389239842144004,17.316500533760287,17.316500533760287,15.46197915052772,17.316500533760287,17.316500533760287,18.243761225376552,16.389239842144004,15.46197915052772,18.243761225376552,17.316500533760287,15.46197915052772,17.316500533760287,18.243761225376552,16.389239842144004,15.46197915052772,18.243761225376552,16.389239842144004,16.389239842144004,15.46197915052772,15.46197915052772,18.243761225376552,15.46197915052772,17.316500533760287,18.243761225376552,16.389239842144004,17.316500533760287,16.389239842144004,17.316500533760287,16.389239842144004,16.389239842144004,17.316500533760287,17.316500533760287,18.243761225376552,18.243761225376552,15.46197915052772,18.243761225376552,18.243761225376552,15.46197915052772,16.389239842144004,18.243761225376552,17.316500533760287,17.316500533760287,17.316500533760287,15.46197915052772,17.316500533760287,18.243761225376552,16.389239842144004,15.46197915052772,18.243761225376552,16.389239842144004,15.46197915052772,15.46197915052772,15.46197915052772,16.389239842144004,17.316500533760287,16.389239842144004,18.243761225376552,15.46197915052772,17.316500533760287,15.46197915052772,16.389239842144004,17.316500533760287,17.316500533760287,17.316500533760287,18.243761225376552,15.46197915052772,17.316500533760287,17.316500533760287,17.316500533760287,15.46197915052772,16.389239842144004,16.389239842144004,16.389239842144004,15.46197915052772,15.46197915052772,15.46197915052772,16.389239842144004,15.46197915052772,18.243761225376552,17.316500533760287,16.389239842144004,18.243761225376552,15.46197915052772,17.316500533760287,16.389239842144004,16.389239842144004,15.46197915052772,16.389239842144004,17.316500533760287,17.316500533760287,16.389239842144004,16.389239842144004,18.243761225376552,16.389239842144004,16.389239842144004,16.389239842144004,17.316500533760287,15.46197915052772,18.243761225376552,15.46197915052772,17.316500533760287,17.316500533760287,16.389239842144004,16.389239842144004,18.243761225376552,17.316500533760287,17.316500533760287,18.243761225376552,16.389239842144004,15.46197915052772,18.243761225376552,16.389239842144004,16.389239842144004,18.243761225376552,17.316500533760287,16.389239842144004,15.46197915052772,16.389239842144004,18.243761225376552,16.389239842144004,18.243761225376552,15.46197915052772,18.243761225376552,18.243761225376552,15.46197915052772,15.46197915052772,18.243761225376552,15.46197915052772,15.46197915052772,15.46197915052772,17.316500533760287,17.316500533760287,15.46197915052772,16.389239842144004,17.316500533760287,16.389239842144004,16.389239842144004,18.243761225376552,16.389239842144004,16.389239842144004,17.316500533760287,15.46197915052772,17.316500533760287,16.389239842144004,15.46197915052772,17.316500533760287,18.243761225376552,15.46197915052772,17.316500533760287,17.316500533760287,17.316500533760287,15.46197915052772,18.243761225376552,15.46197915052772,17.316500533760287,16.389239842144004,18.243761225376552,15.46197915052772,15.46197915052772,18.243761225376552,16.389239842144004,16.389239842144004,18.243761225376552,15.46197915052772,16.389239842144004,16.389239842144004,16.389239842144004,16.389239842144004,15.46197915052772,16.389239842144004,15.46197915052772,16.389239842144004,15.46197915052772,16.389239842144004,15.46197915052772,16.389239842144004,18.243761225376552,18.243761225376552,17.316500533760287,17.316500533760287
