49.33414705346581,49.33495035614009,49.33495035614009,49.335753658814355,49.335753658814355,49.33495035614009,49.33495035614009,49.33655696148864,49.33655696148864,49.33414705346581,49.33414705346581,49.33495035614009,49.335753658814355,49.335753658814355,49.33495035614009,49.335753658814355,49.335753658814355,49.33414705346581,49.335753658814355,49.33495035614009,49.33414705346581,49.33655696148864,49.33414705346581,49.33495035614009,49.335753658814355,49.335753658814355,49.33655696148864,49.33495035614009,49.33655696148864,49.33655696148864,49.33495035614009,49.33495035614009,49.33655696148864,49.33495035614009,49.335753658814355,49.33495035614009,49.33655696148864,49.33414705346581,49.33495035614009,49.33495035614009,49.33655696148864,49.33414705346581,49.33495035614009,49.33495035614009,49.33655696148864,49.335753658814355,49.33414705346581,49.33655696148864,49.33655696148864,49.33495035614009,49.33414705346581,49.33414705346581,49.33495035614009,49.33414705346581,49.33655696148864,49.33414705346581,49.33655696148864,49.33414705346581,49.335753658814355,49.33414705346581,49.335753658814355,49.33655696148864,49.335753658814355,49.33655696148864,49.33414705346581,49.33655696148864,49.33495035614009,49.33655696148864,49.33414705346581,49.33655696148864,49.33414705346581,49.33414705346581,49.33655696148864,49.33414705346581,49.33414705346581,49.33655696148864,49.335753658814355,49.33414705346581,49.33414705346581,49.33495035614009,49.33495035614009,49.33655696148864,49.335753658814355,49.33495035614009,49.33495035614009,49.33655696148864,49.33655696148864,49.33414705346581,49.33414705346581,49.33414705346581,49.33495035614009,49.33495035614009,49.33414705346581,49.335753658814355,49.335753658814355,49.33655696148864,49.33495035614009,49.33495035614009,49.33495035614009,49.33655696148864,49.33655696148864,49.33495035614009,49.33414705346581,49.33655696148864,49.335753658814355,49.33655696148864,49.335753658814355,49.33495035614009,49.335753658814355,49.33495035614009,49.33414705346581,49.33495035614009,49.33655696148864,49.33414705346581,49.335753658814355,49.33655696148864,49.33414705346581,49.33414705346581,49.33414705346581,49.33495035614009,49.33655696148864,49.33655696148864,49.33655696148864,49.33495035614009,49.33655696148864,49.335753658814355,49.33655696148864,49.33495035614009,49.33655696148864,49.335753658814355,49.335753658814355,49.33495035614009,49.33655696148864,49.33655696148864,49.335753658814355,49.33655696148864,49.33495035614009,49.33414705346581,49.33414705346581,49.335753658814355,49.33655696148864,49.33495035614009,49.33655696148864,49.33655696148864,49.33495035614009,49.335753658814355,49.335753658814355,49.33655696148864,49.33655696148864,49.335753658814355,49.335753658814355,49.33495035614009,49.33495035614009,49.33655696148864,49.335753658814355,49.335753658814355,49.33495035614009,49.335753658814355,49.335753658814355,49.33655696148864,49.335753658814355,49.33495035614009,49.335753658814355,49.33655696148864,49.335753658814355,49.33495035614009,49.33414705346581,49.33495035614009,49.33414705346581,49.33655696148864,49.335753658814355,49.33414705346581,49.33414705346581,49.335753658814355,49.33495035614009,49.33495035614009,49.335753658814355,49.33655696148864,49.33414705346581,49.33655696148864,49.33495035614009,49.335753658814355,49.33414705346581,49.335753658814355,49.335753658814355,49.33495035614009,49.33655696148864,49.33495035614009,49.33414705346581,49.33414705346581,49.33655696148864,49.33495035614009,49.33495035614009,49.335753658814355,49.335753658814355,49.33655696148864,49.33414705346581,49.33414705346581,49.33655696148864,49.335753658814355
49.32421531131118,49.32582191665972,49.32582191665972,49.32100210061409,49.32421531131118,49.32582191665972,49.32260870596263,49.32582191665972,49.32421531131118,49.32260870596263,49.32421531131118,49.32582191665972,49.32421531131118,49.32100210061409,49.32582191665972,49.32260870596263,49.32100210061409,49.32260870596263,49.32100210061409,49.32260870596263,49.32582191665972,49.32100210061409,49.32582191665972,49.32100210061409,49.32421531131118,49.32582191665972,49.32100210061409,49.32260870596263,49.32100210061409,49.32421531131118,49.32260870596263,49.32260870596263,49.32260870596263,49.32260870596263,49.32100210061409,49.32582191665972,49.32260870596263,49.32260870596263,49.32582191665972,49.32421531131118,49.32421531131118,49.32260870596263,49.32260870596263,49.32260870596263,49.32260870596263,49.32260870596263,49.32582191665972,49.32421531131118,49.32100210061409,49.32260870596263,49.32100210061409,49.32582191665972,49.32421531131118,49.32582191665972,49.32582191665972,49.32582191665972,49.32100210061409,49.32421531131118,49.32100210061409,49.32582191665972,49.32582191665972,49.32582191665972,49.32100210061409,49.32421531131118,49.32260870596263,49.32421531131118,49.32260870596263,49.32421531131118,49.32100210061409,49.32582191665972,49.32100210061409,49.32100210061409,49.32421531131118,49.32582191665972,49.32260870596263,49.32582191665972,49.32582191665972,49.32421531131118,49.32100210061409,49.32582191665972,49.32100210061409,49.32100210061409,49.32260870596263,49.32582191665972,49.32100210061409,49.32260870596263,49.32421531131118,49.32260870596263,49.32100210061409,49.32421531131118,49.32421531131118,49.32100210061409,49.32421531131118,49.32260870596263,49.32260870596263,49.32421531131118,49.32421531131118,49.32421531131118,49.32582191665972,49.32100210061409,49.32100210061409,49.32582191665972,49.32421531131118,49.32421531131118,49.32421531131118,49.32582191665972,49.32260870596263,49.32100210061409,49.32421531131118,49.32421531131118,49.32582191665972,49.32100210061409,49.32421531131118,49.32100210061409,49.32421531131118,49.32582191665972,49.32260870596263,49.32260870596263,49.32582191665972,49.32260870596263,49.32582191665972,49.32582191665972,49.32260870596263,49.32260870596263,49.32260870596263,49.32582191665972,49.32421531131118,49.32260870596263,49.32100210061409,49.32100210061409,49.32421531131118,49.32100210061409,49.32582191665972,49.32582191665972,49.32260870596263,49.32582191665972,49.32421531131118,49.32100210061409,49.32582191665972,49.32421531131118,49.32260870596263,49.32100210061409,49.32421531131118,49.32582191665972,49.32421531131118,49.32260870596263,49.32260870596263,49.32100210061409,49.32260870596263,49.32260870596263,49.32100210061409,49.32260870596263,49.32421531131118,49.32260870596263,49.32260870596263,49.32100210061409,49.32421531131118,49.32582191665972,49.32421531131118,49.32260870596263,49.32100210061409,49.32582191665972,49.32582191665972,49.32582191665972,49.32582191665972,49.32421531131118,49.32100210061409,49.32421531131118,49.32421531131118,49.32100210061409,49.32260870596263,49.32100210061409,49.32582191665972,49.32260870596263,49.32421531131118,49.32421531131118,49.32260870596263,49.32100210061409,49.32100210061409,49.32582191665972,49.32421531131118,49.32100210061409,49.32100210061409,49.32421531131118,49.32582191665972,49.32260870596263,49.32582191665972,49.32421531131118,49.32100210061409,49.32421531131118,49.32582191665972,49.32421531131118,49.32582191665972,49.32582191665972,49.32421531131118,49.32421531131118,49.32100210061409,49.32582191665972,49.32100210061409,49.32421531131118
49.31267696380799,49.31508687183081,49.31508687183081,49.307857147762356,49.31508687183081,49.307857147762356,49.31267696380799,49.31267696380799,49.31508687183081,49.31508687183081,49.31267696380799,49.31508687183081,49.31508687183081,49.31026705578517,49.31026705578517,49.31026705578517,49.307857147762356,49.31267696380799,49.307857147762356,49.31026705578517,49.31026705578517,49.31026705578517,49.31267696380799,49.307857147762356,49.31267696380799,49.31267696380799,49.31026705578517,49.31026705578517,49.31267696380799,49.31267696380799,49.31267696380799,49.31508687183081,49.31508687183081,49.31026705578517,49.31267696380799,49.31267696380799,49.31267696380799,49.31267696380799,49.31508687183081,49.307857147762356,49.31026705578517,49.307857147762356,49.307857147762356,49.31267696380799,49.31026705578517,49.307857147762356,49.31508687183081,49.31267696380799,49.31267696380799,49.307857147762356,49.31508687183081,49.307857147762356,49.31267696380799,49.31267696380799,49.307857147762356,49.31267696380799,49.31267696380799,49.31508687183081,49.31508687183081,49.31508687183081,49.31508687183081,49.31026705578517,49.31508687183081,49.31508687183081,49.31508687183081,49.31508687183081,49.31026705578517,49.307857147762356,49.307857147762356,49.31508687183081,49.31508687183081,49.31026705578517,49.31508687183081,49.307857147762356,49.31508687183081,49.31026705578517,49.31267696380799,49.31267696380799,49.307857147762356,49.31508687183081,49.31508687183081,49.31267696380799,49.31267696380799,49.307857147762356,49.31267696380799,49.31026705578517,49.307857147762356,49.31267696380799,49.31026705578517,49.31508687183081,49.31508687183081,49.31508687183081,49.307857147762356,49.31508687183081,49.31267696380799,49.307857147762356,49.31026705578517,49.307857147762356,49.307857147762356,49.31026705578517,49.31026705578517,49.31026705578517,49.31508687183081,49.31267696380799,49.31026705578517,49.31026705578517,49.31026705578517,49.31508687183081,49.31026705578517,49.307857147762356,49.31026705578517,49.307857147762356,49.31508687183081,49.31026705578517,49.31508687183081,49.31026705578517,49.31508687183081,49.307857147762356,49.31267696380799,49.307857147762356,49.31508687183081,49.31267696380799,49.307857147762356,49.31267696380799,49.31508687183081,49.31026705578517,49.31026705578517,49.307857147762356,49.31508687183081,49.31267696380799,49.31508687183081,49.307857147762356,49.31508687183081,49.31267696380799,49.307857147762356,49.31267696380799,49.31508687183081,49.31026705578517,49.307857147762356,49.31267696380799,49.307857147762356,49.31508687183081,49.307857147762356,49.31026705578517,49.31026705578517,49.307857147762356,49.31267696380799,49.307857147762356,49.307857147762356,49.31026705578517,49.307857147762356,49.31267696380799,49.31026705578517,49.307857147762356,49.31267696380799,49.307857147762356,49.31026705578517,49.31026705578517,49.31267696380799,49.31026705578517,49.31267696380799,49.31026705578517,49.31508687183081,49.31508687183081,49.31267696380799,49.31026705578517,49.307857147762356,49.31026705578517,49.31267696380799,49.307857147762356,49.31508687183081,49.31508687183081,49.31026705578517,49.31026705578517,49.31026705578517,49.31267696380799,49.31026705578517,49.31026705578517,49.31267696380799,49.31508687183081,49.307857147762356,49.31267696380799,49.31508687183081,49.31508687183081,49.31267696380799,49.307857147762356,49.307857147762356,49.307857147762356,49.307857147762356,49.31026705578517,49.31026705578517,49.307857147762356,49.31508687183081,49.31026705578517,49.31026705578517,49.31508687183081,49.31026705578517,49.31267696380799,49.31026705578517,49.31267696380799
49.30435182700189,49.3011386163048,49.3011386163048,49.29471219491062,49.29471219491062,49.30435182700189,49.29792540560772,49.29792540560772,49.29792540560772,49.29792540560772,49.30435182700189,49.3011386163048,49.30435182700189,49.3011386163048,49.30435182700189,49.29471219491062,49.29471219491062,49.29471219491062,49.30435182700189,49.3011386163048,49.29471219491062,49.29471219491062,49.3011386163048,49.30435182700189,49.29471219491062,49.29471219491062,49.3011386163048,49.29792540560772,49.29471219491062,49.29792540560772,49.3011386163048,49.3011386163048,49.30435182700189,49.29471219491062,49.30435182700189,49.30435182700189,49.29471219491062,49.3011386163048,49.30435182700189,49.30435182700189,49.30435182700189,49.30435182700189,49.3011386163048,49.29471219491062,49.29792540560772,49.29471219491062,49.30435182700189,49.3011386163048,49.29471219491062,49.3011386163048,49.3011386163048,49.29792540560772,49.30435182700189,49.29792540560772,49.30435182700189,49.30435182700189,49.29471219491062,49.29471219491062,49.3011386163048,49.30435182700189,49.30435182700189,49.30435182700189,49.29792540560772,49.29792540560772,49.29471219491062,49.30435182700189,49.29471219491062,49.29471219491062,49.3011386163048,49.29792540560772,49.29792540560772,49.30435182700189,49.29471219491062,49.29792540560772,49.30435182700189,49.3011386163048,49.30435182700189,49.3011386163048,49.29471219491062,49.30435182700189,49.29792540560772,49.3011386163048,49.30435182700189,49.29471219491062,49.30435182700189,49.30435182700189,49.3011386163048,49.29792540560772,49.3011386163048,49.30435182700189,49.29471219491062,49.29792540560772,49.3011386163048,49.29792540560772,49.3011386163048,49.29471219491062,49.30435182700189,49.3011386163048,49.30435182700189,49.29471219491062,49.3011386163048,49.29471219491062,49.29792540560772,49.3011386163048,49.29792540560772,49.3011386163048,49.30435182700189,49.29792540560772,49.30435182700189,49.3011386163048,49.29471219491062,49.29792540560772,49.29471219491062,49.30435182700189,49.3011386163048,49.29792540560772,49.29792540560772,49.3011386163048,49.29792540560772,49.3011386163048,49.30435182700189,49.29471219491062,49.29471219491062,49.30435182700189,49.29792540560772,49.29792540560772,49.29471219491062,49.29792540560772,49.29471219491062,49.29471219491062,49.29471219491062,49.30435182700189,49.3011386163048,49.29471219491062,49.30435182700189,49.3011386163048,49.29471219491062,49.29792540560772,49.29471219491062,49.29792540560772,49.3011386163048,49.3011386163048,49.29471219491062,49.30435182700189,49.3011386163048,49.3011386163048,49.29471219491062,49.29471219491062,49.29471219491062,49.29471219491062,49.30435182700189,49.30435182700189,49.29792540560772,49.29792540560772,49.3011386163048,49.29471219491062,49.3011386163048,49.29792540560772,49.30435182700189,49.29471219491062,49.29471219491062,49.30435182700189,49.29792540560772,49.3011386163048,49.29471219491062,49.29792540560772,49.30435182700189,49.3011386163048,49.30435182700189,49.30435182700189,49.30435182700189,49.29471219491062,49.29471219491062,49.30435182700189,49.29792540560772,49.30435182700189,49.30435182700189,49.3011386163048,49.3011386163048,49.29471219491062,49.30435182700189,49.29471219491062,49.29471219491062,49.3011386163048,49.29471219491062,49.29471219491062,49.29471219491062,49.30435182700189,49.29792540560772,49.30435182700189,49.3011386163048,49.29792540560772,49.3011386163048,49.30435182700189,49.29792540560772,49.29792540560772,49.29471219491062,49.3011386163048,49.29792540560772,49.29792540560772
49.293616782172975,49.293616782172975,49.293616782172975,49.28558375543026,49.293616782172975,49.293616782172975,49.289600268801614,49.289600268801614,49.28156724205889,49.293616782172975,49.293616782172975,49.28156724205889,49.28156724205889,49.293616782172975,49.28156724205889,49.293616782172975,49.293616782172975,49.28558375543026,49.28156724205889,49.28558375543026,49.28156724205889,49.28558375543026,49.289600268801614,49.28558375543026,49.289600268801614,49.28558375543026,49.293616782172975,49.289600268801614,49.28156724205889,49.28558375543026,49.28558375543026,49.293616782172975,49.289600268801614,49.293616782172975,49.28156724205889,49.28558375543026,49.28156724205889,49.289600268801614,49.289600268801614,49.293616782172975,49.289600268801614,49.28156724205889,49.28156724205889,49.28156724205889,49.293616782172975,49.293616782172975,49.289600268801614,49.293616782172975,49.28156724205889,49.293616782172975,49.28156724205889,49.293616782172975,49.28558375543026,49.28156724205889,49.289600268801614,49.28156724205889,49.28558375543026,49.289600268801614,49.293616782172975,49.293616782172975,49.28156724205889,49.293616782172975,49.289600268801614,49.28156724205889,49.28558375543026,49.289600268801614,49.293616782172975,49.289600268801614,49.289600268801614,49.293616782172975,49.28558375543026,49.28156724205889,49.28558375543026,49.293616782172975,49.28558375543026,49.289600268801614,49.28558375543026,49.289600268801614,49.289600268801614,49.28156724205889,49.293616782172975,49.28156724205889,49.293616782172975,49.28156724205889,49.28558375543026,49.293616782172975,49.293616782172975,49.289600268801614,49.293616782172975,49.28558375543026,49.293616782172975,49.28558375543026,49.289600268801614,49.293616782172975,49.28156724205889,49.289600268801614,49.293616782172975,49.28156724205889,49.293616782172975,49.289600268801614,49.289600268801614,49.28558375543026,49.293616782172975,49.293616782172975,49.293616782172975,49.28558375543026,49.28558375543026,49.293616782172975,49.293616782172975,49.289600268801614,49.28558375543026,49.289600268801614,49.293616782172975,49.293616782172975,49.28156724205889,49.28156724205889,49.28156724205889,49.28558375543026,49.289600268801614,49.293616782172975,49.28156724205889,49.293616782172975,49.28558375543026,49.293616782172975,49.293616782172975,49.28558375543026,49.289600268801614,49.293616782172975,49.293616782172975,49.28156724205889,49.293616782172975,49.28156724205889,49.293616782172975,49.289600268801614,49.28558375543026,49.293616782172975,49.289600268801614,49.28558375543026,49.293616782172975,49.289600268801614,49.289600268801614,49.28558375543026,49.289600268801614,49.28156724205889,49.28156724205889,49.293616782172975,49.28558375543026,49.28156724205889,49.28558375543026,49.293616782172975,49.28156724205889,49.289600268801614,49.28558375543026,49.293616782172975,49.28558375543026,49.28156724205889,49.28156724205889,49.28558375543026,49.28558375543026,49.289600268801614,49.28558375543026,49.289600268801614,49.28558375543026,49.28156724205889,49.293616782172975,49.28558375543026,49.28156724205889,49.289600268801614,49.289600268801614,49.289600268801614,49.28558375543026,49.28558375543026,49.293616782172975,49.28558375543026,49.28558375543026,49.289600268801614,49.28156724205889,49.28156724205889,49.293616782172975,49.289600268801614,49.289600268801614,49.28156724205889,49.28156724205889,49.28156724205889,49.28156724205889,49.28558375543026,49.28156724205889,49.28558375543026,49.28558375543026,49.28156724205889,49.28156724205889,49.289600268801614,49.289600268801614,49.289600268801614,49.28558375543026,49.289600268801614,49.289600268801614,49.28558375543026,49.28558375543026,49.28558375543026
49.268422289207166,49.27806192129843,49.282881737344056,49.2732421052528,49.282881737344056,49.282881737344056,49.282881737344056,49.268422289207166,49.27806192129843,49.268422289207166,49.27806192129843,49.27806192129843,49.2732421052528,49.2732421052528,49.27806192129843,49.268422289207166,49.2732421052528,49.282881737344056,49.2732421052528,49.2732421052528,49.268422289207166,49.282881737344056,49.27806192129843,49.282881737344056,49.268422289207166,49.27806192129843,49.268422289207166,49.268422289207166,49.27806192129843,49.268422289207166,49.282881737344056,49.27806192129843,49.268422289207166,49.2732421052528,49.268422289207166,49.268422289207166,49.2732421052528,49.282881737344056,49.282881737344056,49.282881737344056,49.268422289207166,49.268422289207166,49.27806192129843,49.282881737344056,49.268422289207166,49.2732421052528,49.2732421052528,49.268422289207166,49.282881737344056,49.2732421052528,49.268422289207166,49.268422289207166,49.2732421052528,49.27806192129843,49.268422289207166,49.27806192129843,49.2732421052528,49.268422289207166,49.2732421052528,49.268422289207166,49.27806192129843,49.2732421052528,49.268422289207166,49.27806192129843,49.268422289207166,49.27806192129843,49.2732421052528,49.282881737344056,49.282881737344056,49.27806192129843,49.27806192129843,49.2732421052528,49.268422289207166,49.282881737344056,49.27806192129843,49.268422289207166,49.27806192129843,49.2732421052528,49.27806192129843,49.2732421052528,49.268422289207166,49.268422289207166,49.2732421052528,49.282881737344056,49.2732421052528,49.282881737344056,49.282881737344056,49.2732421052528,49.2732421052528,49.27806192129843,49.282881737344056,49.268422289207166,49.2732421052528,49.282881737344056,49.282881737344056,49.2732421052528,49.268422289207166,49.2732421052528,49.282881737344056,49.2732421052528,49.2732421052528,49.282881737344056,49.282881737344056,49.2732421052528,49.268422289207166,49.2732421052528,49.268422289207166,49.27806192129843,49.27806192129843,49.268422289207166,49.2732421052528,49.282881737344056,49.282881737344056,49.27806192129843,49.268422289207166,49.282881737344056,49.268422289207166,49.27806192129843,49.282881737344056,49.282881737344056,49.27806192129843,49.2732421052528,49.27806192129843,49.27806192129843,49.27806192129843,49.268422289207166,49.268422289207166,49.27806192129843,49.2732421052528,49.282881737344056,49.268422289207166,49.27806192129843,49.27806192129843,49.268422289207166,49.282881737344056,49.2732421052528,49.268422289207166,49.27806192129843,49.268422289207166,49.2732421052528,49.2732421052528,49.268422289207166,49.268422289207166,49.282881737344056,49.2732421052528,49.268422289207166,49.282881737344056,49.268422289207166,49.27806192129843,49.27806192129843,49.27806192129843,49.27806192129843,49.268422289207166,49.2732421052528,49.268422289207166,49.268422289207166,49.27806192129843,49.27806192129843,49.27806192129843,49.282881737344056,49.268422289207166,49.2732421052528,49.27806192129843,49.282881737344056,49.27806192129843,49.27806192129843,49.268422289207166,49.2732421052528,49.268422289207166,49.268422289207166,49.268422289207166,49.2732421052528,49.27806192129843,49.27806192129843,49.2732421052528,49.27806192129843,49.268422289207166,49.268422289207166,49.2732421052528,49.27806192129843,49.27806192129843,49.27806192129843,49.27806192129843,49.282881737344056,49.2732421052528,49.268422289207166,49.282881737344056,49.27806192129843,49.268422289207166,49.282881737344056,49.2732421052528,49.2732421052528,49.268422289207166,49.268422289207166,49.2732421052528,49.268422289207166,49.268422289207166,49.2732421052528,49.2732421052528,49.2732421052528
49.27214669251515,49.26090045507534,49.25527733635542,49.25527733635542,49.27214669251515,49.26652357379523,49.27214669251515,49.27214669251515,49.27214669251515,49.27214669251515,49.27214669251515,49.25527733635542,49.25527733635542,49.26652357379523,49.25527733635542,49.26090045507534,49.27214669251515,49.27214669251515,49.26652357379523,49.26652357379523,49.25527733635542,49.25527733635542,49.25527733635542,49.25527733635542,49.26090045507534,49.26652357379523,49.26652357379523,49.26090045507534,49.26652357379523,49.25527733635542,49.26652357379523,49.26090045507534,49.26090045507534,49.25527733635542,49.27214669251515,49.26652357379523,49.27214669251515,49.26090045507534,49.26652357379523,49.27214669251515,49.26652357379523,49.25527733635542,49.26652357379523,49.27214669251515,49.25527733635542,49.26090045507534,49.25527733635542,49.26652357379523,49.25527733635542,49.26652357379523,49.27214669251515,49.27214669251515,49.26652357379523,49.25527733635542,49.27214669251515,49.27214669251515,49.26090045507534,49.25527733635542,49.27214669251515,49.27214669251515,49.26652357379523,49.25527733635542,49.27214669251515,49.26090045507534,49.26652357379523,49.27214669251515,49.26090045507534,49.27214669251515,49.27214669251515,49.26090045507534,49.25527733635542,49.25527733635542,49.25527733635542,49.25527733635542,49.26090045507534,49.25527733635542,49.26652357379523,49.25527733635542,49.26652357379523,49.27214669251515,49.27214669251515,49.27214669251515,49.26652357379523,49.26090045507534,49.27214669251515,49.26652357379523,49.25527733635542,49.25527733635542,49.26652357379523,49.26090045507534,49.26090045507534,49.26652357379523,49.26090045507534,49.25527733635542,49.27214669251515,49.26090045507534,49.26090045507534,49.26652357379523,49.27214669251515,49.25527733635542,49.27214669251515,49.25527733635542,49.26090045507534,49.27214669251515,49.26652357379523,49.26652357379523,49.26090045507534,49.26090045507534,49.26652357379523,49.25527733635542,49.26090045507534,49.26652357379523,49.26652357379523,49.26652357379523,49.25527733635542,49.26090045507534,49.25527733635542,49.27214669251515,49.27214669251515,49.26652357379523,49.26652357379523,49.25527733635542,49.27214669251515,49.26090045507534,49.26090045507534,49.27214669251515,49.27214669251515,49.26090045507534,49.27214669251515,49.27214669251515,49.26090045507534,49.26652357379523,49.27214669251515,49.27214669251515,49.25527733635542,49.25527733635542,49.26090045507534,49.26652357379523,49.26652357379523,49.26090045507534,49.27214669251515,49.26652357379523,49.27214669251515,49.25527733635542,49.25527733635542,49.27214669251515,49.27214669251515,49.25527733635542,49.25527733635542,49.26652357379523,49.27214669251515,49.26090045507534,49.26090045507534,49.27214669251515,49.25527733635542,49.26090045507534,49.25527733635542,49.26090045507534,49.26090045507534,49.26652357379523,49.26090045507534,49.26652357379523,49.26090045507534,49.27214669251515,49.26652357379523,49.25527733635542,49.27214669251515,49.26652357379523,49.27214669251515,49.27214669251515,49.26090045507534,49.26652357379523,49.26652357379523,49.25527733635542,49.26652357379523,49.25527733635542,49.25527733635542,49.26090045507534,49.27214669251515,49.26090045507534,49.26652357379523,49.27214669251515,49.27214669251515,49.25527733635542,49.26652357379523,49.26652357379523,49.26652357379523,49.26090045507534,49.26090045507534,49.25527733635542,49.26652357379523,49.26652357379523,49.26652357379523,49.26090045507534,49.25527733635542,49.26652357379523,49.27214669251515,49.27214669251515,49.25527733635542,49.27214669251515
49.24213238350369,49.248558804897876,49.24213238350369,49.248558804897876,49.25498522629206,49.26141164768624,49.248558804897876,49.24213238350369,49.248558804897876,49.26141164768624,49.248558804897876,49.24213238350369,49.24213238350369,49.248558804897876,49.248558804897876,49.24213238350369,49.24213238350369,49.26141164768624,49.24213238350369,49.25498522629206,49.248558804897876,49.24213238350369,49.25498522629206,49.24213238350369,49.24213238350369,49.24213238350369,49.26141164768624,49.25498522629206,49.25498522629206,49.26141164768624,49.26141164768624,49.25498522629206,49.26141164768624,49.24213238350369,49.24213238350369,49.24213238350369,49.25498522629206,49.248558804897876,49.25498522629206,49.25498522629206,49.25498522629206,49.26141164768624,49.26141164768624,49.25498522629206,49.26141164768624,49.26141164768624,49.25498522629206,49.24213238350369,49.26141164768624,49.25498522629206,49.248558804897876,49.24213238350369,49.248558804897876,49.248558804897876,49.26141164768624,49.248558804897876,49.25498522629206,49.25498522629206,49.248558804897876,49.24213238350369,49.25498522629206,49.248558804897876,49.248558804897876,49.26141164768624,49.248558804897876,49.248558804897876,49.248558804897876,49.25498522629206,49.25498522629206,49.248558804897876,49.25498522629206,49.25498522629206,49.24213238350369,49.26141164768624,49.248558804897876,49.24213238350369,49.248558804897876,49.24213238350369,49.25498522629206,49.25498522629206,49.25498522629206,49.24213238350369,49.26141164768624,49.248558804897876,49.26141164768624,49.24213238350369,49.25498522629206,49.24213238350369,49.25498522629206,49.248558804897876,49.25498522629206,49.248558804897876,49.25498522629206,49.25498522629206,49.24213238350369,49.26141164768624,49.24213238350369,49.24213238350369,49.24213238350369,49.248558804897876,49.25498522629206,49.26141164768624,49.24213238350369,49.24213238350369,49.26141164768624,49.248558804897876,49.248558804897876,49.25498522629206,49.248558804897876,49.24213238350369,49.248558804897876,49.26141164768624,49.25498522629206,49.248558804897876,49.26141164768624,49.24213238350369,49.26141164768624,49.248558804897876,49.26141164768624,49.248558804897876,49.25498522629206,49.25498522629206,49.248558804897876,49.24213238350369,49.25498522629206,49.248558804897876,49.26141164768624,49.24213238350369,49.26141164768624,49.24213238350369,49.248558804897876,49.24213238350369,49.24213238350369,49.248558804897876,49.25498522629206,49.26141164768624,49.25498522629206,49.24213238350369,49.24213238350369,49.26141164768624,49.25498522629206,49.25498522629206,49.24213238350369,49.26141164768624,49.25498522629206,49.24213238350369,49.24213238350369,49.24213238350369,49.248558804897876,49.24213238350369,49.26141164768624,49.26141164768624,49.26141164768624,49.248558804897876,49.24213238350369,49.25498522629206,49.26141164768624,49.248558804897876,49.24213238350369,49.24213238350369,49.26141164768624,49.25498522629206,49.26141164768624,49.26141164768624,49.26141164768624,49.26141164768624,49.26141164768624,49.25498522629206,49.24213238350369,49.24213238350369,49.25498522629206,49.25498522629206,49.26141164768624,49.25498522629206,49.248558804897876,49.25498522629206,49.25498522629206,49.25498522629206,49.25498522629206,49.26141164768624,49.24213238350369,49.26141164768624,49.24213238350369,49.248558804897876,49.24213238350369,49.26141164768624,49.24213238350369,49.24213238350369,49.26141164768624,49.24213238350369,49.24213238350369,49.26141164768624,49.24213238350369,49.24213238350369,49.26141164768624,49.248558804897876,49.248558804897876,49.26141164768624,49.248558804897876,49.25498522629206
49.243446878788866,49.25067660285732,49.22898743065196,49.25067660285732,49.236217154720414,49.22898743065196,49.243446878788866,49.236217154720414,49.22898743065196,49.22898743065196,49.236217154720414,49.243446878788866,49.243446878788866,49.243446878788866,49.243446878788866,49.236217154720414,49.236217154720414,49.22898743065196,49.243446878788866,49.236217154720414,49.22898743065196,49.25067660285732,49.25067660285732,49.22898743065196,49.25067660285732,49.25067660285732,49.243446878788866,49.236217154720414,49.243446878788866,49.243446878788866,49.25067660285732,49.236217154720414,49.25067660285732,49.243446878788866,49.25067660285732,49.22898743065196,49.22898743065196,49.22898743065196,49.236217154720414,49.243446878788866,49.22898743065196,49.236217154720414,49.236217154720414,49.236217154720414,49.236217154720414,49.236217154720414,49.25067660285732,49.22898743065196,49.236217154720414,49.25067660285732,49.25067660285732,49.243446878788866,49.243446878788866,49.243446878788866,49.236217154720414,49.22898743065196,49.236217154720414,49.22898743065196,49.25067660285732,49.243446878788866,49.25067660285732,49.243446878788866,49.25067660285732,49.25067660285732,49.25067660285732,49.22898743065196,49.25067660285732,49.243446878788866,49.236217154720414,49.25067660285732,49.236217154720414,49.22898743065196,49.22898743065196,49.22898743065196,49.25067660285732,49.236217154720414,49.22898743065196,49.25067660285732,49.22898743065196,49.243446878788866,49.22898743065196,49.243446878788866,49.22898743065196,49.22898743065196,49.22898743065196,49.25067660285732,49.243446878788866,49.243446878788866,49.243446878788866,49.25067660285732,49.22898743065196,49.25067660285732,49.25067660285732,49.25067660285732,49.236217154720414,49.25067660285732,49.22898743065196,49.236217154720414,49.25067660285732,49.243446878788866,49.22898743065196,49.243446878788866,49.25067660285732,49.22898743065196,49.25067660285732,49.236217154720414,49.25067660285732,49.22898743065196,49.22898743065196,49.243446878788866,49.25067660285732,49.22898743065196,49.243446878788866,49.25067660285732,49.22898743065196,49.25067660285732,49.243446878788866,49.236217154720414,49.22898743065196,49.22898743065196,49.25067660285732,49.22898743065196,49.243446878788866,49.236217154720414,49.236217154720414,49.236217154720414,49.22898743065196,49.236217154720414,49.243446878788866,49.243446878788866,49.243446878788866,49.236217154720414,49.22898743065196,49.25067660285732,49.236217154720414,49.243446878788866,49.25067660285732,49.236217154720414,49.25067660285732,49.22898743065196,49.236217154720414,49.25067660285732,49.25067660285732,49.22898743065196,49.22898743065196,49.243446878788866,49.25067660285732,49.243446878788866,49.236217154720414,49.236217154720414,49.243446878788866,49.25067660285732,49.22898743065196,49.25067660285732,49.243446878788866,49.22898743065196,49.22898743065196,49.25067660285732,49.25067660285732,49.22898743065196,49.25067660285732,49.25067660285732,49.25067660285732,49.25067660285732,49.22898743065196,49.25067660285732,49.25067660285732,49.236217154720414,49.243446878788866,49.243446878788866,49.25067660285732,49.25067660285732,49.25067660285732,49.236217154720414,49.22898743065196,49.236217154720414,49.243446878788866,49.243446878788866,49.236217154720414,49.25067660285732,49.243446878788866,49.22898743065196,49.236217154720414,49.22898743065196,49.22898743065196,49.25067660285732,49.22898743065196,49.22898743065196,49.25067660285732,49.25067660285732,49.243446878788866,49.236217154720414,49.25067660285732,49.236217154720414,49.22898743065196,49.236217154720414,49.236217154720414,49.25067660285732,49.22898743065196,49.25067660285732
49.22387550454295,49.22387550454295,49.23190853128568,49.23994155802841,49.23190853128568,49.23994155802841,49.23190853128568,49.23190853128568,49.21584247780022,49.23190853128568,49.23190853128568,49.22387550454295,49.23994155802841,49.23190853128568,49.23994155802841,49.21584247780022,49.22387550454295,49.21584247780022,49.21584247780022,49.23994155802841,49.23190853128568,49.21584247780022,49.22387550454295,49.21584247780022,49.21584247780022,49.21584247780022,49.23994155802841,49.23190853128568,49.22387550454295,49.22387550454295,49.23994155802841,49.23994155802841,49.22387550454295,49.21584247780022,49.23190853128568,49.23190853128568,49.21584247780022,49.22387550454295,49.22387550454295,49.21584247780022,49.22387550454295,49.21584247780022,49.23994155802841,49.23190853128568,49.23994155802841,49.23190853128568,49.21584247780022,49.22387550454295,49.23190853128568,49.21584247780022,49.22387550454295,49.21584247780022,49.21584247780022,49.21584247780022,49.23994155802841,49.21584247780022,49.21584247780022,49.21584247780022,49.23994155802841,49.23994155802841,49.21584247780022,49.23190853128568,49.23190853128568,49.23994155802841,49.21584247780022,49.21584247780022,49.23994155802841,49.22387550454295,49.23190853128568,49.21584247780022,49.21584247780022,49.21584247780022,49.23994155802841,49.23994155802841,49.22387550454295,49.23190853128568,49.23190853128568,49.22387550454295,49.21584247780022,49.23190853128568,49.21584247780022,49.22387550454295,49.22387550454295,49.23190853128568,49.23190853128568,49.22387550454295,49.23994155802841,49.23190853128568,49.21584247780022,49.23190853128568,49.23190853128568,49.22387550454295,49.23190853128568,49.21584247780022,49.21584247780022,49.23190853128568,49.23190853128568,49.23994155802841,49.21584247780022,49.23994155802841,49.21584247780022,49.21584247780022,49.23994155802841,49.23994155802841,49.21584247780022,49.21584247780022,49.22387550454295,49.23994155802841,49.21584247780022,49.23994155802841,49.22387550454295,49.23994155802841,49.23190853128568,49.23190853128568,49.23994155802841,49.23994155802841,49.23190853128568,49.21584247780022,49.22387550454295,49.21584247780022,49.23994155802841,49.21584247780022,49.21584247780022,49.22387550454295,49.21584247780022,49.23994155802841,49.23190853128568,49.23190853128568,49.23994155802841,49.23994155802841,49.22387550454295,49.23190853128568,49.22387550454295,49.22387550454295,49.21584247780022,49.21584247780022,49.23190853128568,49.23190853128568,49.21584247780022,49.21584247780022,49.23190853128568,49.21584247780022,49.23994155802841,49.23190853128568,49.23190853128568,49.23190853128568,49.22387550454295,49.22387550454295,49.23994155802841,49.23190853128568,49.21584247780022,49.21584247780022,49.21584247780022,49.23190853128568,49.23190853128568,49.23190853128568,49.22387550454295,49.23994155802841,49.22387550454295,49.22387550454295,49.22387550454295,49.21584247780022,49.21584247780022,49.23994155802841,49.23994155802841,49.23190853128568,49.23994155802841,49.23190853128568,49.23190853128568,49.23994155802841,49.22387550454295,49.21584247780022,49.21584247780022,49.23994155802841,49.23994155802841,49.21584247780022,49.23190853128568,49.23994155802841,49.23190853128568,49.23994155802841,49.22387550454295,49.21584247780022,49.22387550454295,49.23994155802841,49.22387550454295,49.21584247780022,49.22387550454295,49.23994155802841,49.21584247780022,49.23994155802841,49.21584247780022,49.23190853128568,49.23994155802841,49.21584247780022,49.22387550454295,49.23190853128568,49.23994155802841,49.23190853128568,49.23994155802841,49.23994155802841
49.21153385436549,49.21153385436549,49.2026975249485,49.21153385436549,49.2203701837825,49.21153385436549,49.2203701837825,49.2203701837825,49.2026975249485,49.229206513199486,49.2026975249485,49.2203701837825,49.2026975249485,49.2203701837825,49.21153385436549,49.2203701837825,49.21153385436549,49.21153385436549,49.2026975249485,49.229206513199486,49.2026975249485,49.2026975249485,49.2203701837825,49.2203701837825,49.229206513199486,49.2203701837825,49.2026975249485,49.229206513199486,49.2026975249485,49.21153385436549,49.2026975249485,49.2026975249485,49.2203701837825,49.2026975249485,49.21153385436549,49.21153385436549,49.229206513199486,49.2026975249485,49.229206513199486,49.2026975249485,49.2026975249485,49.21153385436549,49.2203701837825,49.229206513199486,49.21153385436549,49.229206513199486,49.2026975249485,49.21153385436549,49.21153385436549,49.229206513199486,49.2026975249485,49.2026975249485,49.2026975249485,49.21153385436549,49.21153385436549,49.21153385436549,49.229206513199486,49.229206513199486,49.229206513199486,49.21153385436549,49.2203701837825,49.2026975249485,49.21153385436549,49.229206513199486,49.2026975249485,49.2026975249485,49.2026975249485,49.2203701837825,49.2026975249485,49.21153385436549,49.2026975249485,49.2203701837825,49.2026975249485,49.2026975249485,49.2203701837825,49.229206513199486,49.229206513199486,49.2203701837825,49.21153385436549,49.2026975249485,49.229206513199486,49.21153385436549,49.2203701837825,49.229206513199486,49.229206513199486,49.2203701837825,49.229206513199486,49.2203701837825,49.2026975249485,49.21153385436549,49.21153385436549,49.229206513199486,49.229206513199486,49.229206513199486,49.2203701837825,49.2203701837825,49.2026975249485,49.2203701837825,49.2203701837825,49.2026975249485,49.229206513199486,49.229206513199486,49.2026975249485,49.21153385436549,49.2026975249485,49.2026975249485,49.21153385436549,49.21153385436549,49.2026975249485,49.2026975249485,49.2203701837825,49.2203701837825,49.229206513199486,49.21153385436549,49.2203701837825,49.229206513199486,49.229206513199486,49.2026975249485,49.21153385436549,49.2026975249485,49.2026975249485,49.21153385436549,49.229206513199486,49.21153385436549,49.2203701837825,49.2203701837825,49.229206513199486,49.21153385436549,49.2026975249485,49.229206513199486,49.2203701837825,49.2026975249485,49.2203701837825,49.2026975249485,49.229206513199486,49.21153385436549,49.2203701837825,49.229206513199486,49.2203701837825,49.2203701837825,49.229206513199486,49.21153385436549,49.2203701837825,49.229206513199486,49.2026975249485,49.2203701837825,49.2026975249485,49.2203701837825,49.21153385436549,49.229206513199486,49.21153385436549,49.21153385436549,49.21153385436549,49.21153385436549,49.21153385436549,49.2026975249485,49.2026975249485,49.2203701837825,49.21153385436549,49.2203701837825,49.2026975249485,49.2026975249485,49.2026975249485,49.229206513199486,49.2203701837825,49.2026975249485,49.2026975249485,49.2026975249485,49.2203701837825,49.229206513199486,49.229206513199486,49.21153385436549,49.2203701837825,49.2026975249485,49.2203701837825,49.229206513199486,49.21153385436549,49.2026975249485,49.229206513199486,49.21153385436549,49.21153385436549,49.21153385436549,49.2026975249485,49.2203701837825,49.21153385436549,49.2203701837825,49.21153385436549,49.21153385436549,49.2026975249485,49.21153385436549,49.229206513199486,49.229206513199486,49.21153385436549,49.21153385436549,49.21153385436549,49.2026975249485,49.2203701837825,49.21153385436549,49.229206513199486,49.2203701837825
49.2088318362793,49.199192204188044,49.199192204188044,49.2088318362793,49.21847146837058,49.199192204188044,49.2088318362793,49.2088318362793,49.189552572096765,49.21847146837058,49.2088318362793,49.199192204188044,49.21847146837058,49.199192204188044,49.2088318362793,49.21847146837058,49.2088318362793,49.2088318362793,49.21847146837058,49.189552572096765,49.2088318362793,49.2088318362793,49.21847146837058,49.199192204188044,49.2088318362793,49.189552572096765,49.199192204188044,49.199192204188044,49.189552572096765,49.2088318362793,49.2088318362793,49.2088318362793,49.189552572096765,49.189552572096765,49.2088318362793,49.189552572096765,49.189552572096765,49.2088318362793,49.189552572096765,49.21847146837058,49.2088318362793,49.189552572096765,49.199192204188044,49.21847146837058,49.199192204188044,49.2088318362793,49.189552572096765,49.2088318362793,49.2088318362793,49.199192204188044,49.189552572096765,49.21847146837058,49.189552572096765,49.189552572096765,49.21847146837058,49.199192204188044,49.21847146837058,49.199192204188044,49.21847146837058,49.199192204188044,49.199192204188044,49.2088318362793,49.21847146837058,49.2088318362793,49.21847146837058,49.2088318362793,49.199192204188044,49.199192204188044,49.189552572096765,49.21847146837058,49.199192204188044,49.21847146837058,49.189552572096765,49.2088318362793,49.21847146837058,49.199192204188044,49.2088318362793,49.21847146837058,49.21847146837058,49.21847146837058,49.2088318362793,49.21847146837058,49.21847146837058,49.2088318362793,49.21847146837058,49.21847146837058,49.21847146837058,49.21847146837058,49.2088318362793,49.199192204188044,49.199192204188044,49.189552572096765,49.21847146837058,49.199192204188044,49.2088318362793,49.199192204188044,49.21847146837058,49.21847146837058,49.2088318362793,49.21847146837058,49.21847146837058,49.189552572096765,49.189552572096765,49.2088318362793,49.2088318362793,49.2088318362793,49.2088318362793,49.21847146837058,49.2088318362793,49.2088318362793,49.2088318362793,49.199192204188044,49.2088318362793,49.199192204188044,49.189552572096765,49.2088318362793,49.189552572096765,49.21847146837058,49.189552572096765,49.2088318362793,49.2088318362793,49.199192204188044,49.199192204188044,49.2088318362793,49.2088318362793,49.21847146837058,49.199192204188044,49.21847146837058,49.2088318362793,49.2088318362793,49.189552572096765,49.2088318362793,49.21847146837058,49.2088318362793,49.199192204188044,49.199192204188044,49.199192204188044,49.199192204188044,49.21847146837058,49.21847146837058,49.21847146837058,49.199192204188044,49.2088318362793,49.189552572096765,49.2088318362793,49.199192204188044,49.199192204188044,49.189552572096765,49.189552572096765,49.189552572096765,49.2088318362793,49.199192204188044,49.21847146837058,49.2088318362793,49.189552572096765,49.199192204188044,49.199192204188044,49.199192204188044,49.2088318362793,49.199192204188044,49.189552572096765,49.189552572096765,49.2088318362793,49.189552572096765,49.189552572096765,49.189552572096765,49.21847146837058,49.21847146837058,49.189552572096765,49.189552572096765,49.189552572096765,49.21847146837058,49.2088318362793,49.189552572096765,49.189552572096765,49.2088318362793,49.189552572096765,49.199192204188044,49.21847146837058,49.199192204188044,49.2088318362793,49.189552572096765,49.189552572096765,49.21847146837058,49.189552572096765,49.199192204188044,49.189552572096765,49.21847146837058,49.2088318362793,49.199192204188044,49.189552572096765,49.199192204188044,49.21847146837058,49.21847146837058,49.21847146837058,49.199192204188044,49.189552572096765,49.2088318362793,49.2088318362793,49.189552572096765
49.18685055401058,49.17640761924503,49.17640761924503,49.20773642354166,49.17640761924503,49.18685055401058,49.17640761924503,49.17640761924503,49.18685055401058,49.17640761924503,49.197293488776126,49.18685055401058,49.17640761924503,49.17640761924503,49.197293488776126,49.18685055401058,49.18685055401058,49.17640761924503,49.18685055401058,49.17640761924503,49.20773642354166,49.197293488776126,49.197293488776126,49.20773642354166,49.17640761924503,49.20773642354166,49.197293488776126,49.20773642354166,49.197293488776126,49.17640761924503,49.197293488776126,49.20773642354166,49.20773642354166,49.20773642354166,49.17640761924503,49.197293488776126,49.17640761924503,49.18685055401058,49.20773642354166,49.18685055401058,49.18685055401058,49.197293488776126,49.20773642354166,49.18685055401058,49.20773642354166,49.197293488776126,49.20773642354166,49.197293488776126,49.20773642354166,49.17640761924503,49.20773642354166,49.17640761924503,49.20773642354166,49.20773642354166,49.17640761924503,49.197293488776126,49.20773642354166,49.18685055401058,49.197293488776126,49.197293488776126,49.20773642354166,49.197293488776126,49.197293488776126,49.20773642354166,49.20773642354166,49.20773642354166,49.17640761924503,49.197293488776126,49.20773642354166,49.20773642354166,49.20773642354166,49.197293488776126,49.17640761924503,49.20773642354166,49.197293488776126,49.197293488776126,49.197293488776126,49.197293488776126,49.20773642354166,49.18685055401058,49.197293488776126,49.20773642354166,49.17640761924503,49.20773642354166,49.197293488776126,49.197293488776126,49.20773642354166,49.20773642354166,49.17640761924503,49.197293488776126,49.197293488776126,49.197293488776126,49.18685055401058,49.20773642354166,49.17640761924503,49.17640761924503,49.17640761924503,49.17640761924503,49.20773642354166,49.197293488776126,49.20773642354166,49.18685055401058,49.17640761924503,49.20773642354166,49.197293488776126,49.20773642354166,49.17640761924503,49.197293488776126,49.18685055401058,49.20773642354166,49.17640761924503,49.17640761924503,49.197293488776126,49.20773642354166,49.20773642354166,49.197293488776126,49.20773642354166,49.20773642354166,49.17640761924503,49.197293488776126,49.197293488776126,49.20773642354166,49.18685055401058,49.17640761924503,49.18685055401058,49.197293488776126,49.17640761924503,49.18685055401058,49.20773642354166,49.18685055401058,49.18685055401058,49.20773642354166,49.18685055401058,49.18685055401058,49.197293488776126,49.17640761924503,49.197293488776126,49.20773642354166,49.197293488776126,49.18685055401058,49.20773642354166,49.20773642354166,49.17640761924503,49.17640761924503,49.20773642354166,49.197293488776126,49.197293488776126,49.197293488776126,49.20773642354166,49.17640761924503,49.17640761924503,49.18685055401058,49.20773642354166,49.17640761924503,49.20773642354166,49.17640761924503,49.17640761924503,49.20773642354166,49.18685055401058,49.20773642354166,49.17640761924503,49.18685055401058,49.17640761924503,49.18685055401058,49.197293488776126,49.18685055401058,49.17640761924503,49.18685055401058,49.197293488776126,49.17640761924503,49.17640761924503,49.197293488776126,49.17640761924503,49.17640761924503,49.17640761924503,49.18685055401058,49.197293488776126,49.18685055401058,49.197293488776126,49.18685055401058,49.18685055401058,49.17640761924503,49.17640761924503,49.197293488776126,49.197293488776126,49.20773642354166,49.197293488776126,49.17640761924503,49.18685055401058,49.17640761924503,49.18685055401058,49.20773642354166,49.18685055401058,49.18685055401058,49.20773642354166,49.18685055401058,49.18685055401058,49.20773642354166,49.18685055401058,49.20773642354166
49.17450890383312,49.17450890383312,49.1632626663933,49.17450890383312,49.19700137871275,49.19700137871275,49.19700137871275,49.17450890383312,49.185755141272935,49.19700137871275,49.185755141272935,49.1632626663933,49.185755141272935,49.17450890383312,49.19700137871275,49.17450890383312,49.19700137871275,49.185755141272935,49.17450890383312,49.1632626663933,49.17450890383312,49.185755141272935,49.17450890383312,49.19700137871275,49.185755141272935,49.185755141272935,49.17450890383312,49.19700137871275,49.1632626663933,49.1632626663933,49.1632626663933,49.19700137871275,49.185755141272935,49.1632626663933,49.185755141272935,49.1632626663933,49.1632626663933,49.185755141272935,49.17450890383312,49.185755141272935,49.185755141272935,49.1632626663933,49.185755141272935,49.17450890383312,49.19700137871275,49.185755141272935,49.1632626663933,49.185755141272935,49.17450890383312,49.19700137871275,49.185755141272935,49.19700137871275,49.19700137871275,49.19700137871275,49.19700137871275,49.1632626663933,49.1632626663933,49.17450890383312,49.1632626663933,49.19700137871275,49.19700137871275,49.1632626663933,49.17450890383312,49.17450890383312,49.1632626663933,49.17450890383312,49.1632626663933,49.1632626663933,49.19700137871275,49.17450890383312,49.17450890383312,49.1632626663933,49.17450890383312,49.185755141272935,49.19700137871275,49.185755141272935,49.1632626663933,49.1632626663933,49.17450890383312,49.17450890383312,49.17450890383312,49.19700137871275,49.19700137871275,49.17450890383312,49.1632626663933,49.19700137871275,49.185755141272935,49.185755141272935,49.1632626663933,49.185755141272935,49.17450890383312,49.17450890383312,49.19700137871275,49.17450890383312,49.17450890383312,49.17450890383312,49.17450890383312,49.185755141272935,49.1632626663933,49.1632626663933,49.185755141272935,49.185755141272935,49.17450890383312,49.19700137871275,49.185755141272935,49.185755141272935,49.19700137871275,49.185755141272935,49.1632626663933,49.185755141272935,49.1632626663933,49.17450890383312,49.19700137871275,49.17450890383312,49.17450890383312,49.1632626663933,49.17450890383312,49.185755141272935,49.19700137871275,49.19700137871275,49.1632626663933,49.17450890383312,49.1632626663933,49.1632626663933,49.17450890383312,49.19700137871275,49.19700137871275,49.185755141272935,49.19700137871275,49.19700137871275,49.19700137871275,49.19700137871275,49.1632626663933,49.19700137871275,49.17450890383312,49.185755141272935,49.1632626663933,49.185755141272935,49.19700137871275,49.19700137871275,49.19700137871275,49.17450890383312,49.185755141272935,49.1632626663933,49.1632626663933,49.1632626663933,49.185755141272935,49.17450890383312,49.185755141272935,49.1632626663933,49.17450890383312,49.1632626663933,49.1632626663933,49.185755141272935,49.17450890383312,49.17450890383312,49.185755141272935,49.17450890383312,49.185755141272935,49.1632626663933,49.185755141272935,49.17450890383312,49.17450890383312,49.1632626663933,49.185755141272935,49.185755141272935,49.185755141272935,49.1632626663933,49.185755141272935,49.17450890383312,49.19700137871275,49.185755141272935,49.1632626663933,49.185755141272935,49.17450890383312,49.17450890383312,49.185755141272935,49.185755141272935,49.1632626663933,49.17450890383312,49.1632626663933,49.1632626663933,49.17450890383312,49.185755141272935,49.19700137871275,49.17450890383312,49.17450890383312,49.1632626663933,49.19700137871275,49.17450890383312,49.185755141272935,49.17450890383312,49.185755141272935,49.185755141272935,49.185755141272935,49.1632626663933,49.185755141272935,49.1632626663933,49.185755141272935,49.19700137871275
49.16216725365566,49.186266333883836,49.16216725365566,49.16216725365566,49.186266333883836,49.186266333883836,49.186266333883836,49.16216725365566,49.150117713541576,49.150117713541576,49.174216793769745,49.186266333883836,49.174216793769745,49.150117713541576,49.150117713541576,49.16216725365566,49.186266333883836,49.16216725365566,49.186266333883836,49.16216725365566,49.16216725365566,49.150117713541576,49.186266333883836,49.16216725365566,49.150117713541576,49.16216725365566,49.150117713541576,49.186266333883836,49.150117713541576,49.16216725365566,49.16216725365566,49.16216725365566,49.186266333883836,49.186266333883836,49.186266333883836,49.150117713541576,49.186266333883836,49.186266333883836,49.150117713541576,49.186266333883836,49.186266333883836,49.16216725365566,49.174216793769745,49.16216725365566,49.174216793769745,49.186266333883836,49.150117713541576,49.16216725365566,49.174216793769745,49.174216793769745,49.186266333883836,49.174216793769745,49.150117713541576,49.186266333883836,49.174216793769745,49.186266333883836,49.150117713541576,49.150117713541576,49.150117713541576,49.150117713541576,49.16216725365566,49.150117713541576,49.150117713541576,49.150117713541576,49.174216793769745,49.186266333883836,49.174216793769745,49.186266333883836,49.174216793769745,49.150117713541576,49.174216793769745,49.16216725365566,49.186266333883836,49.186266333883836,49.186266333883836,49.150117713541576,49.16216725365566,49.16216725365566,49.150117713541576,49.174216793769745,49.150117713541576,49.16216725365566,49.16216725365566,49.186266333883836,49.150117713541576,49.16216725365566,49.150117713541576,49.16216725365566,49.16216725365566,49.186266333883836,49.16216725365566,49.174216793769745,49.16216725365566,49.186266333883836,49.150117713541576,49.186266333883836,49.174216793769745,49.16216725365566,49.150117713541576,49.174216793769745,49.150117713541576,49.16216725365566,49.186266333883836,49.174216793769745,49.150117713541576,49.16216725365566,49.186266333883836,49.186266333883836,49.150117713541576,49.174216793769745,49.174216793769745,49.186266333883836,49.16216725365566,49.174216793769745,49.174216793769745,49.186266333883836,49.16216725365566,49.186266333883836,49.16216725365566,49.16216725365566,49.174216793769745,49.16216725365566,49.150117713541576,49.186266333883836,49.150117713541576,49.150117713541576,49.150117713541576,49.186266333883836,49.150117713541576,49.16216725365566,49.16216725365566,49.186266333883836,49.150117713541576,49.174216793769745,49.186266333883836,49.174216793769745,49.150117713541576,49.186266333883836,49.150117713541576,49.16216725365566,49.16216725365566,49.186266333883836,49.186266333883836,49.150117713541576,49.174216793769745,49.16216725365566,49.150117713541576,49.186266333883836,49.174216793769745,49.186266333883836,49.186266333883836,49.16216725365566,49.16216725365566,49.16216725365566,49.150117713541576,49.150117713541576,49.16216725365566,49.174216793769745,49.174216793769745,49.150117713541576,49.186266333883836,49.174216793769745,49.174216793769745,49.186266333883836,49.174216793769745,49.150117713541576,49.186266333883836,49.16216725365566,49.186266333883836,49.16216725365566,49.186266333883836,49.150117713541576,49.16216725365566,49.150117713541576,49.186266333883836,49.186266333883836,49.174216793769745,49.16216725365566,49.16216725365566,49.186266333883836,49.174216793769745,49.16216725365566,49.186266333883836,49.186266333883836,49.150117713541576,49.174216793769745,49.16216725365566,49.150117713541576,49.150117713541576,49.150117713541576,49.16216725365566,49.186266333883836,49.174216793769745,49.186266333883836,49.186266333883836,49.150117713541576,49.16216725365566,49.186266333883836,49.186266333883836,49.150117713541576
49.13697276068984,49.1498256034782,49.1498256034782,49.175531289054916,49.16267844626656,49.16267844626656,49.175531289054916,49.13697276068984,49.1498256034782,49.13697276068984,49.16267844626656,49.13697276068984,49.13697276068984,49.16267844626656,49.13697276068984,49.175531289054916,49.13697276068984,49.1498256034782,49.13697276068984,49.13697276068984,49.1498256034782,49.1498256034782,49.175531289054916,49.175531289054916,49.16267844626656,49.13697276068984,49.16267844626656,49.1498256034782,49.175531289054916,49.175531289054916,49.1498256034782,49.16267844626656,49.16267844626656,49.13697276068984,49.16267844626656,49.13697276068984,49.16267844626656,49.13697276068984,49.13697276068984,49.175531289054916,49.1498256034782,49.13697276068984,49.13697276068984,49.16267844626656,49.1498256034782,49.13697276068984,49.1498256034782,49.16267844626656,49.175531289054916,49.1498256034782,49.1498256034782,49.13697276068984,49.1498256034782,49.1498256034782,49.13697276068984,49.16267844626656,49.13697276068984,49.1498256034782,49.1498256034782,49.1498256034782,49.1498256034782,49.175531289054916,49.16267844626656,49.13697276068984,49.1498256034782,49.1498256034782,49.175531289054916,49.16267844626656,49.1498256034782,49.1498256034782,49.16267844626656,49.13697276068984,49.13697276068984,49.13697276068984,49.16267844626656,49.13697276068984,49.16267844626656,49.1498256034782,49.1498256034782,49.16267844626656,49.175531289054916,49.13697276068984,49.13697276068984,49.13697276068984,49.13697276068984,49.1498256034782,49.1498256034782,49.13697276068984,49.1498256034782,49.13697276068984,49.16267844626656,49.1498256034782,49.1498256034782,49.175531289054916,49.16267844626656,49.16267844626656,49.16267844626656,49.1498256034782,49.16267844626656,49.16267844626656,49.175531289054916,49.13697276068984,49.13697276068984,49.13697276068984,49.175531289054916,49.13697276068984,49.13697276068984,49.1498256034782,49.1498256034782,49.16267844626656,49.13697276068984,49.13697276068984,49.13697276068984,49.175531289054916,49.13697276068984,49.1498256034782,49.1498256034782,49.175531289054916,49.16267844626656,49.13697276068984,49.175531289054916,49.16267844626656,49.13697276068984,49.1498256034782,49.1498256034782,49.1498256034782,49.16267844626656,49.175531289054916,49.13697276068984,49.175531289054916,49.175531289054916,49.16267844626656,49.16267844626656,49.13697276068984,49.13697276068984,49.175531289054916,49.16267844626656,49.16267844626656,49.16267844626656,49.16267844626656,49.16267844626656,49.175531289054916,49.175531289054916,49.16267844626656,49.16267844626656,49.175531289054916,49.13697276068984,49.175531289054916,49.16267844626656,49.16267844626656,49.1498256034782,49.175531289054916,49.175531289054916,49.13697276068984,49.1498256034782,49.175531289054916,49.13697276068984,49.1498256034782,49.175531289054916,49.16267844626656,49.1498256034782,49.175531289054916,49.13697276068984,49.16267844626656,49.175531289054916,49.16267844626656,49.175531289054916,49.1498256034782,49.1498256034782,49.16267844626656,49.13697276068984,49.1498256034782,49.13697276068984,49.1498256034782,49.1498256034782,49.16267844626656,49.13697276068984,49.16267844626656,49.16267844626656,49.175531289054916,49.13697276068984,49.16267844626656,49.1498256034782,49.16267844626656,49.1498256034782,49.175531289054916,49.175531289054916,49.175531289054916,49.1498256034782,49.175531289054916,49.16267844626656,49.13697276068984,49.175531289054916,49.1498256034782,49.175531289054916,49.175531289054916,49.175531289054916,49.1498256034782,49.13697276068984,49.1498256034782
49.16479624422601,49.13748395330074,49.13748395330074,49.13748395330074,49.12382780783811,49.15114009876337,49.12382780783811,49.12382780783811,49.12382780783811,49.13748395330074,49.12382780783811,49.15114009876337,49.16479624422601,49.13748395330074,49.15114009876337,49.12382780783811,49.12382780783811,49.13748395330074,49.15114009876337,49.12382780783811,49.15114009876337,49.16479624422601,49.12382780783811,49.12382780783811,49.13748395330074,49.15114009876337,49.16479624422601,49.12382780783811,49.15114009876337,49.16479624422601,49.15114009876337,49.16479624422601,49.16479624422601,49.15114009876337,49.15114009876337,49.15114009876337,49.13748395330074,49.16479624422601,49.12382780783811,49.12382780783811,49.15114009876337,49.13748395330074,49.13748395330074,49.15114009876337,49.16479624422601,49.16479624422601,49.13748395330074,49.15114009876337,49.16479624422601,49.13748395330074,49.12382780783811,49.15114009876337,49.13748395330074,49.12382780783811,49.12382780783811,49.15114009876337,49.13748395330074,49.16479624422601,49.15114009876337,49.15114009876337,49.15114009876337,49.13748395330074,49.16479624422601,49.13748395330074,49.12382780783811,49.15114009876337,49.12382780783811,49.13748395330074,49.15114009876337,49.16479624422601,49.13748395330074,49.15114009876337,49.16479624422601,49.16479624422601,49.15114009876337,49.13748395330074,49.15114009876337,49.16479624422601,49.16479624422601,49.15114009876337,49.12382780783811,49.12382780783811,49.15114009876337,49.13748395330074,49.16479624422601,49.13748395330074,49.15114009876337,49.12382780783811,49.15114009876337,49.13748395330074,49.15114009876337,49.13748395330074,49.16479624422601,49.15114009876337,49.16479624422601,49.13748395330074,49.13748395330074,49.13748395330074,49.15114009876337,49.15114009876337,49.16479624422601,49.13748395330074,49.13748395330074,49.13748395330074,49.16479624422601,49.15114009876337,49.16479624422601,49.13748395330074,49.12382780783811,49.16479624422601,49.12382780783811,49.15114009876337,49.13748395330074,49.15114009876337,49.15114009876337,49.12382780783811,49.12382780783811,49.16479624422601,49.15114009876337,49.12382780783811,49.15114009876337,49.12382780783811,49.12382780783811,49.12382780783811,49.16479624422601,49.15114009876337,49.13748395330074,49.13748395330074,49.15114009876337,49.16479624422601,49.15114009876337,49.15114009876337,49.13748395330074,49.12382780783811,49.12382780783811,49.15114009876337,49.13748395330074,49.15114009876337,49.12382780783811,49.13748395330074,49.13748395330074,49.16479624422601,49.16479624422601,49.12382780783811,49.12382780783811,49.12382780783811,49.16479624422601,49.13748395330074,49.16479624422601,49.12382780783811,49.16479624422601,49.15114009876337,49.12382780783811,49.12382780783811,49.16479624422601,49.15114009876337,49.13748395330074,49.15114009876337,49.12382780783811,49.12382780783811,49.16479624422601,49.12382780783811,49.13748395330074,49.15114009876337,49.16479624422601,49.15114009876337,49.12382780783811,49.15114009876337,49.15114009876337,49.13748395330074,49.16479624422601,49.15114009876337,49.13748395330074,49.15114009876337,49.12382780783811,49.13748395330074,49.13748395330074,49.12382780783811,49.12382780783811,49.12382780783811,49.15114009876337,49.15114009876337,49.16479624422601,49.12382780783811,49.15114009876337,49.13748395330074,49.16479624422601,49.15114009876337,49.13748395330074,49.12382780783811,49.16479624422601,49.12382780783811,49.13748395330074,49.13748395330074,49.16479624422601,49.16479624422601,49.13748395330074,49.15114009876337,49.15114009876337,49.13748395330074
49.11068285498638,49.154061199397084,49.13960175126018,49.13960175126018,49.154061199397084,49.154061199397084,49.154061199397084,49.125142303123276,49.11068285498638,49.11068285498638,49.154061199397084,49.125142303123276,49.13960175126018,49.125142303123276,49.154061199397084,49.11068285498638,49.125142303123276,49.125142303123276,49.13960175126018,49.13960175126018,49.11068285498638,49.13960175126018,49.154061199397084,49.154061199397084,49.154061199397084,49.125142303123276,49.154061199397084,49.13960175126018,49.13960175126018,49.11068285498638,49.154061199397084,49.13960175126018,49.13960175126018,49.154061199397084,49.154061199397084,49.13960175126018,49.11068285498638,49.13960175126018,49.11068285498638,49.154061199397084,49.154061199397084,49.154061199397084,49.13960175126018,49.13960175126018,49.13960175126018,49.13960175126018,49.11068285498638,49.11068285498638,49.13960175126018,49.11068285498638,49.11068285498638,49.125142303123276,49.125142303123276,49.13960175126018,49.125142303123276,49.13960175126018,49.13960175126018,49.11068285498638,49.13960175126018,49.13960175126018,49.13960175126018,49.13960175126018,49.154061199397084,49.154061199397084,49.11068285498638,49.154061199397084,49.13960175126018,49.154061199397084,49.125142303123276,49.125142303123276,49.154061199397084,49.13960175126018,49.11068285498638,49.13960175126018,49.13960175126018,49.154061199397084,49.125142303123276,49.13960175126018,49.13960175126018,49.13960175126018,49.154061199397084,49.11068285498638,49.125142303123276,49.154061199397084,49.154061199397084,49.154061199397084,49.125142303123276,49.154061199397084,49.125142303123276,49.11068285498638,49.11068285498638,49.125142303123276,49.154061199397084,49.125142303123276,49.154061199397084,49.11068285498638,49.154061199397084,49.13960175126018,49.154061199397084,49.11068285498638,49.154061199397084,49.125142303123276,49.154061199397084,49.125142303123276,49.11068285498638,49.11068285498638,49.13960175126018,49.11068285498638,49.125142303123276,49.125142303123276,49.13960175126018,49.154061199397084,49.13960175126018,49.125142303123276,49.125142303123276,49.154061199397084,49.13960175126018,49.125142303123276,49.13960175126018,49.13960175126018,49.13960175126018,49.13960175126018,49.125142303123276,49.11068285498638,49.11068285498638,49.13960175126018,49.154061199397084,49.154061199397084,49.125142303123276,49.13960175126018,49.154061199397084,49.154061199397084,49.154061199397084,49.11068285498638,49.11068285498638,49.154061199397084,49.125142303123276,49.13960175126018,49.11068285498638,49.11068285498638,49.125142303123276,49.125142303123276,49.11068285498638,49.154061199397084,49.11068285498638,49.13960175126018,49.13960175126018,49.11068285498638,49.13960175126018,49.13960175126018,49.13960175126018,49.125142303123276,49.11068285498638,49.125142303123276,49.125142303123276,49.11068285498638,49.13960175126018,49.125142303123276,49.13960175126018,49.13960175126018,49.154061199397084,49.13960175126018,49.11068285498638,49.11068285498638,49.13960175126018,49.13960175126018,49.125142303123276,49.11068285498638,49.11068285498638,49.13960175126018,49.154061199397084,49.11068285498638,49.125142303123276,49.154061199397084,49.125142303123276,49.154061199397084,49.11068285498638,49.154061199397084,49.13960175126018,49.154061199397084,49.11068285498638,49.154061199397084,49.154061199397084,49.11068285498638,49.154061199397084,49.125142303123276,49.11068285498638,49.125142303123276,49.13960175126018,49.11068285498638,49.13960175126018,49.154061199397084,49.154061199397084,49.125142303123276,49.125142303123276,49.154061199397084,49.125142303123276,49.125142303123276,49.11068285498638,49.154061199397084
49.11280065294583,49.14332615456818,49.11280065294583,49.14332615456818,49.14332615456818,49.128063403757,49.14332615456818,49.11280065294583,49.09753790213464,49.11280065294583,49.128063403757,49.128063403757,49.128063403757,49.09753790213464,49.14332615456818,49.14332615456818,49.09753790213464,49.09753790213464,49.09753790213464,49.128063403757,49.09753790213464,49.128063403757,49.128063403757,49.14332615456818,49.128063403757,49.11280065294583,49.11280065294583,49.128063403757,49.128063403757,49.128063403757,49.128063403757,49.14332615456818,49.14332615456818,49.11280065294583,49.14332615456818,49.128063403757,49.11280065294583,49.09753790213464,49.09753790213464,49.11280065294583,49.09753790213464,49.09753790213464,49.09753790213464,49.11280065294583,49.11280065294583,49.128063403757,49.11280065294583,49.14332615456818,49.14332615456818,49.128063403757,49.09753790213464,49.128063403757,49.14332615456818,49.14332615456818,49.128063403757,49.09753790213464,49.128063403757,49.11280065294583,49.11280065294583,49.128063403757,49.14332615456818,49.09753790213464,49.14332615456818,49.128063403757,49.11280065294583,49.128063403757,49.11280065294583,49.128063403757,49.11280065294583,49.128063403757,49.11280065294583,49.09753790213464,49.11280065294583,49.11280065294583,49.128063403757,49.09753790213464,49.128063403757,49.09753790213464,49.14332615456818,49.128063403757,49.09753790213464,49.128063403757,49.128063403757,49.14332615456818,49.09753790213464,49.09753790213464,49.14332615456818,49.11280065294583,49.11280065294583,49.09753790213464,49.128063403757,49.14332615456818,49.11280065294583,49.14332615456818,49.128063403757,49.128063403757,49.14332615456818,49.128063403757,49.14332615456818,49.14332615456818,49.11280065294583,49.14332615456818,49.11280065294583,49.09753790213464,49.14332615456818,49.14332615456818,49.09753790213464,49.14332615456818,49.09753790213464,49.14332615456818,49.09753790213464,49.09753790213464,49.11280065294583,49.11280065294583,49.09753790213464,49.11280065294583,49.09753790213464,49.14332615456818,49.14332615456818,49.11280065294583,49.128063403757,49.09753790213464,49.09753790213464,49.128063403757,49.09753790213464,49.09753790213464,49.11280065294583,49.09753790213464,49.11280065294583,49.14332615456818,49.128063403757,49.11280065294583,49.14332615456818,49.14332615456818,49.09753790213464,49.128063403757,49.128063403757,49.11280065294583,49.11280065294583,49.09753790213464,49.14332615456818,49.09753790213464,49.11280065294583,49.09753790213464,49.11280065294583,49.11280065294583,49.11280065294583,49.14332615456818,49.11280065294583,49.128063403757,49.11280065294583,49.128063403757,49.128063403757,49.128063403757,49.09753790213464,49.11280065294583,49.09753790213464,49.09753790213464,49.14332615456818,49.128063403757,49.11280065294583,49.128063403757,49.14332615456818,49.09753790213464,49.11280065294583,49.11280065294583,49.14332615456818,49.11280065294583,49.11280065294583,49.09753790213464,49.14332615456818,49.14332615456818,49.128063403757,49.128063403757,49.11280065294583,49.11280065294583,49.09753790213464,49.128063403757,49.09753790213464,49.11280065294583,49.11280065294583,49.09753790213464,49.09753790213464,49.11280065294583,49.14332615456818,49.11280065294583,49.14332615456818,49.09753790213464,49.11280065294583,49.11280065294583,49.11280065294583,49.14332615456818,49.128063403757,49.128063403757,49.14332615456818,49.09753790213464,49.14332615456818,49.14332615456818,49.14332615456818,49.09753790213464
49.10045900276837,49.11652505625381,49.10045900276837,49.10045900276837,49.11652505625381,49.08439294928291,49.13259110973926,49.13259110973926,49.11652505625381,49.13259110973926,49.10045900276837,49.11652505625381,49.13259110973926,49.13259110973926,49.08439294928291,49.13259110973926,49.08439294928291,49.13259110973926,49.13259110973926,49.13259110973926,49.13259110973926,49.08439294928291,49.11652505625381,49.11652505625381,49.08439294928291,49.10045900276837,49.08439294928291,49.10045900276837,49.13259110973926,49.10045900276837,49.11652505625381,49.11652505625381,49.11652505625381,49.08439294928291,49.11652505625381,49.10045900276837,49.13259110973926,49.13259110973926,49.13259110973926,49.13259110973926,49.10045900276837,49.13259110973926,49.10045900276837,49.13259110973926,49.08439294928291,49.11652505625381,49.10045900276837,49.08439294928291,49.10045900276837,49.08439294928291,49.10045900276837,49.08439294928291,49.11652505625381,49.11652505625381,49.08439294928291,49.11652505625381,49.11652505625381,49.13259110973926,49.11652505625381,49.10045900276837,49.08439294928291,49.10045900276837,49.13259110973926,49.08439294928291,49.11652505625381,49.13259110973926,49.08439294928291,49.11652505625381,49.13259110973926,49.11652505625381,49.10045900276837,49.13259110973926,49.11652505625381,49.11652505625381,49.13259110973926,49.11652505625381,49.10045900276837,49.11652505625381,49.11652505625381,49.08439294928291,49.13259110973926,49.13259110973926,49.08439294928291,49.13259110973926,49.13259110973926,49.11652505625381,49.13259110973926,49.10045900276837,49.13259110973926,49.11652505625381,49.11652505625381,49.10045900276837,49.08439294928291,49.08439294928291,49.11652505625381,49.11652505625381,49.10045900276837,49.11652505625381,49.08439294928291,49.08439294928291,49.08439294928291,49.11652505625381,49.11652505625381,49.08439294928291,49.08439294928291,49.11652505625381,49.13259110973926,49.11652505625381,49.08439294928291,49.08439294928291,49.10045900276837,49.13259110973926,49.11652505625381,49.10045900276837,49.11652505625381,49.11652505625381,49.10045900276837,49.08439294928291,49.10045900276837,49.08439294928291,49.13259110973926,49.08439294928291,49.11652505625381,49.10045900276837,49.10045900276837,49.10045900276837,49.08439294928291,49.10045900276837,49.11652505625381,49.13259110973926,49.08439294928291,49.11652505625381,49.13259110973926,49.11652505625381,49.10045900276837,49.11652505625381,49.11652505625381,49.08439294928291,49.11652505625381,49.10045900276837,49.11652505625381,49.10045900276837,49.10045900276837,49.13259110973926,49.08439294928291,49.10045900276837,49.10045900276837,49.08439294928291,49.11652505625381,49.13259110973926,49.11652505625381,49.08439294928291,49.11652505625381,49.10045900276837,49.10045900276837,49.11652505625381,49.11652505625381,49.08439294928291,49.08439294928291,49.08439294928291,49.11652505625381,49.10045900276837,49.10045900276837,49.11652505625381,49.11652505625381,49.11652505625381,49.08439294928291,49.13259110973926,49.13259110973926,49.08439294928291,49.10045900276837,49.11652505625381,49.10045900276837,49.13259110973926,49.08439294928291,49.10045900276837,49.13259110973926,49.13259110973926,49.08439294928291,49.10045900276837,49.08439294928291,49.11652505625381,49.08439294928291,49.13259110973926,49.10045900276837,49.08439294928291,49.08439294928291,49.08439294928291,49.13259110973926,49.13259110973926,49.10045900276837,49.11652505625381,49.08439294928291,49.10045900276837,49.11652505625381,49.11652505625381,49.11652505625381,49.13259110973926,49.11652505625381,49.11652505625381
49.071247996431175,49.12185606491035,49.088117352590906,49.088117352590906,49.10498670875062,49.10498670875062,49.088117352590906,49.071247996431175,49.088117352590906,49.12185606491035,49.10498670875062,49.12185606491035,49.071247996431175,49.10498670875062,49.071247996431175,49.071247996431175,49.10498670875062,49.10498670875062,49.10498670875062,49.071247996431175,49.071247996431175,49.12185606491035,49.071247996431175,49.12185606491035,49.071247996431175,49.10498670875062,49.088117352590906,49.088117352590906,49.071247996431175,49.12185606491035,49.12185606491035,49.088117352590906,49.071247996431175,49.088117352590906,49.12185606491035,49.088117352590906,49.071247996431175,49.071247996431175,49.10498670875062,49.10498670875062,49.088117352590906,49.088117352590906,49.071247996431175,49.12185606491035,49.10498670875062,49.071247996431175,49.10498670875062,49.10498670875062,49.088117352590906,49.071247996431175,49.088117352590906,49.10498670875062,49.12185606491035,49.071247996431175,49.071247996431175,49.10498670875062,49.071247996431175,49.10498670875062,49.071247996431175,49.088117352590906,49.088117352590906,49.12185606491035,49.10498670875062,49.12185606491035,49.10498670875062,49.071247996431175,49.12185606491035,49.071247996431175,49.088117352590906,49.088117352590906,49.12185606491035,49.088117352590906,49.10498670875062,49.10498670875062,49.12185606491035,49.10498670875062,49.12185606491035,49.10498670875062,49.10498670875062,49.12185606491035,49.071247996431175,49.10498670875062,49.10498670875062,49.12185606491035,49.071247996431175,49.088117352590906,49.10498670875062,49.12185606491035,49.071247996431175,49.071247996431175,49.071247996431175,49.088117352590906,49.12185606491035,49.088117352590906,49.088117352590906,49.088117352590906,49.071247996431175,49.12185606491035,49.088117352590906,49.071247996431175,49.071247996431175,49.088117352590906,49.12185606491035,49.10498670875062,49.088117352590906,49.071247996431175,49.12185606491035,49.071247996431175,49.12185606491035,49.10498670875062,49.12185606491035,49.071247996431175,49.12185606491035,49.071247996431175,49.071247996431175,49.088117352590906,49.088117352590906,49.071247996431175,49.10498670875062,49.10498670875062,49.088117352590906,49.10498670875062,49.10498670875062,49.071247996431175,49.088117352590906,49.071247996431175,49.12185606491035,49.088117352590906,49.071247996431175,49.071247996431175,49.088117352590906,49.10498670875062,49.071247996431175,49.071247996431175,49.10498670875062,49.12185606491035,49.071247996431175,49.12185606491035,49.071247996431175,49.12185606491035,49.088117352590906,49.10498670875062,49.088117352590906,49.088117352590906,49.12185606491035,49.12185606491035,49.088117352590906,49.12185606491035,49.10498670875062,49.12185606491035,49.071247996431175,49.10498670875062,49.12185606491035,49.12185606491035,49.12185606491035,49.088117352590906,49.088117352590906,49.071247996431175,49.10498670875062,49.071247996431175,49.10498670875062,49.088117352590906,49.071247996431175,49.088117352590906,49.088117352590906,49.12185606491035,49.10498670875062,49.071247996431175,49.10498670875062,49.071247996431175,49.071247996431175,49.10498670875062,49.088117352590906,49.12185606491035,49.10498670875062,49.10498670875062,49.088117352590906,49.071247996431175,49.12185606491035,49.088117352590906,49.10498670875062,49.10498670875062,49.12185606491035,49.12185606491035,49.10498670875062,49.12185606491035,49.071247996431175,49.071247996431175,49.12185606491035,49.071247996431175,49.088117352590906,49.12185606491035,49.12185606491035,49.088117352590906,49.088117352590906,49.12185606491035,49.12185606491035,49.071247996431175,49.10498670875062,49.10498670875062
49.09344836124745,49.05810304357945,49.09344836124745,49.075775702413445,49.075775702413445,49.09344836124745,49.11112102008143,49.075775702413445,49.09344836124745,49.075775702413445,49.09344836124745,49.09344836124745,49.09344836124745,49.05810304357945,49.05810304357945,49.075775702413445,49.11112102008143,49.11112102008143,49.075775702413445,49.075775702413445,49.05810304357945,49.09344836124745,49.11112102008143,49.075775702413445,49.05810304357945,49.075775702413445,49.09344836124745,49.09344836124745,49.05810304357945,49.09344836124745,49.09344836124745,49.075775702413445,49.09344836124745,49.09344836124745,49.11112102008143,49.11112102008143,49.11112102008143,49.075775702413445,49.11112102008143,49.09344836124745,49.075775702413445,49.11112102008143,49.075775702413445,49.075775702413445,49.075775702413445,49.05810304357945,49.05810304357945,49.075775702413445,49.075775702413445,49.05810304357945,49.05810304357945,49.05810304357945,49.09344836124745,49.05810304357945,49.11112102008143,49.11112102008143,49.09344836124745,49.11112102008143,49.09344836124745,49.075775702413445,49.075775702413445,49.075775702413445,49.11112102008143,49.11112102008143,49.075775702413445,49.09344836124745,49.11112102008143,49.11112102008143,49.11112102008143,49.075775702413445,49.075775702413445,49.075775702413445,49.075775702413445,49.11112102008143,49.09344836124745,49.11112102008143,49.075775702413445,49.09344836124745,49.11112102008143,49.075775702413445,49.05810304357945,49.05810304357945,49.075775702413445,49.11112102008143,49.11112102008143,49.09344836124745,49.075775702413445,49.09344836124745,49.075775702413445,49.075775702413445,49.05810304357945,49.11112102008143,49.11112102008143,49.09344836124745,49.075775702413445,49.075775702413445,49.05810304357945,49.05810304357945,49.09344836124745,49.09344836124745,49.09344836124745,49.11112102008143,49.11112102008143,49.075775702413445,49.075775702413445,49.05810304357945,49.075775702413445,49.11112102008143,49.075775702413445,49.11112102008143,49.05810304357945,49.09344836124745,49.09344836124745,49.09344836124745,49.11112102008143,49.05810304357945,49.09344836124745,49.05810304357945,49.11112102008143,49.05810304357945,49.09344836124745,49.09344836124745,49.05810304357945,49.09344836124745,49.09344836124745,49.09344836124745,49.05810304357945,49.05810304357945,49.09344836124745,49.05810304357945,49.075775702413445,49.075775702413445,49.05810304357945,49.11112102008143,49.05810304357945,49.09344836124745,49.11112102008143,49.075775702413445,49.05810304357945,49.11112102008143,49.11112102008143,49.075775702413445,49.09344836124745,49.11112102008143,49.075775702413445,49.11112102008143,49.09344836124745,49.05810304357945,49.05810304357945,49.05810304357945,49.075775702413445,49.075775702413445,49.05810304357945,49.11112102008143,49.075775702413445,49.075775702413445,49.05810304357945,49.05810304357945,49.05810304357945,49.11112102008143,49.05810304357945,49.09344836124745,49.09344836124745,49.05810304357945,49.11112102008143,49.075775702413445,49.09344836124745,49.09344836124745,49.09344836124745,49.09344836124745,49.09344836124745,49.09344836124745,49.09344836124745,49.09344836124745,49.075775702413445,49.09344836124745,49.09344836124745,49.09344836124745,49.09344836124745,49.05810304357945,49.11112102008143,49.05810304357945,49.09344836124745,49.11112102008143,49.09344836124745,49.075775702413445,49.075775702413445,49.05810304357945,49.05810304357945,49.09344836124745,49.05810304357945,49.11112102008143,49.11112102008143,49.09344836124745,49.05810304357945,49.05810304357945,49.09344836124745,49.09344836124745,49.09344836124745,49.05810304357945
49.10038597525252,49.10038597525252,49.08191001374425,49.04495809072771,49.04495809072771,49.08191001374425,49.08191001374425,49.08191001374425,49.08191001374425,49.06343405223598,49.08191001374425,49.04495809072771,49.08191001374425,49.06343405223598,49.06343405223598,49.08191001374425,49.04495809072771,49.04495809072771,49.04495809072771,49.06343405223598,49.06343405223598,49.10038597525252,49.04495809072771,49.04495809072771,49.10038597525252,49.04495809072771,49.10038597525252,49.04495809072771,49.08191001374425,49.06343405223598,49.10038597525252,49.06343405223598,49.04495809072771,49.04495809072771,49.04495809072771,49.10038597525252,49.06343405223598,49.08191001374425,49.10038597525252,49.04495809072771,49.06343405223598,49.08191001374425,49.04495809072771,49.10038597525252,49.08191001374425,49.08191001374425,49.04495809072771,49.04495809072771,49.10038597525252,49.08191001374425,49.04495809072771,49.04495809072771,49.08191001374425,49.04495809072771,49.06343405223598,49.10038597525252,49.10038597525252,49.10038597525252,49.10038597525252,49.04495809072771,49.08191001374425,49.10038597525252,49.08191001374425,49.10038597525252,49.10038597525252,49.10038597525252,49.04495809072771,49.04495809072771,49.04495809072771,49.08191001374425,49.08191001374425,49.04495809072771,49.06343405223598,49.04495809072771,49.10038597525252,49.06343405223598,49.06343405223598,49.06343405223598,49.08191001374425,49.10038597525252,49.06343405223598,49.04495809072771,49.06343405223598,49.08191001374425,49.04495809072771,49.10038597525252,49.06343405223598,49.08191001374425,49.04495809072771,49.04495809072771,49.04495809072771,49.04495809072771,49.04495809072771,49.04495809072771,49.04495809072771,49.06343405223598,49.08191001374425,49.06343405223598,49.06343405223598,49.08191001374425,49.04495809072771,49.10038597525252,49.08191001374425,49.06343405223598,49.08191001374425,49.10038597525252,49.10038597525252,49.06343405223598,49.04495809072771,49.06343405223598,49.08191001374425,49.06343405223598,49.04495809072771,49.10038597525252,49.04495809072771,49.08191001374425,49.06343405223598,49.06343405223598,49.08191001374425,49.04495809072771,49.04495809072771,49.04495809072771,49.10038597525252,49.04495809072771,49.04495809072771,49.10038597525252,49.08191001374425,49.10038597525252,49.04495809072771,49.04495809072771,49.04495809072771,49.04495809072771,49.10038597525252,49.10038597525252,49.10038597525252,49.08191001374425,49.08191001374425,49.04495809072771,49.08191001374425,49.10038597525252,49.04495809072771,49.06343405223598,49.04495809072771,49.04495809072771,49.08191001374425,49.08191001374425,49.04495809072771,49.08191001374425,49.10038597525252,49.04495809072771,49.04495809072771,49.04495809072771,49.04495809072771,49.06343405223598,49.04495809072771,49.10038597525252,49.10038597525252,49.10038597525252,49.10038597525252,49.08191001374425,49.06343405223598,49.10038597525252,49.08191001374425,49.08191001374425,49.04495809072771,49.04495809072771,49.08191001374425,49.04495809072771,49.10038597525252,49.04495809072771,49.10038597525252,49.08191001374425,49.06343405223598,49.06343405223598,49.04495809072771,49.04495809072771,49.10038597525252,49.04495809072771,49.08191001374425,49.04495809072771,49.10038597525252,49.04495809072771,49.10038597525252,49.08191001374425,49.10038597525252,49.04495809072771,49.08191001374425,49.10038597525252,49.10038597525252,49.10038597525252,49.10038597525252,49.08191001374425,49.10038597525252,49.08191001374425,49.06343405223598,49.10038597525252,49.10038597525252,49.04495809072771,49.08191001374425,49.04495809072771
49.08965093042361,49.031813137875986,49.05109240205852,49.031813137875986,49.031813137875986,49.08965093042361,49.07037166624106,49.05109240205852,49.08965093042361,49.05109240205852,49.07037166624106,49.031813137875986,49.05109240205852,49.031813137875986,49.07037166624106,49.08965093042361,49.031813137875986,49.05109240205852,49.05109240205852,49.05109240205852,49.05109240205852,49.05109240205852,49.05109240205852,49.07037166624106,49.07037166624106,49.08965093042361,49.07037166624106,49.07037166624106,49.031813137875986,49.08965093042361,49.07037166624106,49.05109240205852,49.08965093042361,49.08965093042361,49.07037166624106,49.08965093042361,49.08965093042361,49.031813137875986,49.05109240205852,49.08965093042361,49.05109240205852,49.07037166624106,49.07037166624106,49.05109240205852,49.05109240205852,49.07037166624106,49.05109240205852,49.08965093042361,49.07037166624106,49.05109240205852,49.07037166624106,49.07037166624106,49.05109240205852,49.07037166624106,49.07037166624106,49.07037166624106,49.08965093042361,49.05109240205852,49.05109240205852,49.05109240205852,49.08965093042361,49.07037166624106,49.07037166624106,49.05109240205852,49.08965093042361,49.031813137875986,49.08965093042361,49.05109240205852,49.05109240205852,49.07037166624106,49.05109240205852,49.05109240205852,49.07037166624106,49.031813137875986,49.05109240205852,49.08965093042361,49.07037166624106,49.07037166624106,49.031813137875986,49.07037166624106,49.05109240205852,49.07037166624106,49.031813137875986,49.08965093042361,49.031813137875986,49.08965093042361,49.031813137875986,49.08965093042361,49.05109240205852,49.08965093042361,49.05109240205852,49.07037166624106,49.07037166624106,49.07037166624106,49.08965093042361,49.031813137875986,49.07037166624106,49.08965093042361,49.031813137875986,49.05109240205852,49.05109240205852,49.05109240205852,49.08965093042361,49.07037166624106,49.05109240205852,49.07037166624106,49.07037166624106,49.031813137875986,49.07037166624106,49.08965093042361,49.07037166624106,49.031813137875986,49.08965093042361,49.08965093042361,49.031813137875986,49.08965093042361,49.05109240205852,49.08965093042361,49.07037166624106,49.08965093042361,49.07037166624106,49.07037166624106,49.07037166624106,49.05109240205852,49.08965093042361,49.05109240205852,49.07037166624106,49.05109240205852,49.031813137875986,49.07037166624106,49.031813137875986,49.08965093042361,49.05109240205852,49.08965093042361,49.07037166624106,49.07037166624106,49.08965093042361,49.07037166624106,49.05109240205852,49.031813137875986,49.05109240205852,49.08965093042361,49.08965093042361,49.031813137875986,49.07037166624106,49.031813137875986,49.05109240205852,49.05109240205852,49.08965093042361,49.08965093042361,49.07037166624106,49.05109240205852,49.07037166624106,49.07037166624106,49.05109240205852,49.031813137875986,49.05109240205852,49.05109240205852,49.08965093042361,49.07037166624106,49.08965093042361,49.08965093042361,49.08965093042361,49.031813137875986,49.05109240205852,49.05109240205852,49.07037166624106,49.031813137875986,49.05109240205852,49.08965093042361,49.08965093042361,49.05109240205852,49.031813137875986,49.031813137875986,49.05109240205852,49.031813137875986,49.05109240205852,49.05109240205852,49.08965093042361,49.05109240205852,49.05109240205852,49.031813137875986,49.031813137875986,49.031813137875986,49.07037166624106,49.08965093042361,49.031813137875986,49.07037166624106,49.031813137875986,49.08965093042361,49.05109240205852,49.07037166624106,49.07037166624106,49.05109240205852,49.05109240205852,49.05109240205852,49.08965093042361,49.07037166624106,49.031813137875986,49.05109240205852
49.03875075188106,49.018668185024254,49.018668185024254,49.03875075188106,49.07891588559469,49.07891588559469,49.07891588559469,49.07891588559469,49.07891588559469,49.05883331873788,49.03875075188106,49.05883331873788,49.03875075188106,49.05883331873788,49.07891588559469,49.07891588559469,49.03875075188106,49.05883331873788,49.05883331873788,49.03875075188106,49.05883331873788,49.07891588559469,49.05883331873788,49.018668185024254,49.05883331873788,49.018668185024254,49.07891588559469,49.07891588559469,49.03875075188106,49.03875075188106,49.018668185024254,49.07891588559469,49.07891588559469,49.018668185024254,49.03875075188106,49.07891588559469,49.018668185024254,49.018668185024254,49.018668185024254,49.05883331873788,49.018668185024254,49.03875075188106,49.03875075188106,49.05883331873788,49.018668185024254,49.05883331873788,49.03875075188106,49.05883331873788,49.018668185024254,49.07891588559469,49.018668185024254,49.03875075188106,49.03875075188106,49.05883331873788,49.07891588559469,49.03875075188106,49.07891588559469,49.05883331873788,49.03875075188106,49.07891588559469,49.03875075188106,49.03875075188106,49.03875075188106,49.018668185024254,49.03875075188106,49.03875075188106,49.03875075188106,49.07891588559469,49.07891588559469,49.05883331873788,49.018668185024254,49.05883331873788,49.018668185024254,49.05883331873788,49.03875075188106,49.018668185024254,49.018668185024254,49.03875075188106,49.05883331873788,49.018668185024254,49.018668185024254,49.05883331873788,49.018668185024254,49.018668185024254,49.05883331873788,49.018668185024254,49.03875075188106,49.07891588559469,49.05883331873788,49.03875075188106,49.018668185024254,49.03875075188106,49.05883331873788,49.05883331873788,49.03875075188106,49.03875075188106,49.03875075188106,49.03875075188106,49.03875075188106,49.05883331873788,49.05883331873788,49.03875075188106,49.018668185024254,49.03875075188106,49.03875075188106,49.018668185024254,49.07891588559469,49.07891588559469,49.07891588559469,49.05883331873788,49.05883331873788,49.05883331873788,49.03875075188106,49.018668185024254,49.018668185024254,49.018668185024254,49.018668185024254,49.018668185024254,49.05883331873788,49.07891588559469,49.018668185024254,49.05883331873788,49.05883331873788,49.05883331873788,49.018668185024254,49.07891588559469,49.018668185024254,49.05883331873788,49.03875075188106,49.018668185024254,49.018668185024254,49.018668185024254,49.03875075188106,49.03875075188106,49.018668185024254,49.03875075188106,49.05883331873788,49.07891588559469,49.05883331873788,49.05883331873788,49.05883331873788,49.03875075188106,49.07891588559469,49.07891588559469,49.018668185024254,49.07891588559469,49.07891588559469,49.05883331873788,49.018668185024254,49.05883331873788,49.05883331873788,49.05883331873788,49.07891588559469,49.018668185024254,49.07891588559469,49.07891588559469,49.07891588559469,49.018668185024254,49.05883331873788,49.07891588559469,49.07891588559469,49.07891588559469,49.05883331873788,49.05883331873788,49.05883331873788,49.07891588559469,49.05883331873788,49.03875075188106,49.05883331873788,49.05883331873788,49.018668185024254,49.018668185024254,49.07891588559469,49.05883331873788,49.05883331873788,49.05883331873788,49.07891588559469,49.03875075188106,49.03875075188106,49.018668185024254,49.03875075188106,49.018668185024254,49.018668185024254,49.018668185024254,49.05883331873788,49.05883331873788,49.07891588559469,49.05883331873788,49.05883331873788,49.018668185024254,49.07891588559469,49.03875075188106,49.05883331873788,49.03875075188106,49.05883331873788,49.03875075188106,49.07891588559469,49.018668185024254,49.03875075188106,49.05883331873788
49.026409101703614,49.04729497123469,49.00552323217252,49.00552323217252,49.04729497123469,49.026409101703614,49.06818084076578,49.00552323217252,49.04729497123469,49.04729497123469,49.04729497123469,49.06818084076578,49.00552323217252,49.04729497123469,49.04729497123469,49.06818084076578,49.04729497123469,49.06818084076578,49.06818084076578,49.06818084076578,49.04729497123469,49.04729497123469,49.026409101703614,49.00552323217252,49.026409101703614,49.04729497123469,49.06818084076578,49.00552323217252,49.026409101703614,49.06818084076578,49.04729497123469,49.04729497123469,49.06818084076578,49.04729497123469,49.026409101703614,49.06818084076578,49.026409101703614,49.026409101703614,49.04729497123469,49.00552323217252,49.06818084076578,49.00552323217252,49.00552323217252,49.026409101703614,49.026409101703614,49.06818084076578,49.06818084076578,49.06818084076578,49.06818084076578,49.06818084076578,49.06818084076578,49.06818084076578,49.026409101703614,49.04729497123469,49.06818084076578,49.04729497123469,49.04729497123469,49.04729497123469,49.04729497123469,49.026409101703614,49.026409101703614,49.06818084076578,49.026409101703614,49.026409101703614,49.04729497123469,49.06818084076578,49.026409101703614,49.026409101703614,49.06818084076578,49.00552323217252,49.04729497123469,49.00552323217252,49.06818084076578,49.026409101703614,49.026409101703614,49.026409101703614,49.00552323217252,49.06818084076578,49.026409101703614,49.04729497123469,49.00552323217252,49.04729497123469,49.026409101703614,49.026409101703614,49.026409101703614,49.026409101703614,49.026409101703614,49.04729497123469,49.06818084076578,49.00552323217252,49.00552323217252,49.06818084076578,49.026409101703614,49.00552323217252,49.06818084076578,49.00552323217252,49.04729497123469,49.026409101703614,49.06818084076578,49.026409101703614,49.026409101703614,49.04729497123469,49.00552323217252,49.026409101703614,49.00552323217252,49.026409101703614,49.00552323217252,49.026409101703614,49.06818084076578,49.04729497123469,49.00552323217252,49.06818084076578,49.00552323217252,49.026409101703614,49.026409101703614,49.06818084076578,49.026409101703614,49.06818084076578,49.026409101703614,49.026409101703614,49.026409101703614,49.06818084076578,49.06818084076578,49.06818084076578,49.026409101703614,49.06818084076578,49.06818084076578,49.026409101703614,49.00552323217252,49.026409101703614,49.00552323217252,49.06818084076578,49.00552323217252,49.04729497123469,49.026409101703614,49.026409101703614,49.026409101703614,49.04729497123469,49.00552323217252,49.04729497123469,49.04729497123469,49.026409101703614,49.06818084076578,49.00552323217252,49.06818084076578,49.04729497123469,49.04729497123469,49.06818084076578,49.026409101703614,49.00552323217252,49.06818084076578,49.026409101703614,49.026409101703614,49.00552323217252,49.04729497123469,49.04729497123469,49.026409101703614,49.00552323217252,49.026409101703614,49.04729497123469,49.026409101703614,49.06818084076578,49.04729497123469,49.026409101703614,49.00552323217252,49.04729497123469,49.026409101703614,49.00552323217252,49.04729497123469,49.00552323217252,49.026409101703614,49.026409101703614,49.026409101703614,49.00552323217252,49.00552323217252,49.00552323217252,49.06818084076578,49.06818084076578,49.04729497123469,49.00552323217252,49.06818084076578,49.00552323217252,49.04729497123469,49.04729497123469,49.00552323217252,49.026409101703614,49.06818084076578,49.026409101703614,49.00552323217252,49.06818084076578,49.00552323217252,49.06818084076578,49.00552323217252,49.04729497123469,49.026409101703614,49.026409101703614,49.06818084076578,49.06818084076578,49.026409101703614,49.04729497123469
49.05744579593686,48.99237827932079,49.03575662373151,49.05744579593686,48.99237827932079,49.01406745152615,49.05744579593686,49.03575662373151,49.03575662373151,49.01406745152615,48.99237827932079,49.05744579593686,49.01406745152615,49.05744579593686,49.05744579593686,48.99237827932079,49.05744579593686,49.03575662373151,49.05744579593686,48.99237827932079,48.99237827932079,49.03575662373151,48.99237827932079,49.05744579593686,49.01406745152615,49.01406745152615,49.01406745152615,49.01406745152615,49.01406745152615,49.03575662373151,49.03575662373151,49.03575662373151,49.05744579593686,49.01406745152615,48.99237827932079,48.99237827932079,49.01406745152615,49.01406745152615,49.05744579593686,49.05744579593686,48.99237827932079,49.05744579593686,49.03575662373151,49.03575662373151,48.99237827932079,48.99237827932079,49.05744579593686,49.03575662373151,49.03575662373151,49.01406745152615,49.03575662373151,49.03575662373151,49.03575662373151,49.01406745152615,49.03575662373151,49.05744579593686,49.05744579593686,49.05744579593686,48.99237827932079,48.99237827932079,49.01406745152615,49.05744579593686,49.03575662373151,48.99237827932079,49.05744579593686,49.01406745152615,49.03575662373151,49.05744579593686,48.99237827932079,49.03575662373151,49.05744579593686,49.05744579593686,48.99237827932079,49.03575662373151,49.05744579593686,49.05744579593686,48.99237827932079,49.01406745152615,49.03575662373151,49.01406745152615,49.05744579593686,49.03575662373151,49.05744579593686,49.01406745152615,49.01406745152615,49.03575662373151,49.01406745152615,48.99237827932079,49.03575662373151,48.99237827932079,48.99237827932079,49.03575662373151,49.03575662373151,49.05744579593686,49.01406745152615,49.03575662373151,49.03575662373151,49.01406745152615,49.03575662373151,49.01406745152615,49.05744579593686,49.03575662373151,49.05744579593686,49.05744579593686,49.01406745152615,49.05744579593686,49.03575662373151,48.99237827932079,49.01406745152615,48.99237827932079,48.99237827932079,49.03575662373151,48.99237827932079,49.01406745152615,49.01406745152615,49.05744579593686,49.01406745152615,49.03575662373151,49.01406745152615,49.05744579593686,49.03575662373151,48.99237827932079,49.05744579593686,49.01406745152615,48.99237827932079,49.05744579593686,49.03575662373151,49.01406745152615,49.03575662373151,49.05744579593686,49.03575662373151,49.05744579593686,49.05744579593686,48.99237827932079,49.01406745152615,49.03575662373151,49.03575662373151,49.05744579593686,49.03575662373151,48.99237827932079,49.03575662373151,49.05744579593686,49.01406745152615,49.05744579593686,48.99237827932079,49.01406745152615,49.05744579593686,49.05744579593686,48.99237827932079,48.99237827932079,49.01406745152615,49.03575662373151,49.05744579593686,48.99237827932079,48.99237827932079,49.05744579593686,49.03575662373151,49.01406745152615,48.99237827932079,48.99237827932079,49.05744579593686,48.99237827932079,49.01406745152615,49.03575662373151,49.03575662373151,49.03575662373151,49.01406745152615,49.03575662373151,48.99237827932079,49.03575662373151,49.05744579593686,49.03575662373151,48.99237827932079,49.03575662373151,49.05744579593686,49.05744579593686,48.99237827932079,49.01406745152615,49.05744579593686,48.99237827932079,48.99237827932079,49.05744579593686,49.05744579593686,48.99237827932079,48.99237827932079,48.99237827932079,48.99237827932079,49.05744579593686,49.01406745152615,49.05744579593686,49.03575662373151,48.99237827932079,49.03575662373151,48.99237827932079,48.99237827932079,49.05744579593686,49.01406745152615,48.99237827932079,49.01406745152615,48.99237827932079
48.979233326469064,49.046710751107945,49.046710751107945,48.979233326469064,48.979233326469064,48.979233326469064,49.046710751107945,48.979233326469064,48.979233326469064,49.046710751107945,49.02421827622832,49.00172580134869,48.979233326469064,49.00172580134869,49.02421827622832,49.00172580134869,49.00172580134869,49.00172580134869,48.979233326469064,49.046710751107945,48.979233326469064,49.02421827622832,48.979233326469064,48.979233326469064,49.00172580134869,49.046710751107945,49.046710751107945,49.02421827622832,49.046710751107945,49.046710751107945,49.02421827622832,49.00172580134869,49.00172580134869,49.02421827622832,49.02421827622832,49.02421827622832,49.046710751107945,49.00172580134869,49.02421827622832,49.046710751107945,48.979233326469064,48.979233326469064,49.046710751107945,49.02421827622832,49.046710751107945,49.046710751107945,49.00172580134869,49.046710751107945,48.979233326469064,48.979233326469064,49.00172580134869,49.02421827622832,49.00172580134869,49.00172580134869,49.046710751107945,49.046710751107945,48.979233326469064,49.046710751107945,49.00172580134869,49.046710751107945,49.00172580134869,48.979233326469064,49.02421827622832,49.02421827622832,49.046710751107945,48.979233326469064,49.02421827622832,48.979233326469064,49.00172580134869,49.00172580134869,48.979233326469064,49.02421827622832,49.046710751107945,49.046710751107945,48.979233326469064,49.00172580134869,49.00172580134869,49.02421827622832,49.00172580134869,49.00172580134869,49.00172580134869,49.046710751107945,49.046710751107945,49.00172580134869,49.046710751107945,49.00172580134869,49.02421827622832,49.046710751107945,49.046710751107945,48.979233326469064,49.046710751107945,49.046710751107945,49.02421827622832,48.979233326469064,49.00172580134869,49.046710751107945,49.046710751107945,49.00172580134869,49.046710751107945,48.979233326469064,49.00172580134869,49.02421827622832,48.979233326469064,48.979233326469064,49.00172580134869,48.979233326469064,48.979233326469064,49.046710751107945,49.00172580134869,48.979233326469064,49.00172580134869,48.979233326469064,49.00172580134869,49.02421827622832,49.046710751107945,49.02421827622832,49.00172580134869,48.979233326469064,49.046710751107945,49.00172580134869,49.02421827622832,48.979233326469064,49.00172580134869,49.02421827622832,49.00172580134869,49.046710751107945,49.046710751107945,48.979233326469064,49.02421827622832,49.046710751107945,49.02421827622832,49.02421827622832,49.02421827622832,49.046710751107945,49.00172580134869,48.979233326469064,48.979233326469064,49.02421827622832,49.00172580134869,49.02421827622832,49.02421827622832,48.979233326469064,49.00172580134869,49.00172580134869,49.02421827622832,48.979233326469064,49.00172580134869,49.046710751107945,49.02421827622832,49.02421827622832,49.00172580134869,49.046710751107945,49.00172580134869,49.02421827622832,48.979233326469064,48.979233326469064,49.02421827622832,49.00172580134869,49.046710751107945,49.046710751107945,49.00172580134869,49.046710751107945,48.979233326469064,49.00172580134869,49.046710751107945,49.046710751107945,49.00172580134869,49.02421827622832,49.046710751107945,49.00172580134869,49.00172580134869,49.00172580134869,49.046710751107945,49.046710751107945,49.00172580134869,49.046710751107945,49.00172580134869,49.046710751107945,49.02421827622832,49.046710751107945,49.00172580134869,49.02421827622832,49.046710751107945,49.02421827622832,49.046710751107945,48.979233326469064,48.979233326469064,49.046710751107945,49.00172580134869,49.02421827622832,49.02421827622832,48.979233326469064,49.046710751107945,48.979233326469064,49.02421827622832,49.02421827622832,48.979233326469064,49.00172580134869,49.046710751107945,49.02421827622832
49.01267992872513,49.035975706279025,49.01267992872513,48.98938415117123,48.98938415117123,49.035975706279025,48.98938415117123,48.966088373617325,48.966088373617325,49.01267992872513,48.966088373617325,48.966088373617325,49.035975706279025,48.966088373617325,49.01267992872513,48.966088373617325,48.98938415117123,48.966088373617325,48.98938415117123,48.966088373617325,49.01267992872513,49.01267992872513,48.966088373617325,48.98938415117123,48.966088373617325,48.98938415117123,49.01267992872513,49.035975706279025,48.98938415117123,48.966088373617325,48.966088373617325,48.98938415117123,49.035975706279025,48.98938415117123,48.966088373617325,48.98938415117123,48.98938415117123,48.98938415117123,48.966088373617325,49.035975706279025,48.98938415117123,48.98938415117123,48.98938415117123,48.966088373617325,48.98938415117123,49.035975706279025,49.035975706279025,49.01267992872513,49.035975706279025,49.01267992872513,48.966088373617325,49.035975706279025,48.98938415117123,49.01267992872513,49.01267992872513,49.01267992872513,48.966088373617325,48.966088373617325,48.966088373617325,48.98938415117123,49.01267992872513,48.966088373617325,48.98938415117123,49.035975706279025,48.966088373617325,48.98938415117123,48.98938415117123,49.01267992872513,49.01267992872513,48.966088373617325,49.01267992872513,49.035975706279025,48.966088373617325,48.966088373617325,49.035975706279025,49.01267992872513,48.98938415117123,48.98938415117123,49.01267992872513,49.01267992872513,49.035975706279025,49.01267992872513,48.98938415117123,48.98938415117123,49.01267992872513,49.01267992872513,48.966088373617325,49.01267992872513,48.98938415117123,49.035975706279025,49.01267992872513,48.966088373617325,49.01267992872513,48.966088373617325,49.01267992872513,48.98938415117123,48.966088373617325,49.035975706279025,48.98938415117123,48.966088373617325,49.035975706279025,49.035975706279025,48.966088373617325,48.98938415117123,49.01267992872513,48.966088373617325,49.01267992872513,49.035975706279025,49.01267992872513,49.01267992872513,48.98938415117123,49.035975706279025,48.966088373617325,49.035975706279025,49.01267992872513,49.035975706279025,48.966088373617325,49.01267992872513,48.98938415117123,49.035975706279025,49.035975706279025,48.98938415117123,49.01267992872513,49.035975706279025,49.035975706279025,49.01267992872513,48.98938415117123,49.01267992872513,49.01267992872513,48.966088373617325,48.98938415117123,48.98938415117123,49.035975706279025,49.01267992872513,49.01267992872513,48.966088373617325,49.035975706279025,49.035975706279025,49.01267992872513,48.966088373617325,48.966088373617325,48.966088373617325,48.98938415117123,49.01267992872513,48.98938415117123,49.01267992872513,49.01267992872513,48.98938415117123,49.035975706279025,49.035975706279025,49.035975706279025,48.966088373617325,48.98938415117123,49.035975706279025,49.01267992872513,49.01267992872513,48.98938415117123,48.966088373617325,48.966088373617325,49.01267992872513,48.98938415117123,48.966088373617325,49.035975706279025,48.966088373617325,49.035975706279025,49.01267992872513,48.98938415117123,48.98938415117123,49.035975706279025,49.01267992872513,49.035975706279025,49.035975706279025,48.98938415117123,49.01267992872513,48.966088373617325,49.035975706279025,49.035975706279025,49.035975706279025,49.01267992872513,49.035975706279025,49.035975706279025,48.98938415117123,49.035975706279025,48.966088373617325,48.98938415117123,48.98938415117123,49.01267992872513,49.035975706279025,49.035975706279025,48.98938415117123,48.966088373617325,49.035975706279025,49.035975706279025,49.01267992872513,48.98938415117123,48.98938415117123,48.98938415117123,48.98938415117123,48.966088373617325,49.035975706279025
49.02524066145012,49.02524066145012,49.02524066145012,48.9529434207656,49.001141581221944,49.02524066145012,49.001141581221944,48.97704250099377,48.97704250099377,49.001141581221944,48.9529434207656,48.97704250099377,48.97704250099377,49.001141581221944,48.97704250099377,48.9529434207656,49.02524066145012,48.9529434207656,48.9529434207656,49.02524066145012,48.9529434207656,49.02524066145012,48.97704250099377,48.97704250099377,48.97704250099377,48.97704250099377,48.97704250099377,49.02524066145012,49.02524066145012,49.001141581221944,48.9529434207656,49.001141581221944,48.97704250099377,48.9529434207656,49.001141581221944,48.9529434207656,48.97704250099377,49.001141581221944,48.97704250099377,48.9529434207656,49.001141581221944,49.02524066145012,49.02524066145012,49.02524066145012,48.9529434207656,49.001141581221944,49.02524066145012,48.9529434207656,49.02524066145012,49.02524066145012,48.9529434207656,49.001141581221944,48.9529434207656,48.9529434207656,49.001141581221944,48.9529434207656,49.001141581221944,48.97704250099377,49.02524066145012,48.97704250099377,49.02524066145012,48.97704250099377,49.001141581221944,49.001141581221944,48.9529434207656,49.02524066145012,48.97704250099377,48.97704250099377,48.97704250099377,48.9529434207656,48.97704250099377,48.97704250099377,48.9529434207656,49.001141581221944,48.9529434207656,49.02524066145012,49.02524066145012,49.02524066145012,49.001141581221944,49.02524066145012,48.97704250099377,49.02524066145012,48.97704250099377,48.97704250099377,49.02524066145012,49.02524066145012,48.9529434207656,49.02524066145012,48.9529434207656,48.9529434207656,48.97704250099377,48.9529434207656,48.97704250099377,49.001141581221944,48.9529434207656,48.97704250099377,48.97704250099377,49.02524066145012,49.001141581221944,48.9529434207656,48.9529434207656,48.9529434207656,48.9529434207656,49.02524066145012,48.97704250099377,48.97704250099377,48.9529434207656,49.001141581221944,48.97704250099377,49.02524066145012,48.97704250099377,48.97704250099377,49.001141581221944,49.02524066145012,49.02524066145012,48.9529434207656,49.001141581221944,48.97704250099377,48.97704250099377,48.97704250099377,48.9529434207656,48.9529434207656,49.02524066145012,49.02524066145012,49.001141581221944,48.97704250099377,48.97704250099377,49.02524066145012,48.97704250099377,49.001141581221944,48.9529434207656,48.9529434207656,48.9529434207656,48.9529434207656,48.97704250099377,48.9529434207656,49.02524066145012,48.97704250099377,49.02524066145012,49.001141581221944,49.02524066145012,49.02524066145012,48.9529434207656,48.97704250099377,48.9529434207656,49.001141581221944,48.97704250099377,49.001141581221944,48.9529434207656,48.9529434207656,49.001141581221944,49.02524066145012,49.02524066145012,49.001141581221944,48.97704250099377,48.9529434207656,49.001141581221944,49.001141581221944,49.001141581221944,49.001141581221944,49.02524066145012,48.9529434207656,49.001141581221944,49.02524066145012,49.02524066145012,48.97704250099377,49.02524066145012,49.001141581221944,49.02524066145012,48.9529434207656,48.9529434207656,48.9529434207656,49.02524066145012,48.97704250099377,48.97704250099377,48.9529434207656,48.9529434207656,49.02524066145012,48.97704250099377,48.9529434207656,49.001141581221944,49.001141581221944,48.97704250099377,49.001141581221944,49.001141581221944,49.001141581221944,49.001141581221944,48.97704250099377,49.02524066145012,49.001141581221944,49.02524066145012,48.9529434207656,48.97704250099377,48.97704250099377,49.001141581221944,48.9529434207656,48.9529434207656,48.9529434207656,48.9529434207656,49.02524066145012
48.96470085081631,48.96470085081631,48.93979846791387,49.01450561662121,48.98960323371876,49.01450561662121,48.93979846791387,49.01450561662121,49.01450561662121,49.01450561662121,48.96470085081631,49.01450561662121,49.01450561662121,49.01450561662121,48.98960323371876,48.96470085081631,48.93979846791387,49.01450561662121,49.01450561662121,48.96470085081631,49.01450561662121,48.96470085081631,48.93979846791387,48.98960323371876,48.93979846791387,48.96470085081631,48.96470085081631,49.01450561662121,49.01450561662121,48.98960323371876,48.98960323371876,48.93979846791387,48.96470085081631,48.93979846791387,48.98960323371876,49.01450561662121,49.01450561662121,48.96470085081631,48.96470085081631,48.98960323371876,48.98960323371876,48.96470085081631,49.01450561662121,48.98960323371876,48.98960323371876,48.93979846791387,48.96470085081631,48.96470085081631,48.96470085081631,48.93979846791387,48.96470085081631,48.93979846791387,49.01450561662121,48.98960323371876,48.96470085081631,48.96470085081631,49.01450561662121,48.98960323371876,48.96470085081631,48.93979846791387,49.01450561662121,48.93979846791387,48.98960323371876,48.93979846791387,48.96470085081631,49.01450561662121,49.01450561662121,48.98960323371876,48.96470085081631,48.96470085081631,48.93979846791387,48.96470085081631,49.01450561662121,48.96470085081631,48.98960323371876,48.93979846791387,48.93979846791387,49.01450561662121,48.96470085081631,48.98960323371876,48.93979846791387,49.01450561662121,48.96470085081631,48.93979846791387,48.93979846791387,48.93979846791387,48.96470085081631,48.96470085081631,48.96470085081631,49.01450561662121,48.98960323371876,48.96470085081631,48.93979846791387,48.93979846791387,48.98960323371876,48.98960323371876,49.01450561662121,48.96470085081631,49.01450561662121,48.98960323371876,48.96470085081631,48.96470085081631,48.96470085081631,48.93979846791387,48.98960323371876,49.01450561662121,48.98960323371876,48.96470085081631,49.01450561662121,48.98960323371876,49.01450561662121,48.98960323371876,48.98960323371876,48.98960323371876,48.98960323371876,48.98960323371876,48.98960323371876,48.98960323371876,48.96470085081631,48.96470085081631,48.96470085081631,48.93979846791387,49.01450561662121,49.01450561662121,48.93979846791387,48.93979846791387,48.96470085081631,48.98960323371876,49.01450561662121,48.96470085081631,49.01450561662121,48.98960323371876,48.93979846791387,48.98960323371876,49.01450561662121,48.98960323371876,48.93979846791387,48.96470085081631,49.01450561662121,49.01450561662121,48.93979846791387,48.93979846791387,48.98960323371876,48.93979846791387,48.98960323371876,49.01450561662121,48.96470085081631,48.93979846791387,49.01450561662121,48.98960323371876,48.96470085081631,48.96470085081631,48.96470085081631,48.96470085081631,48.93979846791387,49.01450561662121,48.96470085081631,48.96470085081631,48.93979846791387,48.93979846791387,48.98960323371876,48.96470085081631,49.01450561662121,48.96470085081631,48.93979846791387,48.98960323371876,48.98960323371876,48.98960323371876,49.01450561662121,48.96470085081631,48.93979846791387,48.93979846791387,48.98960323371876,48.98960323371876,49.01450561662121,48.93979846791387,49.01450561662121,48.98960323371876,49.01450561662121,48.93979846791387,48.93979846791387,48.93979846791387,48.93979846791387,48.96470085081631,48.96470085081631,48.93979846791387,48.98960323371876,49.01450561662121,48.96470085081631,48.96470085081631,48.93979846791387,48.96470085081631,48.98960323371876,48.96470085081631,48.93979846791387,48.93979846791387,48.98960323371876,48.98960323371876,48.98960323371876,49.01450561662121
49.00377057179229,49.00377057179229,48.97806488621556,48.97806488621556,49.00377057179229,49.00377057179229,48.952359200638845,48.97806488621556,48.92665351506212,48.97806488621556,48.97806488621556,49.00377057179229,48.952359200638845,49.00377057179229,48.92665351506212,48.952359200638845,49.00377057179229,48.97806488621556,49.00377057179229,49.00377057179229,48.97806488621556,49.00377057179229,48.92665351506212,48.92665351506212,48.92665351506212,48.952359200638845,48.92665351506212,48.952359200638845,48.97806488621556,48.92665351506212,48.92665351506212,48.97806488621556,48.92665351506212,48.952359200638845,48.952359200638845,48.952359200638845,49.00377057179229,48.952359200638845,48.92665351506212,48.97806488621556,49.00377057179229,48.97806488621556,49.00377057179229,48.92665351506212,48.92665351506212,48.952359200638845,48.92665351506212,48.92665351506212,48.92665351506212,48.92665351506212,48.97806488621556,48.952359200638845,48.952359200638845,48.92665351506212,48.952359200638845,48.92665351506212,48.92665351506212,48.92665351506212,49.00377057179229,49.00377057179229,48.97806488621556,48.92665351506212,49.00377057179229,48.952359200638845,48.92665351506212,49.00377057179229,49.00377057179229,48.92665351506212,48.92665351506212,48.97806488621556,48.97806488621556,48.952359200638845,48.952359200638845,48.952359200638845,49.00377057179229,48.92665351506212,49.00377057179229,48.97806488621556,49.00377057179229,48.97806488621556,48.92665351506212,49.00377057179229,49.00377057179229,48.952359200638845,48.92665351506212,48.952359200638845,48.97806488621556,49.00377057179229,48.952359200638845,48.92665351506212,49.00377057179229,48.952359200638845,48.92665351506212,48.92665351506212,48.952359200638845,48.97806488621556,48.97806488621556,48.97806488621556,48.97806488621556,49.00377057179229,48.952359200638845,48.92665351506212,48.92665351506212,48.92665351506212,48.92665351506212,48.92665351506212,48.952359200638845,48.952359200638845,48.952359200638845,48.97806488621556,48.97806488621556,48.952359200638845,48.952359200638845,49.00377057179229,48.92665351506212,48.952359200638845,49.00377057179229,48.92665351506212,48.952359200638845,49.00377057179229,48.97806488621556,48.952359200638845,48.97806488621556,48.97806488621556,48.92665351506212,48.92665351506212,48.92665351506212,49.00377057179229,49.00377057179229,48.97806488621556,49.00377057179229,48.92665351506212,48.97806488621556,48.952359200638845,49.00377057179229,48.952359200638845,49.00377057179229,48.952359200638845,48.92665351506212,48.97806488621556,49.00377057179229,48.92665351506212,49.00377057179229,48.97806488621556,49.00377057179229,48.92665351506212,48.92665351506212,48.92665351506212,48.92665351506212,48.97806488621556,48.92665351506212,48.97806488621556,48.92665351506212,48.952359200638845,48.952359200638845,49.00377057179229,48.952359200638845,48.92665351506212,48.92665351506212,48.92665351506212,48.97806488621556,48.97806488621556,49.00377057179229,48.97806488621556,48.97806488621556,48.952359200638845,48.92665351506212,49.00377057179229,49.00377057179229,48.97806488621556,49.00377057179229,49.00377057179229,49.00377057179229,48.952359200638845,48.952359200638845,48.92665351506212,48.97806488621556,48.92665351506212,48.97806488621556,48.97806488621556,48.952359200638845,48.97806488621556,49.00377057179229,49.00377057179229,49.00377057179229,48.97806488621556,48.97806488621556,48.92665351506212,48.92665351506212,48.92665351506212,48.92665351506212,49.00377057179229,48.952359200638845,48.952359200638845,49.00377057179229,49.00377057179229,48.97806488621556,48.97806488621556,49.00377057179229,48.92665351506212
48.966526538712394,48.940017550461384,48.966526538712394,48.913508562210396,48.966526538712394,48.99303552696338,48.966526538712394,48.99303552696338,48.966526538712394,48.940017550461384,48.99303552696338,48.913508562210396,48.99303552696338,48.913508562210396,48.940017550461384,48.913508562210396,48.940017550461384,48.966526538712394,48.99303552696338,48.913508562210396,48.913508562210396,48.966526538712394,48.99303552696338,48.99303552696338,48.913508562210396,48.99303552696338,48.940017550461384,48.913508562210396,48.940017550461384,48.99303552696338,48.99303552696338,48.966526538712394,48.940017550461384,48.913508562210396,48.966526538712394,48.913508562210396,48.966526538712394,48.99303552696338,48.99303552696338,48.966526538712394,48.913508562210396,48.940017550461384,48.940017550461384,48.966526538712394,48.966526538712394,48.913508562210396,48.913508562210396,48.99303552696338,48.99303552696338,48.966526538712394,48.940017550461384,48.940017550461384,48.966526538712394,48.966526538712394,48.913508562210396,48.940017550461384,48.966526538712394,48.99303552696338,48.940017550461384,48.966526538712394,48.966526538712394,48.913508562210396,48.913508562210396,48.99303552696338,48.966526538712394,48.940017550461384,48.913508562210396,48.966526538712394,48.99303552696338,48.99303552696338,48.99303552696338,48.99303552696338,48.99303552696338,48.99303552696338,48.940017550461384,48.940017550461384,48.99303552696338,48.99303552696338,48.99303552696338,48.966526538712394,48.913508562210396,48.940017550461384,48.940017550461384,48.99303552696338,48.99303552696338,48.913508562210396,48.99303552696338,48.966526538712394,48.940017550461384,48.913508562210396,48.940017550461384,48.940017550461384,48.966526538712394,48.99303552696338,48.913508562210396,48.913508562210396,48.940017550461384,48.940017550461384,48.966526538712394,48.940017550461384,48.940017550461384,48.940017550461384,48.940017550461384,48.966526538712394,48.940017550461384,48.940017550461384,48.940017550461384,48.913508562210396,48.966526538712394,48.99303552696338,48.99303552696338,48.913508562210396,48.99303552696338,48.913508562210396,48.913508562210396,48.940017550461384,48.940017550461384,48.913508562210396,48.99303552696338,48.913508562210396,48.966526538712394,48.913508562210396,48.940017550461384,48.913508562210396,48.940017550461384,48.99303552696338,48.913508562210396,48.913508562210396,48.940017550461384,48.913508562210396,48.913508562210396,48.99303552696338,48.966526538712394,48.99303552696338,48.940017550461384,48.966526538712394,48.99303552696338,48.940017550461384,48.913508562210396,48.966526538712394,48.99303552696338,48.966526538712394,48.940017550461384,48.966526538712394,48.940017550461384,48.940017550461384,48.99303552696338,48.966526538712394,48.940017550461384,48.940017550461384,48.99303552696338,48.966526538712394,48.966526538712394,48.940017550461384,48.99303552696338,48.913508562210396,48.99303552696338,48.99303552696338,48.913508562210396,48.913508562210396,48.966526538712394,48.966526538712394,48.966526538712394,48.99303552696338,48.99303552696338,48.99303552696338,48.940017550461384,48.99303552696338,48.940017550461384,48.966526538712394,48.913508562210396,48.99303552696338,48.913508562210396,48.913508562210396,48.99303552696338,48.940017550461384,48.940017550461384,48.966526538712394,48.940017550461384,48.966526538712394,48.940017550461384,48.913508562210396,48.966526538712394,48.966526538712394,48.99303552696338,48.966526538712394,48.913508562210396,48.913508562210396,48.940017550461384,48.99303552696338,48.99303552696338,48.913508562210396,48.913508562210396,48.940017550461384,48.966526538712394,48.966526538712394,48.966526538712394,48.913508562210396,48.940017550461384,48.99303552696338
48.98230048213446,48.90036360935866,48.90036360935866,48.90036360935866,48.954988191209196,48.92767590028394,48.98230048213446,48.90036360935866,48.90036360935866,48.954988191209196,48.954988191209196,48.954988191209196,48.98230048213446,48.92767590028394,48.98230048213446,48.98230048213446,48.90036360935866,48.98230048213446,48.90036360935866,48.98230048213446,48.90036360935866,48.90036360935866,48.92767590028394,48.90036360935866,48.92767590028394,48.92767590028394,48.92767590028394,48.98230048213446,48.98230048213446,48.98230048213446,48.954988191209196,48.98230048213446,48.954988191209196,48.92767590028394,48.92767590028394,48.92767590028394,48.90036360935866,48.954988191209196,48.954988191209196,48.90036360935866,48.954988191209196,48.90036360935866,48.954988191209196,48.90036360935866,48.90036360935866,48.98230048213446,48.954988191209196,48.92767590028394,48.98230048213446,48.90036360935866,48.90036360935866,48.954988191209196,48.92767590028394,48.92767590028394,48.92767590028394,48.98230048213446,48.98230048213446,48.98230048213446,48.92767590028394,48.98230048213446,48.954988191209196,48.90036360935866,48.92767590028394,48.98230048213446,48.954988191209196,48.98230048213446,48.90036360935866,48.90036360935866,48.92767590028394,48.92767590028394,48.954988191209196,48.92767590028394,48.98230048213446,48.90036360935866,48.954988191209196,48.954988191209196,48.90036360935866,48.954988191209196,48.90036360935866,48.954988191209196,48.90036360935866,48.92767590028394,48.92767590028394,48.90036360935866,48.954988191209196,48.92767590028394,48.90036360935866,48.92767590028394,48.954988191209196,48.92767590028394,48.954988191209196,48.92767590028394,48.90036360935866,48.98230048213446,48.90036360935866,48.954988191209196,48.954988191209196,48.98230048213446,48.98230048213446,48.92767590028394,48.92767590028394,48.954988191209196,48.98230048213446,48.92767590028394,48.92767590028394,48.954988191209196,48.954988191209196,48.954988191209196,48.954988191209196,48.954988191209196,48.92767590028394,48.98230048213446,48.92767590028394,48.954988191209196,48.98230048213446,48.92767590028394,48.98230048213446,48.98230048213446,48.92767590028394,48.954988191209196,48.92767590028394,48.98230048213446,48.954988191209196,48.90036360935866,48.98230048213446,48.92767590028394,48.90036360935866,48.954988191209196,48.90036360935866,48.92767590028394,48.92767590028394,48.98230048213446,48.98230048213446,48.92767590028394,48.98230048213446,48.98230048213446,48.90036360935866,48.90036360935866,48.92767590028394,48.98230048213446,48.954988191209196,48.90036360935866,48.90036360935866,48.954988191209196,48.98230048213446,48.90036360935866,48.98230048213446,48.90036360935866,48.92767590028394,48.92767590028394,48.92767590028394,48.954988191209196,48.954988191209196,48.954988191209196,48.90036360935866,48.92767590028394,48.92767590028394,48.954988191209196,48.954988191209196,48.98230048213446,48.98230048213446,48.92767590028394,48.954988191209196,48.92767590028394,48.98230048213446,48.98230048213446,48.954988191209196,48.954988191209196,48.92767590028394,48.98230048213446,48.954988191209196,48.954988191209196,48.954988191209196,48.954988191209196,48.90036360935866,48.90036360935866,48.90036360935866,48.98230048213446,48.92767590028394,48.98230048213446,48.954988191209196,48.98230048213446,48.90036360935866,48.954988191209196,48.92767590028394,48.92767590028394,48.954988191209196,48.98230048213446,48.98230048213446,48.98230048213446,48.92767590028394,48.954988191209196,48.92767590028394,48.98230048213446,48.954988191209196,48.98230048213446,48.954988191209196,48.954988191209196,48.954988191209196,48.954988191209196
48.88721865650693,48.88721865650693,48.915334250106476,48.915334250106476,48.915334250106476,48.915334250106476,48.97156543730555,48.97156543730555,48.943449843706006,48.915334250106476,48.915334250106476,48.88721865650693,48.97156543730555,48.915334250106476,48.97156543730555,48.97156543730555,48.88721865650693,48.943449843706006,48.88721865650693,48.88721865650693,48.88721865650693,48.943449843706006,48.97156543730555,48.915334250106476,48.915334250106476,48.915334250106476,48.943449843706006,48.88721865650693,48.88721865650693,48.915334250106476,48.915334250106476,48.943449843706006,48.97156543730555,48.97156543730555,48.943449843706006,48.97156543730555,48.943449843706006,48.943449843706006,48.97156543730555,48.97156543730555,48.88721865650693,48.88721865650693,48.943449843706006,48.943449843706006,48.88721865650693,48.88721865650693,48.943449843706006,48.88721865650693,48.943449843706006,48.88721865650693,48.88721865650693,48.943449843706006,48.915334250106476,48.97156543730555,48.915334250106476,48.915334250106476,48.97156543730555,48.943449843706006,48.943449843706006,48.915334250106476,48.88721865650693,48.915334250106476,48.88721865650693,48.88721865650693,48.97156543730555,48.97156543730555,48.88721865650693,48.88721865650693,48.943449843706006,48.943449843706006,48.915334250106476,48.88721865650693,48.97156543730555,48.88721865650693,48.88721865650693,48.97156543730555,48.97156543730555,48.943449843706006,48.97156543730555,48.943449843706006,48.943449843706006,48.915334250106476,48.943449843706006,48.97156543730555,48.915334250106476,48.943449843706006,48.943449843706006,48.943449843706006,48.915334250106476,48.915334250106476,48.943449843706006,48.915334250106476,48.88721865650693,48.88721865650693,48.97156543730555,48.88721865650693,48.915334250106476,48.97156543730555,48.915334250106476,48.943449843706006,48.97156543730555,48.88721865650693,48.943449843706006,48.915334250106476,48.915334250106476,48.97156543730555,48.88721865650693,48.88721865650693,48.88721865650693,48.915334250106476,48.915334250106476,48.97156543730555,48.943449843706006,48.97156543730555,48.915334250106476,48.915334250106476,48.915334250106476,48.88721865650693,48.88721865650693,48.97156543730555,48.88721865650693,48.88721865650693,48.88721865650693,48.915334250106476,48.97156543730555,48.97156543730555,48.915334250106476,48.915334250106476,48.97156543730555,48.88721865650693,48.88721865650693,48.915334250106476,48.915334250106476,48.97156543730555,48.97156543730555,48.97156543730555,48.97156543730555,48.88721865650693,48.915334250106476,48.88721865650693,48.97156543730555,48.88721865650693,48.88721865650693,48.915334250106476,48.943449843706006,48.943449843706006,48.943449843706006,48.915334250106476,48.97156543730555,48.97156543730555,48.943449843706006,48.97156543730555,48.88721865650693,48.943449843706006,48.915334250106476,48.943449843706006,48.943449843706006,48.88721865650693,48.915334250106476,48.97156543730555,48.97156543730555,48.915334250106476,48.915334250106476,48.88721865650693,48.943449843706006,48.915334250106476,48.943449843706006,48.915334250106476,48.88721865650693,48.943449843706006,48.88721865650693,48.97156543730555,48.943449843706006,48.97156543730555,48.97156543730555,48.97156543730555,48.915334250106476,48.915334250106476,48.88721865650693,48.915334250106476,48.915334250106476,48.943449843706006,48.88721865650693,48.88721865650693,48.915334250106476,48.88721865650693,48.915334250106476,48.943449843706006,48.88721865650693,48.88721865650693,48.943449843706006,48.915334250106476,48.943449843706006,48.915334250106476,48.943449843706006,48.943449843706006,48.915334250106476,48.943449843706006,48.943449843706006,48.88721865650693
48.93191149620283,48.93191149620283,48.93191149620283,48.8740737036552,48.8740737036552,48.902992599929014,48.96083039247663,48.96083039247663,48.93191149620283,48.96083039247663,48.93191149620283,48.93191149620283,48.8740737036552,48.8740737036552,48.8740737036552,48.93191149620283,48.8740737036552,48.902992599929014,48.8740737036552,48.93191149620283,48.8740737036552,48.8740737036552,48.902992599929014,48.902992599929014,48.93191149620283,48.8740737036552,48.8740737036552,48.8740737036552,48.8740737036552,48.93191149620283,48.8740737036552,48.8740737036552,48.8740737036552,48.93191149620283,48.902992599929014,48.8740737036552,48.93191149620283,48.8740737036552,48.902992599929014,48.902992599929014,48.902992599929014,48.93191149620283,48.8740737036552,48.93191149620283,48.8740737036552,48.96083039247663,48.8740737036552,48.8740737036552,48.8740737036552,48.96083039247663,48.93191149620283,48.902992599929014,48.8740737036552,48.96083039247663,48.8740737036552,48.8740737036552,48.93191149620283,48.96083039247663,48.8740737036552,48.93191149620283,48.93191149620283,48.902992599929014,48.96083039247663,48.96083039247663,48.902992599929014,48.93191149620283,48.8740737036552,48.96083039247663,48.8740737036552,48.96083039247663,48.8740737036552,48.96083039247663,48.96083039247663,48.8740737036552,48.8740737036552,48.902992599929014,48.96083039247663,48.96083039247663,48.8740737036552,48.902992599929014,48.96083039247663,48.96083039247663,48.93191149620283,48.902992599929014,48.8740737036552,48.96083039247663,48.96083039247663,48.93191149620283,48.902992599929014,48.902992599929014,48.902992599929014,48.93191149620283,48.93191149620283,48.902992599929014,48.8740737036552,48.8740737036552,48.96083039247663,48.96083039247663,48.96083039247663,48.902992599929014,48.96083039247663,48.96083039247663,48.96083039247663,48.96083039247663,48.8740737036552,48.93191149620283,48.8740737036552,48.93191149620283,48.96083039247663,48.8740737036552,48.902992599929014,48.8740737036552,48.8740737036552,48.96083039247663,48.96083039247663,48.93191149620283,48.96083039247663,48.93191149620283,48.96083039247663,48.96083039247663,48.8740737036552,48.93191149620283,48.8740737036552,48.93191149620283,48.8740737036552,48.96083039247663,48.8740737036552,48.96083039247663,48.93191149620283,48.8740737036552,48.902992599929014,48.902992599929014,48.902992599929014,48.8740737036552,48.93191149620283,48.902992599929014,48.902992599929014,48.8740737036552,48.8740737036552,48.93191149620283,48.8740737036552,48.8740737036552,48.93191149620283,48.93191149620283,48.96083039247663,48.902992599929014,48.902992599929014,48.902992599929014,48.93191149620283,48.902992599929014,48.96083039247663,48.96083039247663,48.96083039247663,48.96083039247663,48.902992599929014,48.96083039247663,48.8740737036552,48.96083039247663,48.96083039247663,48.902992599929014,48.93191149620283,48.93191149620283,48.93191149620283,48.96083039247663,48.93191149620283,48.8740737036552,48.96083039247663,48.93191149620283,48.8740737036552,48.93191149620283,48.902992599929014,48.902992599929014,48.902992599929014,48.902992599929014,48.8740737036552,48.902992599929014,48.8740737036552,48.8740737036552,48.902992599929014,48.96083039247663,48.93191149620283,48.96083039247663,48.8740737036552,48.902992599929014,48.902992599929014,48.902992599929014,48.93191149620283,48.96083039247663,48.96083039247663,48.902992599929014,48.8740737036552,48.96083039247663,48.93191149620283,48.93191149620283,48.93191149620283,48.96083039247663,48.8740737036552,48.96083039247663,48.902992599929014,48.96083039247663
48.89065094975155,48.89065094975155,48.89065094975155,48.89065094975155,48.89065094975155,48.89065094975155,48.89065094975155,48.860928750803474,48.89065094975155,48.92037314869964,48.860928750803474,48.92037314869964,48.860928750803474,48.92037314869964,48.860928750803474,48.95009534764772,48.89065094975155,48.89065094975155,48.89065094975155,48.89065094975155,48.92037314869964,48.92037314869964,48.95009534764772,48.95009534764772,48.89065094975155,48.89065094975155,48.860928750803474,48.860928750803474,48.92037314869964,48.860928750803474,48.95009534764772,48.860928750803474,48.89065094975155,48.89065094975155,48.92037314869964,48.89065094975155,48.92037314869964,48.95009534764772,48.860928750803474,48.860928750803474,48.860928750803474,48.95009534764772,48.860928750803474,48.95009534764772,48.95009534764772,48.860928750803474,48.89065094975155,48.92037314869964,48.89065094975155,48.95009534764772,48.89065094975155,48.860928750803474,48.860928750803474,48.95009534764772,48.860928750803474,48.860928750803474,48.92037314869964,48.92037314869964,48.89065094975155,48.92037314869964,48.89065094975155,48.95009534764772,48.89065094975155,48.860928750803474,48.89065094975155,48.89065094975155,48.860928750803474,48.89065094975155,48.89065094975155,48.89065094975155,48.95009534764772,48.92037314869964,48.860928750803474,48.89065094975155,48.95009534764772,48.89065094975155,48.860928750803474,48.92037314869964,48.860928750803474,48.89065094975155,48.860928750803474,48.92037314869964,48.860928750803474,48.95009534764772,48.89065094975155,48.860928750803474,48.860928750803474,48.95009534764772,48.89065094975155,48.92037314869964,48.89065094975155,48.92037314869964,48.92037314869964,48.860928750803474,48.89065094975155,48.89065094975155,48.92037314869964,48.95009534764772,48.95009534764772,48.89065094975155,48.92037314869964,48.860928750803474,48.89065094975155,48.92037314869964,48.860928750803474,48.95009534764772,48.89065094975155,48.92037314869964,48.89065094975155,48.92037314869964,48.860928750803474,48.95009534764772,48.89065094975155,48.95009534764772,48.95009534764772,48.860928750803474,48.92037314869964,48.89065094975155,48.89065094975155,48.89065094975155,48.95009534764772,48.95009534764772,48.89065094975155,48.860928750803474,48.860928750803474,48.95009534764772,48.89065094975155,48.92037314869964,48.89065094975155,48.92037314869964,48.89065094975155,48.860928750803474,48.95009534764772,48.89065094975155,48.860928750803474,48.89065094975155,48.860928750803474,48.89065094975155,48.89065094975155,48.95009534764772,48.95009534764772,48.860928750803474,48.95009534764772,48.95009534764772,48.95009534764772,48.860928750803474,48.89065094975155,48.860928750803474,48.92037314869964,48.860928750803474,48.95009534764772,48.860928750803474,48.860928750803474,48.95009534764772,48.89065094975155,48.860928750803474,48.89065094975155,48.860928750803474,48.95009534764772,48.89065094975155,48.95009534764772,48.92037314869964,48.860928750803474,48.95009534764772,48.95009534764772,48.92037314869964,48.860928750803474,48.89065094975155,48.92037314869964,48.860928750803474,48.95009534764772,48.92037314869964,48.89065094975155,48.92037314869964,48.92037314869964,48.89065094975155,48.89065094975155,48.95009534764772,48.860928750803474,48.89065094975155,48.89065094975155,48.860928750803474,48.95009534764772,48.89065094975155,48.95009534764772,48.860928750803474,48.89065094975155,48.92037314869964,48.95009534764772,48.89065094975155,48.95009534764772,48.95009534764772,48.89065094975155,48.89065094975155,48.95009534764772,48.860928750803474,48.92037314869964,48.95009534764772,48.89065094975155,48.89065094975155
48.847783797951735,48.847783797951735,48.847783797951735,48.939360302818805,48.847783797951735,48.87830929957409,48.847783797951735,48.939360302818805,48.90883480119644,48.90883480119644,48.87830929957409,48.847783797951735,48.87830929957409,48.87830929957409,48.847783797951735,48.939360302818805,48.87830929957409,48.90883480119644,48.847783797951735,48.939360302818805,48.847783797951735,48.87830929957409,48.87830929957409,48.847783797951735,48.847783797951735,48.87830929957409,48.939360302818805,48.847783797951735,48.87830929957409,48.87830929957409,48.939360302818805,48.847783797951735,48.939360302818805,48.939360302818805,48.939360302818805,48.847783797951735,48.847783797951735,48.847783797951735,48.90883480119644,48.90883480119644,48.847783797951735,48.90883480119644,48.87830929957409,48.847783797951735,48.847783797951735,48.939360302818805,48.847783797951735,48.939360302818805,48.847783797951735,48.87830929957409,48.87830929957409,48.847783797951735,48.847783797951735,48.90883480119644,48.90883480119644,48.847783797951735,48.90883480119644,48.847783797951735,48.939360302818805,48.847783797951735,48.939360302818805,48.847783797951735,48.847783797951735,48.90883480119644,48.847783797951735,48.87830929957409,48.87830929957409,48.939360302818805,48.939360302818805,48.87830929957409,48.87830929957409,48.847783797951735,48.90883480119644,48.87830929957409,48.847783797951735,48.90883480119644,48.90883480119644,48.847783797951735,48.939360302818805,48.847783797951735,48.87830929957409,48.939360302818805,48.90883480119644,48.87830929957409,48.847783797951735,48.87830929957409,48.847783797951735,48.939360302818805,48.90883480119644,48.90883480119644,48.847783797951735,48.87830929957409,48.90883480119644,48.939360302818805,48.90883480119644,48.939360302818805,48.90883480119644,48.847783797951735,48.847783797951735,48.847783797951735,48.87830929957409,48.939360302818805,48.90883480119644,48.87830929957409,48.847783797951735,48.939360302818805,48.87830929957409,48.939360302818805,48.847783797951735,48.90883480119644,48.87830929957409,48.939360302818805,48.939360302818805,48.939360302818805,48.87830929957409,48.87830929957409,48.847783797951735,48.90883480119644,48.847783797951735,48.847783797951735,48.847783797951735,48.847783797951735,48.939360302818805,48.87830929957409,48.90883480119644,48.939360302818805,48.847783797951735,48.939360302818805,48.90883480119644,48.87830929957409,48.90883480119644,48.847783797951735,48.90883480119644,48.87830929957409,48.939360302818805,48.90883480119644,48.939360302818805,48.939360302818805,48.90883480119644,48.847783797951735,48.847783797951735,48.90883480119644,48.939360302818805,48.939360302818805,48.87830929957409,48.87830929957409,48.90883480119644,48.90883480119644,48.87830929957409,48.87830929957409,48.939360302818805,48.90883480119644,48.939360302818805,48.87830929957409,48.87830929957409,48.90883480119644,48.90883480119644,48.87830929957409,48.90883480119644,48.939360302818805,48.90883480119644,48.847783797951735,48.939360302818805,48.87830929957409,48.87830929957409,48.847783797951735,48.87830929957409,48.87830929957409,48.939360302818805,48.847783797951735,48.939360302818805,48.90883480119644,48.939360302818805,48.90883480119644,48.847783797951735,48.847783797951735,48.847783797951735,48.847783797951735,48.90883480119644,48.87830929957409,48.939360302818805,48.939360302818805,48.939360302818805,48.90883480119644,48.847783797951735,48.939360302818805,48.90883480119644,48.87830929957409,48.87830929957409,48.939360302818805,48.847783797951735,48.87830929957409,48.90883480119644,48.939360302818805,48.90883480119644,48.847783797951735,48.87830929957409,48.939360302818805,48.847783797951735,48.847783797951735
48.897296453693265,48.86596764939663,48.86596764939663,48.928625257989886,48.928625257989886,48.928625257989886,48.86596764939663,48.83463884510001,48.897296453693265,48.897296453693265,48.83463884510001,48.86596764939663,48.86596764939663,48.928625257989886,48.83463884510001,48.928625257989886,48.83463884510001,48.928625257989886,48.928625257989886,48.83463884510001,48.83463884510001,48.897296453693265,48.86596764939663,48.83463884510001,48.86596764939663,48.928625257989886,48.83463884510001,48.897296453693265,48.928625257989886,48.83463884510001,48.897296453693265,48.897296453693265,48.897296453693265,48.928625257989886,48.83463884510001,48.83463884510001,48.928625257989886,48.928625257989886,48.83463884510001,48.928625257989886,48.928625257989886,48.928625257989886,48.86596764939663,48.897296453693265,48.86596764939663,48.83463884510001,48.83463884510001,48.928625257989886,48.928625257989886,48.83463884510001,48.83463884510001,48.83463884510001,48.897296453693265,48.897296453693265,48.928625257989886,48.86596764939663,48.928625257989886,48.86596764939663,48.83463884510001,48.928625257989886,48.83463884510001,48.928625257989886,48.928625257989886,48.897296453693265,48.86596764939663,48.83463884510001,48.86596764939663,48.897296453693265,48.86596764939663,48.897296453693265,48.83463884510001,48.928625257989886,48.928625257989886,48.928625257989886,48.83463884510001,48.928625257989886,48.86596764939663,48.86596764939663,48.928625257989886,48.86596764939663,48.86596764939663,48.86596764939663,48.86596764939663,48.86596764939663,48.897296453693265,48.83463884510001,48.897296453693265,48.83463884510001,48.897296453693265,48.928625257989886,48.86596764939663,48.897296453693265,48.83463884510001,48.928625257989886,48.83463884510001,48.86596764939663,48.86596764939663,48.897296453693265,48.83463884510001,48.83463884510001,48.928625257989886,48.928625257989886,48.897296453693265,48.83463884510001,48.897296453693265,48.928625257989886,48.928625257989886,48.83463884510001,48.86596764939663,48.83463884510001,48.83463884510001,48.897296453693265,48.86596764939663,48.897296453693265,48.928625257989886,48.897296453693265,48.897296453693265,48.897296453693265,48.83463884510001,48.928625257989886,48.83463884510001,48.928625257989886,48.897296453693265,48.86596764939663,48.83463884510001,48.928625257989886,48.86596764939663,48.897296453693265,48.928625257989886,48.83463884510001,48.86596764939663,48.897296453693265,48.897296453693265,48.86596764939663,48.83463884510001,48.83463884510001,48.86596764939663,48.86596764939663,48.83463884510001,48.928625257989886,48.86596764939663,48.897296453693265,48.83463884510001,48.928625257989886,48.897296453693265,48.83463884510001,48.83463884510001,48.83463884510001,48.83463884510001,48.928625257989886,48.83463884510001,48.928625257989886,48.86596764939663,48.928625257989886,48.928625257989886,48.83463884510001,48.83463884510001,48.897296453693265,48.897296453693265,48.928625257989886,48.928625257989886,48.86596764939663,48.897296453693265,48.86596764939663,48.897296453693265,48.897296453693265,48.83463884510001,48.83463884510001,48.897296453693265,48.928625257989886,48.928625257989886,48.86596764939663,48.83463884510001,48.928625257989886,48.83463884510001,48.86596764939663,48.86596764939663,48.897296453693265,48.928625257989886,48.83463884510001,48.86596764939663,48.928625257989886,48.928625257989886,48.86596764939663,48.928625257989886,48.928625257989886,48.897296453693265,48.86596764939663,48.86596764939663,48.928625257989886,48.928625257989886,48.83463884510001,48.86596764939663,48.86596764939663,48.83463884510001,48.897296453693265,48.897296453693265,48.86596764939663,48.897296453693265,48.897296453693265
48.885758106190075,48.91789021316098,48.885758106190075,48.885758106190075,48.91789021316098,48.885758106190075,48.91789021316098,48.85362599921917,48.82149389224828,48.91789021316098,48.885758106190075,48.91789021316098,48.85362599921917,48.82149389224828,48.85362599921917,48.85362599921917,48.82149389224828,48.885758106190075,48.82149389224828,48.85362599921917,48.85362599921917,48.82149389224828,48.885758106190075,48.885758106190075,48.85362599921917,48.885758106190075,48.91789021316098,48.82149389224828,48.85362599921917,48.85362599921917,48.82149389224828,48.91789021316098,48.82149389224828,48.85362599921917,48.82149389224828,48.91789021316098,48.82149389224828,48.91789021316098,48.82149389224828,48.82149389224828,48.85362599921917,48.85362599921917,48.82149389224828,48.91789021316098,48.91789021316098,48.82149389224828,48.885758106190075,48.885758106190075,48.885758106190075,48.885758106190075,48.85362599921917,48.82149389224828,48.91789021316098,48.885758106190075,48.85362599921917,48.885758106190075,48.82149389224828,48.82149389224828,48.91789021316098,48.82149389224828,48.91789021316098,48.91789021316098,48.85362599921917,48.85362599921917,48.85362599921917,48.82149389224828,48.85362599921917,48.91789021316098,48.91789021316098,48.82149389224828,48.885758106190075,48.82149389224828,48.85362599921917,48.885758106190075,48.885758106190075,48.91789021316098,48.91789021316098,48.885758106190075,48.885758106190075,48.885758106190075,48.91789021316098,48.885758106190075,48.82149389224828,48.85362599921917,48.91789021316098,48.85362599921917,48.82149389224828,48.82149389224828,48.85362599921917,48.91789021316098,48.85362599921917,48.885758106190075,48.85362599921917,48.885758106190075,48.885758106190075,48.82149389224828,48.82149389224828,48.91789021316098,48.91789021316098,48.885758106190075,48.885758106190075,48.82149389224828,48.82149389224828,48.885758106190075,48.85362599921917,48.91789021316098,48.82149389224828,48.91789021316098,48.91789021316098,48.885758106190075,48.82149389224828,48.885758106190075,48.82149389224828,48.885758106190075,48.85362599921917,48.885758106190075,48.82149389224828,48.885758106190075,48.885758106190075,48.91789021316098,48.82149389224828,48.91789021316098,48.85362599921917,48.82149389224828,48.885758106190075,48.82149389224828,48.85362599921917,48.885758106190075,48.885758106190075,48.85362599921917,48.885758106190075,48.85362599921917,48.91789021316098,48.885758106190075,48.85362599921917,48.885758106190075,48.82149389224828,48.91789021316098,48.82149389224828,48.91789021316098,48.91789021316098,48.91789021316098,48.82149389224828,48.82149389224828,48.91789021316098,48.85362599921917,48.91789021316098,48.91789021316098,48.82149389224828,48.885758106190075,48.85362599921917,48.82149389224828,48.82149389224828,48.91789021316098,48.91789021316098,48.91789021316098,48.885758106190075,48.885758106190075,48.82149389224828,48.885758106190075,48.82149389224828,48.85362599921917,48.85362599921917,48.91789021316098,48.82149389224828,48.91789021316098,48.82149389224828,48.85362599921917,48.82149389224828,48.85362599921917,48.885758106190075,48.885758106190075,48.85362599921917,48.91789021316098,48.885758106190075,48.885758106190075,48.885758106190075,48.82149389224828,48.885758106190075,48.85362599921917,48.85362599921917,48.91789021316098,48.885758106190075,48.91789021316098,48.85362599921917,48.91789021316098,48.85362599921917,48.885758106190075,48.85362599921917,48.85362599921917,48.82149389224828,48.85362599921917,48.82149389224828,48.82149389224828,48.82149389224828,48.885758106190075,48.885758106190075,48.82149389224828,48.91789021316098,48.91789021316098
48.84128434904172,48.808348939396545,48.808348939396545,48.874219758686884,48.874219758686884,48.84128434904172,48.84128434904172,48.84128434904172,48.808348939396545,48.907155168332054,48.84128434904172,48.874219758686884,48.84128434904172,48.808348939396545,48.907155168332054,48.808348939396545,48.907155168332054,48.907155168332054,48.84128434904172,48.84128434904172,48.84128434904172,48.808348939396545,48.808348939396545,48.84128434904172,48.874219758686884,48.874219758686884,48.808348939396545,48.84128434904172,48.874219758686884,48.808348939396545,48.84128434904172,48.874219758686884,48.84128434904172,48.808348939396545,48.808348939396545,48.808348939396545,48.84128434904172,48.84128434904172,48.808348939396545,48.874219758686884,48.874219758686884,48.874219758686884,48.808348939396545,48.874219758686884,48.907155168332054,48.907155168332054,48.874219758686884,48.84128434904172,48.808348939396545,48.907155168332054,48.84128434904172,48.808348939396545,48.907155168332054,48.907155168332054,48.874219758686884,48.907155168332054,48.907155168332054,48.84128434904172,48.907155168332054,48.907155168332054,48.84128434904172,48.874219758686884,48.907155168332054,48.808348939396545,48.808348939396545,48.907155168332054,48.907155168332054,48.907155168332054,48.874219758686884,48.874219758686884,48.84128434904172,48.84128434904172,48.907155168332054,48.874219758686884,48.907155168332054,48.84128434904172,48.874219758686884,48.907155168332054,48.907155168332054,48.874219758686884,48.907155168332054,48.907155168332054,48.907155168332054,48.808348939396545,48.808348939396545,48.808348939396545,48.808348939396545,48.874219758686884,48.874219758686884,48.907155168332054,48.808348939396545,48.808348939396545,48.874219758686884,48.907155168332054,48.808348939396545,48.874219758686884,48.808348939396545,48.874219758686884,48.84128434904172,48.808348939396545,48.84128434904172,48.84128434904172,48.874219758686884,48.907155168332054,48.874219758686884,48.907155168332054,48.84128434904172,48.84128434904172,48.84128434904172,48.84128434904172,48.874219758686884,48.808348939396545,48.907155168332054,48.84128434904172,48.907155168332054,48.808348939396545,48.907155168332054,48.84128434904172,48.84128434904172,48.874219758686884,48.84128434904172,48.874219758686884,48.907155168332054,48.874219758686884,48.907155168332054,48.84128434904172,48.907155168332054,48.874219758686884,48.874219758686884,48.874219758686884,48.808348939396545,48.84128434904172,48.808348939396545,48.84128434904172,48.808348939396545,48.808348939396545,48.84128434904172,48.907155168332054,48.84128434904172,48.808348939396545,48.874219758686884,48.808348939396545,48.84128434904172,48.907155168332054,48.907155168332054,48.907155168332054,48.808348939396545,48.84128434904172,48.808348939396545,48.84128434904172,48.874219758686884,48.874219758686884,48.84128434904172,48.874219758686884,48.84128434904172,48.874219758686884,48.874219758686884,48.874219758686884,48.907155168332054,48.907155168332054,48.84128434904172,48.874219758686884,48.84128434904172,48.874219758686884,48.808348939396545,48.907155168332054,48.874219758686884,48.808348939396545,48.808348939396545,48.84128434904172,48.84128434904172,48.874219758686884,48.907155168332054,48.907155168332054,48.907155168332054,48.808348939396545,48.808348939396545,48.907155168332054,48.907155168332054,48.907155168332054,48.874219758686884,48.808348939396545,48.874219758686884,48.84128434904172,48.808348939396545,48.84128434904172,48.907155168332054,48.874219758686884,48.84128434904172,48.84128434904172,48.874219758686884,48.808348939396545,48.907155168332054,48.808348939396545,48.808348939396545,48.907155168332054,48.808348939396545,48.874219758686884,48.808348939396545,48.808348939396545
48.86268141118371,48.89642012350315,48.82894269886426,48.89642012350315,48.86268141118371,48.86268141118371,48.86268141118371,48.82894269886426,48.86268141118371,48.82894269886426,48.89642012350315,48.89642012350315,48.86268141118371,48.89642012350315,48.82894269886426,48.82894269886426,48.82894269886426,48.79520398654481,48.89642012350315,48.86268141118371,48.79520398654481,48.79520398654481,48.79520398654481,48.82894269886426,48.79520398654481,48.86268141118371,48.86268141118371,48.89642012350315,48.89642012350315,48.89642012350315,48.82894269886426,48.82894269886426,48.89642012350315,48.86268141118371,48.82894269886426,48.86268141118371,48.86268141118371,48.86268141118371,48.79520398654481,48.89642012350315,48.82894269886426,48.82894269886426,48.89642012350315,48.86268141118371,48.82894269886426,48.82894269886426,48.79520398654481,48.89642012350315,48.86268141118371,48.82894269886426,48.86268141118371,48.82894269886426,48.79520398654481,48.79520398654481,48.79520398654481,48.82894269886426,48.86268141118371,48.89642012350315,48.82894269886426,48.79520398654481,48.82894269886426,48.82894269886426,48.89642012350315,48.79520398654481,48.89642012350315,48.86268141118371,48.89642012350315,48.89642012350315,48.82894269886426,48.89642012350315,48.86268141118371,48.79520398654481,48.89642012350315,48.86268141118371,48.89642012350315,48.79520398654481,48.86268141118371,48.79520398654481,48.79520398654481,48.79520398654481,48.82894269886426,48.82894269886426,48.86268141118371,48.86268141118371,48.79520398654481,48.82894269886426,48.82894269886426,48.86268141118371,48.82894269886426,48.86268141118371,48.86268141118371,48.79520398654481,48.79520398654481,48.86268141118371,48.86268141118371,48.86268141118371,48.82894269886426,48.79520398654481,48.79520398654481,48.82894269886426,48.79520398654481,48.86268141118371,48.89642012350315,48.82894269886426,48.86268141118371,48.79520398654481,48.89642012350315,48.89642012350315,48.79520398654481,48.79520398654481,48.82894269886426,48.89642012350315,48.82894269886426,48.79520398654481,48.89642012350315,48.89642012350315,48.82894269886426,48.86268141118371,48.79520398654481,48.89642012350315,48.79520398654481,48.86268141118371,48.89642012350315,48.89642012350315,48.89642012350315,48.89642012350315,48.82894269886426,48.82894269886426,48.79520398654481,48.89642012350315,48.89642012350315,48.82894269886426,48.89642012350315,48.89642012350315,48.79520398654481,48.89642012350315,48.82894269886426,48.89642012350315,48.89642012350315,48.86268141118371,48.82894269886426,48.82894269886426,48.79520398654481,48.79520398654481,48.86268141118371,48.86268141118371,48.89642012350315,48.82894269886426,48.86268141118371,48.79520398654481,48.86268141118371,48.86268141118371,48.89642012350315,48.86268141118371,48.79520398654481,48.86268141118371,48.82894269886426,48.86268141118371,48.86268141118371,48.82894269886426,48.79520398654481,48.82894269886426,48.82894269886426,48.79520398654481,48.79520398654481,48.79520398654481,48.86268141118371,48.79520398654481,48.79520398654481,48.86268141118371,48.79520398654481,48.82894269886426,48.79520398654481,48.89642012350315,48.79520398654481,48.86268141118371,48.82894269886426,48.89642012350315,48.79520398654481,48.82894269886426,48.86268141118371,48.86268141118371,48.82894269886426,48.89642012350315,48.86268141118371,48.79520398654481,48.86268141118371,48.89642012350315,48.86268141118371,48.82894269886426,48.86268141118371,48.82894269886426,48.82894269886426,48.89642012350315,48.79520398654481,48.82894269886426,48.82894269886426,48.82894269886426,48.82894269886426,48.89642012350315
48.88568507867423,48.8166010486868,48.78205903369309,48.88568507867423,48.8166010486868,48.8166010486868,48.78205903369309,48.8166010486868,48.78205903369309,48.78205903369309,48.8166010486868,48.85114306368051,48.78205903369309,48.8166010486868,48.85114306368051,48.78205903369309,48.78205903369309,48.88568507867423,48.88568507867423,48.8166010486868,48.85114306368051,48.85114306368051,48.78205903369309,48.78205903369309,48.8166010486868,48.8166010486868,48.78205903369309,48.88568507867423,48.85114306368051,48.85114306368051,48.85114306368051,48.88568507867423,48.8166010486868,48.78205903369309,48.88568507867423,48.78205903369309,48.8166010486868,48.8166010486868,48.8166010486868,48.78205903369309,48.78205903369309,48.78205903369309,48.85114306368051,48.8166010486868,48.8166010486868,48.85114306368051,48.8166010486868,48.8166010486868,48.85114306368051,48.78205903369309,48.78205903369309,48.88568507867423,48.78205903369309,48.8166010486868,48.78205903369309,48.78205903369309,48.78205903369309,48.8166010486868,48.85114306368051,48.88568507867423,48.8166010486868,48.8166010486868,48.85114306368051,48.78205903369309,48.85114306368051,48.88568507867423,48.8166010486868,48.88568507867423,48.88568507867423,48.78205903369309,48.88568507867423,48.8166010486868,48.8166010486868,48.78205903369309,48.85114306368051,48.85114306368051,48.85114306368051,48.88568507867423,48.8166010486868,48.78205903369309,48.85114306368051,48.78205903369309,48.8166010486868,48.8166010486868,48.85114306368051,48.78205903369309,48.88568507867423,48.8166010486868,48.85114306368051,48.85114306368051,48.85114306368051,48.88568507867423,48.78205903369309,48.8166010486868,48.85114306368051,48.8166010486868,48.88568507867423,48.85114306368051,48.8166010486868,48.88568507867423,48.85114306368051,48.88568507867423,48.85114306368051,48.8166010486868,48.88568507867423,48.85114306368051,48.88568507867423,48.8166010486868,48.8166010486868,48.78205903369309,48.85114306368051,48.85114306368051,48.78205903369309,48.8166010486868,48.85114306368051,48.88568507867423,48.78205903369309,48.78205903369309,48.8166010486868,48.78205903369309,48.78205903369309,48.88568507867423,48.78205903369309,48.78205903369309,48.8166010486868,48.78205903369309,48.88568507867423,48.85114306368051,48.85114306368051,48.78205903369309,48.85114306368051,48.88568507867423,48.78205903369309,48.8166010486868,48.85114306368051,48.88568507867423,48.85114306368051,48.85114306368051,48.85114306368051,48.78205903369309,48.78205903369309,48.8166010486868,48.8166010486868,48.78205903369309,48.78205903369309,48.8166010486868,48.85114306368051,48.78205903369309,48.78205903369309,48.85114306368051,48.88568507867423,48.85114306368051,48.88568507867423,48.85114306368051,48.88568507867423,48.88568507867423,48.78205903369309,48.78205903369309,48.88568507867423,48.78205903369309,48.85114306368051,48.8166010486868,48.78205903369309,48.85114306368051,48.85114306368051,48.8166010486868,48.88568507867423,48.78205903369309,48.8166010486868,48.88568507867423,48.8166010486868,48.78205903369309,48.88568507867423,48.88568507867423,48.85114306368051,48.78205903369309,48.8166010486868,48.88568507867423,48.88568507867423,48.85114306368051,48.85114306368051,48.85114306368051,48.88568507867423,48.88568507867423,48.85114306368051,48.78205903369309,48.8166010486868,48.8166010486868,48.78205903369309,48.78205903369309,48.78205903369309,48.85114306368051,48.88568507867423,48.85114306368051,48.85114306368051,48.78205903369309,48.78205903369309,48.88568507867423,48.8166010486868,48.88568507867423
48.83960471617733,48.83960471617733,48.83960471617733,48.76891408084134,48.80425939850934,48.76891408084134,48.76891408084134,48.80425939850934,48.83960471617733,48.83960471617733,48.87495003384532,48.80425939850934,48.87495003384532,48.87495003384532,48.80425939850934,48.83960471617733,48.80425939850934,48.80425939850934,48.83960471617733,48.76891408084134,48.76891408084134,48.76891408084134,48.83960471617733,48.87495003384532,48.87495003384532,48.83960471617733,48.83960471617733,48.80425939850934,48.80425939850934,48.87495003384532,48.83960471617733,48.87495003384532,48.80425939850934,48.76891408084134,48.87495003384532,48.76891408084134,48.80425939850934,48.83960471617733,48.83960471617733,48.83960471617733,48.87495003384532,48.87495003384532,48.83960471617733,48.76891408084134,48.76891408084134,48.80425939850934,48.80425939850934,48.76891408084134,48.80425939850934,48.87495003384532,48.83960471617733,48.87495003384532,48.76891408084134,48.83960471617733,48.83960471617733,48.87495003384532,48.87495003384532,48.87495003384532,48.80425939850934,48.83960471617733,48.80425939850934,48.83960471617733,48.76891408084134,48.87495003384532,48.83960471617733,48.83960471617733,48.87495003384532,48.87495003384532,48.80425939850934,48.83960471617733,48.76891408084134,48.87495003384532,48.87495003384532,48.87495003384532,48.87495003384532,48.80425939850934,48.87495003384532,48.87495003384532,48.83960471617733,48.83960471617733,48.80425939850934,48.80425939850934,48.83960471617733,48.80425939850934,48.76891408084134,48.87495003384532,48.80425939850934,48.76891408084134,48.87495003384532,48.83960471617733,48.76891408084134,48.83960471617733,48.87495003384532,48.83960471617733,48.80425939850934,48.80425939850934,48.83960471617733,48.80425939850934,48.80425939850934,48.87495003384532,48.83960471617733,48.76891408084134,48.87495003384532,48.80425939850934,48.87495003384532,48.76891408084134,48.76891408084134,48.87495003384532,48.87495003384532,48.83960471617733,48.87495003384532,48.80425939850934,48.80425939850934,48.87495003384532,48.87495003384532,48.83960471617733,48.87495003384532,48.83960471617733,48.87495003384532,48.83960471617733,48.80425939850934,48.76891408084134,48.76891408084134,48.80425939850934,48.87495003384532,48.76891408084134,48.87495003384532,48.80425939850934,48.80425939850934,48.76891408084134,48.87495003384532,48.83960471617733,48.76891408084134,48.76891408084134,48.80425939850934,48.80425939850934,48.80425939850934,48.87495003384532,48.87495003384532,48.76891408084134,48.76891408084134,48.76891408084134,48.87495003384532,48.80425939850934,48.80425939850934,48.80425939850934,48.80425939850934,48.83960471617733,48.87495003384532,48.83960471617733,48.76891408084134,48.87495003384532,48.87495003384532,48.87495003384532,48.87495003384532,48.83960471617733,48.87495003384532,48.76891408084134,48.87495003384532,48.80425939850934,48.87495003384532,48.87495003384532,48.87495003384532,48.83960471617733,48.76891408084134,48.87495003384532,48.83960471617733,48.83960471617733,48.76891408084134,48.83960471617733,48.87495003384532,48.80425939850934,48.80425939850934,48.87495003384532,48.80425939850934,48.80425939850934,48.76891408084134,48.76891408084134,48.80425939850934,48.80425939850934,48.87495003384532,48.83960471617733,48.83960471617733,48.87495003384532,48.87495003384532,48.87495003384532,48.76891408084134,48.76891408084134,48.83960471617733,48.83960471617733,48.83960471617733,48.76891408084134,48.80425939850934,48.83960471617733,48.76891408084134,48.80425939850934,48.76891408084134,48.76891408084134,48.76891408084134,48.80425939850934
48.86421498901641,48.79191774833188,48.82806636867414,48.75576912798961,48.75576912798961,48.75576912798961,48.79191774833188,48.86421498901641,48.82806636867414,48.82806636867414,48.75576912798961,48.79191774833188,48.86421498901641,48.86421498901641,48.75576912798961,48.79191774833188,48.75576912798961,48.75576912798961,48.82806636867414,48.75576912798961,48.79191774833188,48.79191774833188,48.79191774833188,48.75576912798961,48.75576912798961,48.86421498901641,48.75576912798961,48.86421498901641,48.82806636867414,48.75576912798961,48.82806636867414,48.75576912798961,48.75576912798961,48.86421498901641,48.79191774833188,48.86421498901641,48.86421498901641,48.75576912798961,48.75576912798961,48.82806636867414,48.79191774833188,48.75576912798961,48.79191774833188,48.79191774833188,48.79191774833188,48.86421498901641,48.79191774833188,48.79191774833188,48.75576912798961,48.82806636867414,48.82806636867414,48.79191774833188,48.82806636867414,48.79191774833188,48.79191774833188,48.75576912798961,48.82806636867414,48.79191774833188,48.79191774833188,48.79191774833188,48.79191774833188,48.82806636867414,48.82806636867414,48.75576912798961,48.75576912798961,48.79191774833188,48.82806636867414,48.86421498901641,48.86421498901641,48.79191774833188,48.82806636867414,48.79191774833188,48.79191774833188,48.82806636867414,48.75576912798961,48.75576912798961,48.86421498901641,48.79191774833188,48.79191774833188,48.75576912798961,48.79191774833188,48.75576912798961,48.79191774833188,48.86421498901641,48.86421498901641,48.82806636867414,48.82806636867414,48.75576912798961,48.75576912798961,48.79191774833188,48.82806636867414,48.82806636867414,48.86421498901641,48.79191774833188,48.86421498901641,48.75576912798961,48.79191774833188,48.75576912798961,48.79191774833188,48.75576912798961,48.86421498901641,48.75576912798961,48.75576912798961,48.75576912798961,48.82806636867414,48.79191774833188,48.79191774833188,48.82806636867414,48.86421498901641,48.75576912798961,48.75576912798961,48.86421498901641,48.79191774833188,48.86421498901641,48.86421498901641,48.79191774833188,48.79191774833188,48.82806636867414,48.75576912798961,48.86421498901641,48.82806636867414,48.75576912798961,48.79191774833188,48.79191774833188,48.79191774833188,48.86421498901641,48.75576912798961,48.75576912798961,48.79191774833188,48.75576912798961,48.82806636867414,48.82806636867414,48.82806636867414,48.79191774833188,48.79191774833188,48.79191774833188,48.86421498901641,48.86421498901641,48.82806636867414,48.82806636867414,48.86421498901641,48.79191774833188,48.79191774833188,48.75576912798961,48.86421498901641,48.79191774833188,48.86421498901641,48.79191774833188,48.82806636867414,48.86421498901641,48.86421498901641,48.75576912798961,48.82806636867414,48.79191774833188,48.79191774833188,48.86421498901641,48.79191774833188,48.75576912798961,48.86421498901641,48.86421498901641,48.82806636867414,48.79191774833188,48.79191774833188,48.79191774833188,48.79191774833188,48.86421498901641,48.75576912798961,48.75576912798961,48.79191774833188,48.82806636867414,48.82806636867414,48.79191774833188,48.79191774833188,48.86421498901641,48.86421498901641,48.82806636867414,48.79191774833188,48.75576912798961,48.75576912798961,48.86421498901641,48.75576912798961,48.79191774833188,48.75576912798961,48.86421498901641,48.86421498901641,48.82806636867414,48.82806636867414,48.75576912798961,48.86421498901641,48.75576912798961,48.82806636867414,48.79191774833188,48.86421498901641,48.79191774833188,48.79191774833188,48.75576912798961,48.86421498901641,48.82806636867414,48.82806636867414,48.86421498901641
48.77957609815442,48.77957609815442,48.77957609815442,48.77957609815442,48.81652802117095,48.77957609815442,48.742624175137884,48.742624175137884,48.81652802117095,48.77957609815442,48.742624175137884,48.85347994418749,48.742624175137884,48.85347994418749,48.85347994418749,48.85347994418749,48.81652802117095,48.742624175137884,48.81652802117095,48.85347994418749,48.85347994418749,48.81652802117095,48.77957609815442,48.81652802117095,48.85347994418749,48.77957609815442,48.77957609815442,48.742624175137884,48.85347994418749,48.77957609815442,48.81652802117095,48.81652802117095,48.77957609815442,48.81652802117095,48.81652802117095,48.77957609815442,48.77957609815442,48.742624175137884,48.81652802117095,48.85347994418749,48.85347994418749,48.85347994418749,48.742624175137884,48.85347994418749,48.742624175137884,48.85347994418749,48.742624175137884,48.742624175137884,48.742624175137884,48.85347994418749,48.77957609815442,48.85347994418749,48.742624175137884,48.85347994418749,48.85347994418749,48.81652802117095,48.77957609815442,48.85347994418749,48.81652802117095,48.742624175137884,48.77957609815442,48.81652802117095,48.81652802117095,48.85347994418749,48.81652802117095,48.742624175137884,48.77957609815442,48.742624175137884,48.81652802117095,48.77957609815442,48.81652802117095,48.77957609815442,48.85347994418749,48.85347994418749,48.81652802117095,48.77957609815442,48.77957609815442,48.742624175137884,48.77957609815442,48.742624175137884,48.81652802117095,48.77957609815442,48.81652802117095,48.85347994418749,48.85347994418749,48.742624175137884,48.742624175137884,48.742624175137884,48.81652802117095,48.85347994418749,48.85347994418749,48.77957609815442,48.77957609815442,48.81652802117095,48.742624175137884,48.85347994418749,48.81652802117095,48.85347994418749,48.85347994418749,48.85347994418749,48.85347994418749,48.85347994418749,48.85347994418749,48.742624175137884,48.81652802117095,48.742624175137884,48.742624175137884,48.85347994418749,48.85347994418749,48.85347994418749,48.81652802117095,48.77957609815442,48.85347994418749,48.85347994418749,48.85347994418749,48.742624175137884,48.77957609815442,48.742624175137884,48.742624175137884,48.77957609815442,48.81652802117095,48.77957609815442,48.742624175137884,48.85347994418749,48.81652802117095,48.85347994418749,48.81652802117095,48.77957609815442,48.85347994418749,48.85347994418749,48.81652802117095,48.742624175137884,48.85347994418749,48.81652802117095,48.77957609815442,48.85347994418749,48.85347994418749,48.742624175137884,48.77957609815442,48.81652802117095,48.85347994418749,48.77957609815442,48.742624175137884,48.85347994418749,48.81652802117095,48.85347994418749,48.85347994418749,48.742624175137884,48.81652802117095,48.81652802117095,48.77957609815442,48.81652802117095,48.742624175137884,48.81652802117095,48.742624175137884,48.81652802117095,48.81652802117095,48.77957609815442,48.77957609815442,48.85347994418749,48.742624175137884,48.77957609815442,48.742624175137884,48.742624175137884,48.85347994418749,48.742624175137884,48.81652802117095,48.81652802117095,48.742624175137884,48.81652802117095,48.81652802117095,48.81652802117095,48.742624175137884,48.77957609815442,48.742624175137884,48.85347994418749,48.77957609815442,48.81652802117095,48.85347994418749,48.81652802117095,48.81652802117095,48.77957609815442,48.81652802117095,48.81652802117095,48.742624175137884,48.77957609815442,48.77957609815442,48.85347994418749,48.85347994418749,48.81652802117095,48.742624175137884,48.742624175137884,48.81652802117095,48.85347994418749,48.742624175137884,48.85347994418749,48.85347994418749,48.85347994418749,48.85347994418749,48.81652802117095
48.76723444797696,48.80498967366778,48.72947922228615,48.84274489935858,48.84274489935858,48.84274489935858,48.84274489935858,48.72947922228615,48.76723444797696,48.84274489935858,48.80498967366778,48.84274489935858,48.84274489935858,48.80498967366778,48.84274489935858,48.72947922228615,48.80498967366778,48.72947922228615,48.76723444797696,48.76723444797696,48.80498967366778,48.72947922228615,48.72947922228615,48.80498967366778,48.80498967366778,48.76723444797696,48.80498967366778,48.72947922228615,48.72947922228615,48.72947922228615,48.84274489935858,48.84274489935858,48.80498967366778,48.72947922228615,48.80498967366778,48.84274489935858,48.72947922228615,48.80498967366778,48.76723444797696,48.80498967366778,48.84274489935858,48.72947922228615,48.80498967366778,48.76723444797696,48.80498967366778,48.80498967366778,48.76723444797696,48.72947922228615,48.76723444797696,48.76723444797696,48.84274489935858,48.72947922228615,48.80498967366778,48.84274489935858,48.76723444797696,48.84274489935858,48.84274489935858,48.72947922228615,48.80498967366778,48.84274489935858,48.72947922228615,48.76723444797696,48.72947922228615,48.80498967366778,48.72947922228615,48.72947922228615,48.76723444797696,48.76723444797696,48.80498967366778,48.80498967366778,48.72947922228615,48.76723444797696,48.84274489935858,48.80498967366778,48.80498967366778,48.76723444797696,48.84274489935858,48.84274489935858,48.72947922228615,48.72947922228615,48.72947922228615,48.84274489935858,48.72947922228615,48.76723444797696,48.76723444797696,48.72947922228615,48.84274489935858,48.76723444797696,48.72947922228615,48.72947922228615,48.84274489935858,48.76723444797696,48.76723444797696,48.80498967366778,48.84274489935858,48.76723444797696,48.76723444797696,48.80498967366778,48.80498967366778,48.72947922228615,48.84274489935858,48.76723444797696,48.76723444797696,48.84274489935858,48.76723444797696,48.76723444797696,48.72947922228615,48.76723444797696,48.72947922228615,48.80498967366778,48.84274489935858,48.80498967366778,48.84274489935858,48.80498967366778,48.76723444797696,48.72947922228615,48.76723444797696,48.72947922228615,48.80498967366778,48.80498967366778,48.72947922228615,48.80498967366778,48.84274489935858,48.84274489935858,48.72947922228615,48.84274489935858,48.72947922228615,48.72947922228615,48.72947922228615,48.72947922228615,48.72947922228615,48.76723444797696,48.80498967366778,48.84274489935858,48.76723444797696,48.84274489935858,48.72947922228615,48.76723444797696,48.84274489935858,48.76723444797696,48.72947922228615,48.80498967366778,48.72947922228615,48.76723444797696,48.72947922228615,48.80498967366778,48.72947922228615,48.84274489935858,48.84274489935858,48.72947922228615,48.76723444797696,48.76723444797696,48.72947922228615,48.84274489935858,48.76723444797696,48.76723444797696,48.72947922228615,48.80498967366778,48.84274489935858,48.84274489935858,48.80498967366778,48.72947922228615,48.84274489935858,48.76723444797696,48.72947922228615,48.80498967366778,48.84274489935858,48.80498967366778,48.80498967366778,48.80498967366778,48.84274489935858,48.80498967366778,48.80498967366778,48.76723444797696,48.84274489935858,48.72947922228615,48.84274489935858,48.80498967366778,48.80498967366778,48.72947922228615,48.84274489935858,48.80498967366778,48.76723444797696,48.80498967366778,48.76723444797696,48.76723444797696,48.76723444797696,48.72947922228615,48.76723444797696,48.76723444797696,48.72947922228615,48.72947922228615,48.72947922228615,48.80498967366778,48.72947922228615,48.84274489935858,48.84274489935858,48.80498967366778,48.76723444797696,48.76723444797696
48.83200985452966,48.71633426943442,48.83200985452966,48.793451326164586,48.83200985452966,48.71633426943442,48.754892797799506,48.71633426943442,48.71633426943442,48.793451326164586,48.754892797799506,48.71633426943442,48.754892797799506,48.71633426943442,48.793451326164586,48.793451326164586,48.754892797799506,48.83200985452966,48.83200985452966,48.793451326164586,48.71633426943442,48.754892797799506,48.71633426943442,48.71633426943442,48.754892797799506,48.793451326164586,48.71633426943442,48.83200985452966,48.83200985452966,48.754892797799506,48.754892797799506,48.793451326164586,48.754892797799506,48.754892797799506,48.71633426943442,48.793451326164586,48.83200985452966,48.71633426943442,48.754892797799506,48.71633426943442,48.754892797799506,48.793451326164586,48.793451326164586,48.71633426943442,48.793451326164586,48.754892797799506,48.83200985452966,48.83200985452966,48.71633426943442,48.754892797799506,48.793451326164586,48.793451326164586,48.83200985452966,48.793451326164586,48.754892797799506,48.793451326164586,48.793451326164586,48.754892797799506,48.754892797799506,48.754892797799506,48.793451326164586,48.83200985452966,48.754892797799506,48.83200985452966,48.83200985452966,48.754892797799506,48.83200985452966,48.793451326164586,48.83200985452966,48.793451326164586,48.793451326164586,48.793451326164586,48.754892797799506,48.71633426943442,48.754892797799506,48.71633426943442,48.793451326164586,48.83200985452966,48.71633426943442,48.754892797799506,48.793451326164586,48.754892797799506,48.754892797799506,48.793451326164586,48.754892797799506,48.71633426943442,48.793451326164586,48.83200985452966,48.754892797799506,48.754892797799506,48.71633426943442,48.754892797799506,48.83200985452966,48.754892797799506,48.793451326164586,48.83200985452966,48.71633426943442,48.754892797799506,48.71633426943442,48.793451326164586,48.83200985452966,48.83200985452966,48.754892797799506,48.754892797799506,48.83200985452966,48.71633426943442,48.71633426943442,48.71633426943442,48.83200985452966,48.83200985452966,48.71633426943442,48.754892797799506,48.754892797799506,48.793451326164586,48.754892797799506,48.83200985452966,48.793451326164586,48.754892797799506,48.754892797799506,48.793451326164586,48.83200985452966,48.754892797799506,48.793451326164586,48.754892797799506,48.754892797799506,48.793451326164586,48.754892797799506,48.83200985452966,48.83200985452966,48.754892797799506,48.71633426943442,48.754892797799506,48.793451326164586,48.71633426943442,48.754892797799506,48.754892797799506,48.71633426943442,48.83200985452966,48.71633426943442,48.83200985452966,48.71633426943442,48.793451326164586,48.754892797799506,48.793451326164586,48.793451326164586,48.754892797799506,48.83200985452966,48.71633426943442,48.83200985452966,48.71633426943442,48.71633426943442,48.83200985452966,48.71633426943442,48.793451326164586,48.754892797799506,48.754892797799506,48.71633426943442,48.83200985452966,48.793451326164586,48.83200985452966,48.793451326164586,48.754892797799506,48.83200985452966,48.71633426943442,48.71633426943442,48.83200985452966,48.754892797799506,48.754892797799506,48.754892797799506,48.793451326164586,48.754892797799506,48.83200985452966,48.793451326164586,48.793451326164586,48.71633426943442,48.83200985452966,48.793451326164586,48.754892797799506,48.83200985452966,48.793451326164586,48.83200985452966,48.793451326164586,48.71633426943442,48.71633426943442,48.71633426943442,48.71633426943442,48.71633426943442,48.71633426943442,48.754892797799506,48.83200985452966,48.793451326164586,48.71633426943442,48.83200985452966,48.71633426943442,48.793451326164586,48.793451326164586,48.754892797799506,48.83200985452966,48.71633426943442,48.83200985452966
48.78191297866139,48.70318931658269,48.78191297866139,48.821274809700746,48.74255114762205,48.70318931658269,48.78191297866139,48.821274809700746,48.78191297866139,48.74255114762205,48.821274809700746,48.78191297866139,48.70318931658269,48.74255114762205,48.78191297866139,48.821274809700746,48.78191297866139,48.821274809700746,48.78191297866139,48.821274809700746,48.74255114762205,48.70318931658269,48.821274809700746,48.78191297866139,48.74255114762205,48.821274809700746,48.70318931658269,48.70318931658269,48.70318931658269,48.821274809700746,48.70318931658269,48.78191297866139,48.70318931658269,48.78191297866139,48.821274809700746,48.70318931658269,48.821274809700746,48.78191297866139,48.78191297866139,48.821274809700746,48.78191297866139,48.70318931658269,48.74255114762205,48.70318931658269,48.78191297866139,48.70318931658269,48.78191297866139,48.78191297866139,48.70318931658269,48.74255114762205,48.74255114762205,48.821274809700746,48.821274809700746,48.70318931658269,48.74255114762205,48.78191297866139,48.74255114762205,48.70318931658269,48.70318931658269,48.821274809700746,48.74255114762205,48.821274809700746,48.821274809700746,48.74255114762205,48.70318931658269,48.70318931658269,48.70318931658269,48.78191297866139,48.74255114762205,48.78191297866139,48.70318931658269,48.74255114762205,48.821274809700746,48.78191297866139,48.821274809700746,48.70318931658269,48.821274809700746,48.70318931658269,48.74255114762205,48.78191297866139,48.821274809700746,48.74255114762205,48.74255114762205,48.821274809700746,48.821274809700746,48.78191297866139,48.74255114762205,48.70318931658269,48.821274809700746,48.74255114762205,48.821274809700746,48.70318931658269,48.821274809700746,48.78191297866139,48.78191297866139,48.70318931658269,48.70318931658269,48.821274809700746,48.821274809700746,48.821274809700746,48.821274809700746,48.78191297866139,48.74255114762205,48.78191297866139,48.74255114762205,48.70318931658269,48.74255114762205,48.821274809700746,48.74255114762205,48.74255114762205,48.74255114762205,48.74255114762205,48.70318931658269,48.78191297866139,48.70318931658269,48.821274809700746,48.74255114762205,48.821274809700746,48.74255114762205,48.821274809700746,48.70318931658269,48.78191297866139,48.70318931658269,48.74255114762205,48.821274809700746,48.78191297866139,48.78191297866139,48.821274809700746,48.78191297866139,48.821274809700746,48.74255114762205,48.78191297866139,48.78191297866139,48.78191297866139,48.74255114762205,48.70318931658269,48.74255114762205,48.70318931658269,48.70318931658269,48.78191297866139,48.821274809700746,48.78191297866139,48.78191297866139,48.70318931658269,48.70318931658269,48.78191297866139,48.74255114762205,48.70318931658269,48.74255114762205,48.78191297866139,48.78191297866139,48.70318931658269,48.74255114762205,48.78191297866139,48.74255114762205,48.74255114762205,48.74255114762205,48.821274809700746,48.74255114762205,48.74255114762205,48.74255114762205,48.78191297866139,48.78191297866139,48.74255114762205,48.78191297866139,48.821274809700746,48.70318931658269,48.74255114762205,48.70318931658269,48.70318931658269,48.821274809700746,48.78191297866139,48.70318931658269,48.74255114762205,48.74255114762205,48.70318931658269,48.821274809700746,48.70318931658269,48.74255114762205,48.821274809700746,48.78191297866139,48.70318931658269,48.74255114762205,48.821274809700746,48.70318931658269,48.78191297866139,48.74255114762205,48.78191297866139,48.78191297866139,48.70318931658269,48.78191297866139,48.74255114762205,48.70318931658269,48.78191297866139,48.78191297866139,48.70318931658269,48.821274809700746,48.70318931658269,48.74255114762205,48.74255114762205
48.69004436373096,48.81053976487183,48.77037463115821,48.81053976487183,48.69004436373096,48.81053976487183,48.73020949744459,48.73020949744459,48.73020949744459,48.69004436373096,48.69004436373096,48.81053976487183,48.73020949744459,48.77037463115821,48.77037463115821,48.81053976487183,48.69004436373096,48.81053976487183,48.73020949744459,48.73020949744459,48.69004436373096,48.81053976487183,48.77037463115821,48.77037463115821,48.77037463115821,48.77037463115821,48.81053976487183,48.77037463115821,48.73020949744459,48.81053976487183,48.73020949744459,48.81053976487183,48.73020949744459,48.69004436373096,48.73020949744459,48.73020949744459,48.69004436373096,48.81053976487183,48.77037463115821,48.81053976487183,48.69004436373096,48.81053976487183,48.77037463115821,48.77037463115821,48.77037463115821,48.81053976487183,48.77037463115821,48.77037463115821,48.77037463115821,48.81053976487183,48.73020949744459,48.69004436373096,48.73020949744459,48.69004436373096,48.81053976487183,48.69004436373096,48.73020949744459,48.77037463115821,48.81053976487183,48.81053976487183,48.73020949744459,48.69004436373096,48.81053976487183,48.69004436373096,48.77037463115821,48.73020949744459,48.73020949744459,48.77037463115821,48.81053976487183,48.69004436373096,48.73020949744459,48.77037463115821,48.73020949744459,48.81053976487183,48.73020949744459,48.73020949744459,48.77037463115821,48.73020949744459,48.77037463115821,48.73020949744459,48.73020949744459,48.73020949744459,48.69004436373096,48.73020949744459,48.77037463115821,48.69004436373096,48.81053976487183,48.77037463115821,48.77037463115821,48.81053976487183,48.73020949744459,48.69004436373096,48.77037463115821,48.81053976487183,48.77037463115821,48.69004436373096,48.77037463115821,48.81053976487183,48.73020949744459,48.77037463115821,48.69004436373096,48.69004436373096,48.73020949744459,48.81053976487183,48.77037463115821,48.77037463115821,48.73020949744459,48.73020949744459,48.77037463115821,48.73020949744459,48.73020949744459,48.69004436373096,48.69004436373096,48.73020949744459,48.73020949744459,48.77037463115821,48.81053976487183,48.77037463115821,48.69004436373096,48.69004436373096,48.73020949744459,48.77037463115821,48.69004436373096,48.77037463115821,48.81053976487183,48.81053976487183,48.69004436373096,48.81053976487183,48.81053976487183,48.73020949744459,48.81053976487183,48.81053976487183,48.81053976487183,48.81053976487183,48.77037463115821,48.77037463115821,48.73020949744459,48.73020949744459,48.77037463115821,48.73020949744459,48.81053976487183,48.69004436373096,48.69004436373096,48.81053976487183,48.73020949744459,48.77037463115821,48.73020949744459,48.81053976487183,48.81053976487183,48.73020949744459,48.77037463115821,48.81053976487183,48.69004436373096,48.81053976487183,48.81053976487183,48.73020949744459,48.69004436373096,48.69004436373096,48.73020949744459,48.81053976487183,48.81053976487183,48.73020949744459,48.73020949744459,48.81053976487183,48.69004436373096,48.77037463115821,48.77037463115821,48.69004436373096,48.73020949744459,48.77037463115821,48.69004436373096,48.77037463115821,48.77037463115821,48.77037463115821,48.81053976487183,48.69004436373096,48.77037463115821,48.73020949744459,48.73020949744459,48.73020949744459,48.81053976487183,48.69004436373096,48.69004436373096,48.77037463115821,48.73020949744459,48.73020949744459,48.81053976487183,48.77037463115821,48.73020949744459,48.73020949744459,48.81053976487183,48.69004436373096,48.81053976487183,48.73020949744459,48.73020949744459,48.81053976487183,48.77037463115821,48.73020949744459,48.69004436373096,48.77037463115821
48.79980472004292,48.71786784726713,48.67689941087923,48.71786784726713,48.71786784726713,48.79980472004292,48.71786784726713,48.67689941087923,48.67689941087923,48.79980472004292,48.75883628365502,48.71786784726713,48.71786784726713,48.71786784726713,48.79980472004292,48.75883628365502,48.75883628365502,48.67689941087923,48.71786784726713,48.71786784726713,48.75883628365502,48.71786784726713,48.67689941087923,48.75883628365502,48.71786784726713,48.75883628365502,48.79980472004292,48.75883628365502,48.75883628365502,48.67689941087923,48.67689941087923,48.75883628365502,48.67689941087923,48.79980472004292,48.71786784726713,48.75883628365502,48.75883628365502,48.67689941087923,48.71786784726713,48.67689941087923,48.79980472004292,48.71786784726713,48.75883628365502,48.79980472004292,48.79980472004292,48.79980472004292,48.67689941087923,48.79980472004292,48.71786784726713,48.71786784726713,48.75883628365502,48.71786784726713,48.79980472004292,48.71786784726713,48.79980472004292,48.71786784726713,48.67689941087923,48.71786784726713,48.71786784726713,48.79980472004292,48.75883628365502,48.67689941087923,48.79980472004292,48.71786784726713,48.71786784726713,48.75883628365502,48.67689941087923,48.75883628365502,48.75883628365502,48.75883628365502,48.75883628365502,48.79980472004292,48.75883628365502,48.67689941087923,48.67689941087923,48.75883628365502,48.75883628365502,48.71786784726713,48.71786784726713,48.75883628365502,48.67689941087923,48.67689941087923,48.67689941087923,48.79980472004292,48.75883628365502,48.71786784726713,48.79980472004292,48.71786784726713,48.75883628365502,48.75883628365502,48.67689941087923,48.79980472004292,48.67689941087923,48.79980472004292,48.79980472004292,48.79980472004292,48.67689941087923,48.79980472004292,48.67689941087923,48.79980472004292,48.79980472004292,48.67689941087923,48.79980472004292,48.75883628365502,48.71786784726713,48.75883628365502,48.67689941087923,48.75883628365502,48.75883628365502,48.79980472004292,48.79980472004292,48.71786784726713,48.71786784726713,48.75883628365502,48.71786784726713,48.71786784726713,48.75883628365502,48.75883628365502,48.67689941087923,48.71786784726713,48.79980472004292,48.75883628365502,48.71786784726713,48.79980472004292,48.71786784726713,48.67689941087923,48.67689941087923,48.71786784726713,48.75883628365502,48.67689941087923,48.71786784726713,48.67689941087923,48.79980472004292,48.67689941087923,48.79980472004292,48.79980472004292,48.79980472004292,48.79980472004292,48.71786784726713,48.67689941087923,48.67689941087923,48.79980472004292,48.79980472004292,48.75883628365502,48.79980472004292,48.79980472004292,48.79980472004292,48.79980472004292,48.75883628365502,48.75883628365502,48.79980472004292,48.75883628365502,48.75883628365502,48.79980472004292,48.79980472004292,48.67689941087923,48.67689941087923,48.79980472004292,48.79980472004292,48.71786784726713,48.79980472004292,48.79980472004292,48.67689941087923,48.79980472004292,48.79980472004292,48.79980472004292,48.71786784726713,48.75883628365502,48.79980472004292,48.71786784726713,48.67689941087923,48.67689941087923,48.67689941087923,48.71786784726713,48.79980472004292,48.67689941087923,48.79980472004292,48.75883628365502,48.71786784726713,48.67689941087923,48.75883628365502,48.79980472004292,48.79980472004292,48.79980472004292,48.71786784726713,48.79980472004292,48.71786784726713,48.79980472004292,48.71786784726713,48.71786784726713,48.67689941087923,48.71786784726713,48.75883628365502,48.75883628365502,48.67689941087923,48.67689941087923,48.67689941087923,48.71786784726713,48.75883628365502,48.79980472004292
48.74729793615183,48.6637544580275,48.6637544580275,48.70552619708967,48.70552619708967,48.6637544580275,48.78906967521401,48.78906967521401,48.74729793615183,48.70552619708967,48.6637544580275,48.74729793615183,48.70552619708967,48.74729793615183,48.6637544580275,48.78906967521401,48.70552619708967,48.70552619708967,48.78906967521401,48.78906967521401,48.78906967521401,48.6637544580275,48.74729793615183,48.74729793615183,48.78906967521401,48.70552619708967,48.74729793615183,48.6637544580275,48.78906967521401,48.74729793615183,48.6637544580275,48.74729793615183,48.70552619708967,48.6637544580275,48.6637544580275,48.6637544580275,48.6637544580275,48.6637544580275,48.74729793615183,48.74729793615183,48.78906967521401,48.74729793615183,48.74729793615183,48.70552619708967,48.6637544580275,48.6637544580275,48.70552619708967,48.78906967521401,48.6637544580275,48.70552619708967,48.78906967521401,48.6637544580275,48.74729793615183,48.70552619708967,48.74729793615183,48.70552619708967,48.70552619708967,48.6637544580275,48.70552619708967,48.6637544580275,48.6637544580275,48.70552619708967,48.6637544580275,48.74729793615183,48.78906967521401,48.78906967521401,48.78906967521401,48.74729793615183,48.74729793615183,48.74729793615183,48.74729793615183,48.74729793615183,48.74729793615183,48.70552619708967,48.74729793615183,48.6637544580275,48.6637544580275,48.74729793615183,48.6637544580275,48.74729793615183,48.70552619708967,48.70552619708967,48.70552619708967,48.74729793615183,48.78906967521401,48.70552619708967,48.74729793615183,48.78906967521401,48.70552619708967,48.70552619708967,48.74729793615183,48.6637544580275,48.74729793615183,48.6637544580275,48.6637544580275,48.70552619708967,48.6637544580275,48.74729793615183,48.6637544580275,48.70552619708967,48.6637544580275,48.74729793615183,48.74729793615183,48.74729793615183,48.74729793615183,48.6637544580275,48.74729793615183,48.6637544580275,48.70552619708967,48.70552619708967,48.78906967521401,48.78906967521401,48.70552619708967,48.70552619708967,48.6637544580275,48.6637544580275,48.74729793615183,48.74729793615183,48.74729793615183,48.78906967521401,48.78906967521401,48.6637544580275,48.70552619708967,48.70552619708967,48.6637544580275,48.74729793615183,48.6637544580275,48.70552619708967,48.74729793615183,48.6637544580275,48.6637544580275,48.70552619708967,48.78906967521401,48.6637544580275,48.74729793615183,48.6637544580275,48.6637544580275,48.78906967521401,48.78906967521401,48.78906967521401,48.6637544580275,48.74729793615183,48.70552619708967,48.70552619708967,48.74729793615183,48.74729793615183,48.70552619708967,48.6637544580275,48.6637544580275,48.6637544580275,48.6637544580275,48.78906967521401,48.74729793615183,48.70552619708967,48.74729793615183,48.74729793615183,48.78906967521401,48.78906967521401,48.6637544580275,48.78906967521401,48.74729793615183,48.70552619708967,48.74729793615183,48.78906967521401,48.74729793615183,48.6637544580275,48.70552619708967,48.70552619708967,48.6637544580275,48.78906967521401,48.70552619708967,48.70552619708967,48.74729793615183,48.70552619708967,48.6637544580275,48.70552619708967,48.78906967521401,48.6637544580275,48.70552619708967,48.78906967521401,48.6637544580275,48.70552619708967,48.6637544580275,48.74729793615183,48.6637544580275,48.74729793615183,48.74729793615183,48.78906967521401,48.74729793615183,48.70552619708967,48.70552619708967,48.74729793615183,48.6637544580275,48.6637544580275,48.74729793615183,48.6637544580275,48.6637544580275,48.6637544580275,48.6637544580275,48.70552619708967
48.735759588648655,48.69318454691221,48.735759588648655,48.69318454691221,48.77833463038509,48.650609505175765,48.735759588648655,48.77833463038509,48.735759588648655,48.735759588648655,48.735759588648655,48.650609505175765,48.69318454691221,48.735759588648655,48.650609505175765,48.77833463038509,48.77833463038509,48.77833463038509,48.77833463038509,48.77833463038509,48.650609505175765,48.77833463038509,48.650609505175765,48.650609505175765,48.77833463038509,48.69318454691221,48.650609505175765,48.650609505175765,48.69318454691221,48.650609505175765,48.735759588648655,48.650609505175765,48.69318454691221,48.735759588648655,48.77833463038509,48.77833463038509,48.735759588648655,48.77833463038509,48.77833463038509,48.77833463038509,48.69318454691221,48.735759588648655,48.650609505175765,48.69318454691221,48.650609505175765,48.735759588648655,48.650609505175765,48.69318454691221,48.69318454691221,48.650609505175765,48.77833463038509,48.735759588648655,48.735759588648655,48.69318454691221,48.650609505175765,48.77833463038509,48.735759588648655,48.735759588648655,48.650609505175765,48.69318454691221,48.77833463038509,48.650609505175765,48.650609505175765,48.650609505175765,48.69318454691221,48.77833463038509,48.650609505175765,48.650609505175765,48.735759588648655,48.650609505175765,48.77833463038509,48.77833463038509,48.735759588648655,48.650609505175765,48.69318454691221,48.77833463038509,48.650609505175765,48.735759588648655,48.735759588648655,48.77833463038509,48.77833463038509,48.650609505175765,48.69318454691221,48.69318454691221,48.735759588648655,48.650609505175765,48.735759588648655,48.735759588648655,48.77833463038509,48.735759588648655,48.69318454691221,48.69318454691221,48.77833463038509,48.69318454691221,48.735759588648655,48.735759588648655,48.69318454691221,48.735759588648655,48.77833463038509,48.735759588648655,48.735759588648655,48.77833463038509,48.69318454691221,48.650609505175765,48.650609505175765,48.735759588648655,48.735759588648655,48.77833463038509,48.77833463038509,48.650609505175765,48.650609505175765,48.735759588648655,48.69318454691221,48.650609505175765,48.735759588648655,48.735759588648655,48.69318454691221,48.650609505175765,48.735759588648655,48.650609505175765,48.77833463038509,48.735759588648655,48.735759588648655,48.650609505175765,48.77833463038509,48.650609505175765,48.77833463038509,48.650609505175765,48.735759588648655,48.77833463038509,48.77833463038509,48.77833463038509,48.650609505175765,48.650609505175765,48.77833463038509,48.650609505175765,48.650609505175765,48.650609505175765,48.735759588648655,48.77833463038509,48.77833463038509,48.69318454691221,48.69318454691221,48.735759588648655,48.77833463038509,48.650609505175765,48.69318454691221,48.77833463038509,48.650609505175765,48.735759588648655,48.69318454691221,48.77833463038509,48.77833463038509,48.650609505175765,48.650609505175765,48.69318454691221,48.735759588648655,48.735759588648655,48.69318454691221,48.650609505175765,48.735759588648655,48.650609505175765,48.735759588648655,48.69318454691221,48.69318454691221,48.735759588648655,48.650609505175765,48.650609505175765,48.69318454691221,48.650609505175765,48.735759588648655,48.69318454691221,48.735759588648655,48.735759588648655,48.650609505175765,48.69318454691221,48.77833463038509,48.650609505175765,48.77833463038509,48.69318454691221,48.69318454691221,48.650609505175765,48.77833463038509,48.735759588648655,48.69318454691221,48.735759588648655,48.77833463038509,48.77833463038509,48.735759588648655,48.69318454691221,48.69318454691221,48.650609505175765,48.77833463038509,48.735759588648655,48.69318454691221,48.77833463038509,48.650609505175765,48.69318454691221,48.69318454691221,48.650609505175765
48.72422124114546,48.72422124114546,48.767599585556184,48.680842896734745,48.767599585556184,48.680842896734745,48.72422124114546,48.72422124114546,48.63746455232403,48.767599585556184,48.680842896734745,48.767599585556184,48.767599585556184,48.72422124114546,48.63746455232403,48.72422124114546,48.767599585556184,48.767599585556184,48.767599585556184,48.72422124114546,48.767599585556184,48.63746455232403,48.767599585556184,48.680842896734745,48.63746455232403,48.63746455232403,48.680842896734745,48.680842896734745,48.680842896734745,48.680842896734745,48.63746455232403,48.680842896734745,48.767599585556184,48.680842896734745,48.63746455232403,48.767599585556184,48.72422124114546,48.767599585556184,48.767599585556184,48.72422124114546,48.767599585556184,48.767599585556184,48.680842896734745,48.72422124114546,48.680842896734745,48.680842896734745,48.63746455232403,48.767599585556184,48.767599585556184,48.63746455232403,48.680842896734745,48.680842896734745,48.680842896734745,48.63746455232403,48.680842896734745,48.680842896734745,48.72422124114546,48.63746455232403,48.63746455232403,48.63746455232403,48.63746455232403,48.72422124114546,48.767599585556184,48.767599585556184,48.72422124114546,48.767599585556184,48.680842896734745,48.63746455232403,48.767599585556184,48.767599585556184,48.680842896734745,48.767599585556184,48.63746455232403,48.72422124114546,48.63746455232403,48.63746455232403,48.767599585556184,48.63746455232403,48.63746455232403,48.72422124114546,48.72422124114546,48.680842896734745,48.680842896734745,48.680842896734745,48.63746455232403,48.680842896734745,48.680842896734745,48.767599585556184,48.680842896734745,48.680842896734745,48.72422124114546,48.63746455232403,48.72422124114546,48.767599585556184,48.72422124114546,48.767599585556184,48.63746455232403,48.72422124114546,48.767599585556184,48.767599585556184,48.680842896734745,48.63746455232403,48.72422124114546,48.767599585556184,48.767599585556184,48.72422124114546,48.767599585556184,48.63746455232403,48.72422124114546,48.680842896734745,48.680842896734745,48.767599585556184,48.63746455232403,48.72422124114546,48.63746455232403,48.63746455232403,48.72422124114546,48.63746455232403,48.63746455232403,48.767599585556184,48.767599585556184,48.72422124114546,48.767599585556184,48.767599585556184,48.63746455232403,48.680842896734745,48.767599585556184,48.767599585556184,48.767599585556184,48.680842896734745,48.72422124114546,48.680842896734745,48.72422124114546,48.767599585556184,48.680842896734745,48.63746455232403,48.767599585556184,48.63746455232403,48.63746455232403,48.72422124114546,48.63746455232403,48.63746455232403,48.72422124114546,48.680842896734745,48.767599585556184,48.72422124114546,48.680842896734745,48.767599585556184,48.63746455232403,48.72422124114546,48.72422124114546,48.72422124114546,48.767599585556184,48.63746455232403,48.680842896734745,48.680842896734745,48.72422124114546,48.680842896734745,48.63746455232403,48.63746455232403,48.72422124114546,48.767599585556184,48.767599585556184,48.680842896734745,48.680842896734745,48.767599585556184,48.767599585556184,48.72422124114546,48.63746455232403,48.680842896734745,48.680842896734745,48.72422124114546,48.680842896734745,48.767599585556184,48.767599585556184,48.767599585556184,48.767599585556184,48.767599585556184,48.63746455232403,48.72422124114546,48.680842896734745,48.680842896734745,48.72422124114546,48.72422124114546,48.72422124114546,48.767599585556184,48.72422124114546,48.63746455232403,48.63746455232403,48.680842896734745,48.767599585556184,48.72422124114546,48.767599585556184,48.63746455232403,48.63746455232403,48.63746455232403,48.767599585556184,48.63746455232403,48.63746455232403,48.680842896734745
48.712682893642274,48.712682893642274,48.75686454072726,48.668501246557284,48.6243195994723,48.712682893642274,48.75686454072726,48.6243195994723,48.712682893642274,48.75686454072726,48.668501246557284,48.668501246557284,48.75686454072726,48.75686454072726,48.75686454072726,48.75686454072726,48.668501246557284,48.75686454072726,48.712682893642274,48.712682893642274,48.75686454072726,48.668501246557284,48.6243195994723,48.75686454072726,48.75686454072726,48.6243195994723,48.712682893642274,48.712682893642274,48.668501246557284,48.75686454072726,48.6243195994723,48.712682893642274,48.6243195994723,48.668501246557284,48.712682893642274,48.712682893642274,48.668501246557284,48.75686454072726,48.75686454072726,48.6243195994723,48.75686454072726,48.712682893642274,48.668501246557284,48.75686454072726,48.712682893642274,48.6243195994723,48.6243195994723,48.712682893642274,48.75686454072726,48.75686454072726,48.712682893642274,48.712682893642274,48.6243195994723,48.6243195994723,48.668501246557284,48.668501246557284,48.6243195994723,48.668501246557284,48.668501246557284,48.668501246557284,48.668501246557284,48.75686454072726,48.668501246557284,48.75686454072726,48.712682893642274,48.668501246557284,48.712682893642274,48.712682893642274,48.712682893642274,48.668501246557284,48.6243195994723,48.75686454072726,48.668501246557284,48.75686454072726,48.75686454072726,48.75686454072726,48.75686454072726,48.6243195994723,48.75686454072726,48.75686454072726,48.712682893642274,48.668501246557284,48.668501246557284,48.712682893642274,48.6243195994723,48.6243195994723,48.75686454072726,48.668501246557284,48.75686454072726,48.75686454072726,48.75686454072726,48.75686454072726,48.6243195994723,48.668501246557284,48.712682893642274,48.668501246557284,48.668501246557284,48.6243195994723,48.6243195994723,48.75686454072726,48.75686454072726,48.6243195994723,48.75686454072726,48.75686454072726,48.6243195994723,48.75686454072726,48.668501246557284,48.75686454072726,48.6243195994723,48.6243195994723,48.75686454072726,48.668501246557284,48.6243195994723,48.6243195994723,48.75686454072726,48.75686454072726,48.712682893642274,48.668501246557284,48.712682893642274,48.75686454072726,48.6243195994723,48.75686454072726,48.668501246557284,48.75686454072726,48.75686454072726,48.75686454072726,48.75686454072726,48.668501246557284,48.6243195994723,48.668501246557284,48.75686454072726,48.75686454072726,48.75686454072726,48.668501246557284,48.6243195994723,48.75686454072726,48.712682893642274,48.712682893642274,48.75686454072726,48.712682893642274,48.6243195994723,48.6243195994723,48.668501246557284,48.712682893642274,48.6243195994723,48.712682893642274,48.712682893642274,48.6243195994723,48.668501246557284,48.75686454072726,48.712682893642274,48.668501246557284,48.75686454072726,48.75686454072726,48.6243195994723,48.668501246557284,48.6243195994723,48.712682893642274,48.6243195994723,48.6243195994723,48.6243195994723,48.668501246557284,48.712682893642274,48.712682893642274,48.668501246557284,48.75686454072726,48.6243195994723,48.712682893642274,48.6243195994723,48.6243195994723,48.712682893642274,48.75686454072726,48.75686454072726,48.712682893642274,48.6243195994723,48.75686454072726,48.668501246557284,48.668501246557284,48.668501246557284,48.712682893642274,48.75686454072726,48.712682893642274,48.6243195994723,48.75686454072726,48.6243195994723,48.6243195994723,48.6243195994723,48.75686454072726,48.668501246557284,48.712682893642274,48.75686454072726,48.712682893642274,48.75686454072726,48.6243195994723,48.6243195994723,48.668501246557284,48.712682893642274,48.75686454072726,48.75686454072726,48.75686454072726
48.65615959637984,48.611174646620576,48.74612949589835,48.70114454613909,48.74612949589835,48.74612949589835,48.70114454613909,48.65615959637984,48.65615959637984,48.74612949589835,48.611174646620576,48.65615959637984,48.65615959637984,48.65615959637984,48.611174646620576,48.74612949589835,48.70114454613909,48.70114454613909,48.70114454613909,48.70114454613909,48.74612949589835,48.611174646620576,48.74612949589835,48.65615959637984,48.74612949589835,48.611174646620576,48.74612949589835,48.611174646620576,48.611174646620576,48.611174646620576,48.74612949589835,48.65615959637984,48.611174646620576,48.611174646620576,48.65615959637984,48.74612949589835,48.611174646620576,48.74612949589835,48.74612949589835,48.70114454613909,48.70114454613909,48.70114454613909,48.611174646620576,48.74612949589835,48.74612949589835,48.65615959637984,48.611174646620576,48.74612949589835,48.65615959637984,48.65615959637984,48.65615959637984,48.70114454613909,48.611174646620576,48.65615959637984,48.611174646620576,48.611174646620576,48.70114454613909,48.611174646620576,48.65615959637984,48.611174646620576,48.65615959637984,48.611174646620576,48.611174646620576,48.70114454613909,48.65615959637984,48.611174646620576,48.65615959637984,48.74612949589835,48.65615959637984,48.65615959637984,48.611174646620576,48.611174646620576,48.611174646620576,48.611174646620576,48.65615959637984,48.70114454613909,48.70114454613909,48.70114454613909,48.74612949589835,48.74612949589835,48.65615959637984,48.611174646620576,48.611174646620576,48.74612949589835,48.74612949589835,48.611174646620576,48.70114454613909,48.74612949589835,48.70114454613909,48.70114454613909,48.65615959637984,48.611174646620576,48.611174646620576,48.611174646620576,48.65615959637984,48.611174646620576,48.74612949589835,48.70114454613909,48.65615959637984,48.74612949589835,48.611174646620576,48.65615959637984,48.65615959637984,48.74612949589835,48.70114454613909,48.65615959637984,48.74612949589835,48.611174646620576,48.70114454613909,48.611174646620576,48.65615959637984,48.74612949589835,48.70114454613909,48.611174646620576,48.70114454613909,48.74612949589835,48.611174646620576,48.74612949589835,48.65615959637984,48.74612949589835,48.74612949589835,48.70114454613909,48.74612949589835,48.65615959637984,48.611174646620576,48.74612949589835,48.70114454613909,48.70114454613909,48.611174646620576,48.65615959637984,48.65615959637984,48.65615959637984,48.611174646620576,48.70114454613909,48.65615959637984,48.65615959637984,48.611174646620576,48.70114454613909,48.74612949589835,48.65615959637984,48.70114454613909,48.65615959637984,48.70114454613909,48.70114454613909,48.74612949589835,48.611174646620576,48.65615959637984,48.611174646620576,48.65615959637984,48.70114454613909,48.70114454613909,48.65615959637984,48.65615959637984,48.74612949589835,48.74612949589835,48.611174646620576,48.70114454613909,48.65615959637984,48.74612949589835,48.65615959637984,48.65615959637984,48.65615959637984,48.65615959637984,48.611174646620576,48.65615959637984,48.74612949589835,48.70114454613909,48.611174646620576,48.70114454613909,48.70114454613909,48.70114454613909,48.74612949589835,48.74612949589835,48.70114454613909,48.611174646620576,48.65615959637984,48.611174646620576,48.70114454613909,48.65615959637984,48.70114454613909,48.611174646620576,48.611174646620576,48.611174646620576,48.611174646620576,48.74612949589835,48.74612949589835,48.70114454613909,48.74612949589835,48.65615959637984,48.74612949589835,48.65615959637984,48.74612949589835,48.611174646620576,48.611174646620576,48.74612949589835,48.70114454613909,48.70114454613909,48.611174646620576,48.611174646620576,48.74612949589835
48.6896061986359,48.6896061986359,48.73539445106943,48.6896061986359,48.6896061986359,48.643817946202375,48.59802969376883,48.643817946202375,48.73539445106943,48.59802969376883,48.6896061986359,48.643817946202375,48.643817946202375,48.73539445106943,48.643817946202375,48.643817946202375,48.6896061986359,48.73539445106943,48.73539445106943,48.643817946202375,48.73539445106943,48.73539445106943,48.6896061986359,48.643817946202375,48.59802969376883,48.6896061986359,48.73539445106943,48.73539445106943,48.59802969376883,48.6896061986359,48.643817946202375,48.6896061986359,48.6896061986359,48.6896061986359,48.6896061986359,48.643817946202375,48.643817946202375,48.73539445106943,48.59802969376883,48.73539445106943,48.73539445106943,48.73539445106943,48.59802969376883,48.59802969376883,48.643817946202375,48.6896061986359,48.59802969376883,48.59802969376883,48.6896061986359,48.59802969376883,48.73539445106943,48.643817946202375,48.73539445106943,48.6896061986359,48.643817946202375,48.6896061986359,48.73539445106943,48.643817946202375,48.73539445106943,48.73539445106943,48.643817946202375,48.6896061986359,48.643817946202375,48.643817946202375,48.59802969376883,48.643817946202375,48.6896061986359,48.643817946202375,48.59802969376883,48.73539445106943,48.59802969376883,48.643817946202375,48.59802969376883,48.59802969376883,48.643817946202375,48.6896061986359,48.73539445106943,48.59802969376883,48.643817946202375,48.6896061986359,48.6896061986359,48.59802969376883,48.73539445106943,48.73539445106943,48.6896061986359,48.59802969376883,48.643817946202375,48.59802969376883,48.59802969376883,48.59802969376883,48.59802969376883,48.59802969376883,48.73539445106943,48.59802969376883,48.643817946202375,48.6896061986359,48.6896061986359,48.59802969376883,48.59802969376883,48.59802969376883,48.6896061986359,48.59802969376883,48.643817946202375,48.643817946202375,48.6896061986359,48.59802969376883,48.59802969376883,48.643817946202375,48.59802969376883,48.6896061986359,48.73539445106943,48.59802969376883,48.643817946202375,48.643817946202375,48.643817946202375,48.73539445106943,48.73539445106943,48.6896061986359,48.643817946202375,48.6896061986359,48.59802969376883,48.643817946202375,48.73539445106943,48.59802969376883,48.73539445106943,48.6896061986359,48.6896061986359,48.73539445106943,48.643817946202375,48.73539445106943,48.73539445106943,48.59802969376883,48.59802969376883,48.643817946202375,48.59802969376883,48.59802969376883,48.6896061986359,48.73539445106943,48.59802969376883,48.59802969376883,48.59802969376883,48.73539445106943,48.6896061986359,48.59802969376883,48.6896061986359,48.643817946202375,48.643817946202375,48.73539445106943,48.73539445106943,48.73539445106943,48.73539445106943,48.59802969376883,48.643817946202375,48.643817946202375,48.643817946202375,48.59802969376883,48.643817946202375,48.59802969376883,48.6896061986359,48.643817946202375,48.6896061986359,48.73539445106943,48.73539445106943,48.59802969376883,48.73539445106943,48.6896061986359,48.73539445106943,48.643817946202375,48.6896061986359,48.6896061986359,48.643817946202375,48.6896061986359,48.59802969376883,48.6896061986359,48.6896061986359,48.59802969376883,48.6896061986359,48.59802969376883,48.643817946202375,48.59802969376883,48.643817946202375,48.6896061986359,48.59802969376883,48.73539445106943,48.643817946202375,48.6896061986359,48.6896061986359,48.643817946202375,48.73539445106943,48.59802969376883,48.6896061986359,48.643817946202375,48.73539445106943,48.6896061986359,48.643817946202375,48.59802969376883,48.73539445106943,48.59802969376883,48.643817946202375,48.643817946202375
48.631476296024914,48.72465940624052,48.631476296024914,48.631476296024914,48.67806785113271,48.72465940624052,48.72465940624052,48.72465940624052,48.67806785113271,48.631476296024914,48.631476296024914,48.67806785113271,48.72465940624052,48.5848847409171,48.5848847409171,48.631476296024914,48.631476296024914,48.72465940624052,48.67806785113271,48.631476296024914,48.5848847409171,48.631476296024914,48.5848847409171,48.72465940624052,48.631476296024914,48.67806785113271,48.631476296024914,48.67806785113271,48.631476296024914,48.72465940624052,48.72465940624052,48.72465940624052,48.72465940624052,48.67806785113271,48.631476296024914,48.5848847409171,48.67806785113271,48.72465940624052,48.67806785113271,48.631476296024914,48.72465940624052,48.5848847409171,48.72465940624052,48.631476296024914,48.5848847409171,48.72465940624052,48.631476296024914,48.631476296024914,48.72465940624052,48.631476296024914,48.5848847409171,48.5848847409171,48.5848847409171,48.72465940624052,48.631476296024914,48.5848847409171,48.631476296024914,48.5848847409171,48.67806785113271,48.5848847409171,48.631476296024914,48.631476296024914,48.631476296024914,48.72465940624052,48.5848847409171,48.631476296024914,48.631476296024914,48.631476296024914,48.5848847409171,48.631476296024914,48.5848847409171,48.67806785113271,48.5848847409171,48.72465940624052,48.5848847409171,48.67806785113271,48.631476296024914,48.5848847409171,48.5848847409171,48.631476296024914,48.72465940624052,48.5848847409171,48.631476296024914,48.67806785113271,48.631476296024914,48.5848847409171,48.72465940624052,48.5848847409171,48.5848847409171,48.5848847409171,48.5848847409171,48.5848847409171,48.67806785113271,48.67806785113271,48.72465940624052,48.67806785113271,48.72465940624052,48.72465940624052,48.631476296024914,48.631476296024914,48.631476296024914,48.631476296024914,48.72465940624052,48.67806785113271,48.67806785113271,48.631476296024914,48.5848847409171,48.67806785113271,48.631476296024914,48.631476296024914,48.67806785113271,48.72465940624052,48.631476296024914,48.631476296024914,48.67806785113271,48.5848847409171,48.67806785113271,48.72465940624052,48.631476296024914,48.67806785113271,48.67806785113271,48.631476296024914,48.631476296024914,48.67806785113271,48.67806785113271,48.5848847409171,48.67806785113271,48.72465940624052,48.72465940624052,48.5848847409171,48.72465940624052,48.67806785113271,48.631476296024914,48.5848847409171,48.5848847409171,48.67806785113271,48.631476296024914,48.5848847409171,48.72465940624052,48.72465940624052,48.67806785113271,48.5848847409171,48.631476296024914,48.5848847409171,48.72465940624052,48.67806785113271,48.5848847409171,48.631476296024914,48.72465940624052,48.631476296024914,48.5848847409171,48.631476296024914,48.631476296024914,48.631476296024914,48.67806785113271,48.72465940624052,48.72465940624052,48.631476296024914,48.631476296024914,48.5848847409171,48.5848847409171,48.5848847409171,48.631476296024914,48.631476296024914,48.5848847409171,48.72465940624052,48.72465940624052,48.5848847409171,48.67806785113271,48.631476296024914,48.5848847409171,48.5848847409171,48.67806785113271,48.5848847409171,48.72465940624052,48.72465940624052,48.5848847409171,48.72465940624052,48.5848847409171,48.72465940624052,48.67806785113271,48.631476296024914,48.5848847409171,48.5848847409171,48.67806785113271,48.631476296024914,48.67806785113271,48.67806785113271,48.631476296024914,48.5848847409171,48.72465940624052,48.5848847409171,48.631476296024914,48.5848847409171,48.631476296024914,48.72465940624052,48.5848847409171,48.67806785113271,48.631476296024914,48.631476296024914
48.66652950362953,48.61913464584745,48.61913464584745,48.61913464584745,48.71392436141161,48.57173978806537,48.61913464584745,48.61913464584745,48.57173978806537,48.61913464584745,48.66652950362953,48.61913464584745,48.71392436141161,48.61913464584745,48.61913464584745,48.66652950362953,48.61913464584745,48.71392436141161,48.57173978806537,48.71392436141161,48.66652950362953,48.71392436141161,48.57173978806537,48.71392436141161,48.57173978806537,48.57173978806537,48.66652950362953,48.71392436141161,48.71392436141161,48.57173978806537,48.66652950362953,48.71392436141161,48.57173978806537,48.71392436141161,48.71392436141161,48.57173978806537,48.57173978806537,48.66652950362953,48.61913464584745,48.61913464584745,48.57173978806537,48.57173978806537,48.57173978806537,48.57173978806537,48.61913464584745,48.61913464584745,48.71392436141161,48.61913464584745,48.61913464584745,48.66652950362953,48.66652950362953,48.61913464584745,48.57173978806537,48.71392436141161,48.61913464584745,48.57173978806537,48.57173978806537,48.71392436141161,48.57173978806537,48.61913464584745,48.71392436141161,48.66652950362953,48.61913464584745,48.57173978806537,48.66652950362953,48.57173978806537,48.57173978806537,48.57173978806537,48.66652950362953,48.57173978806537,48.61913464584745,48.57173978806537,48.61913464584745,48.61913464584745,48.57173978806537,48.66652950362953,48.61913464584745,48.66652950362953,48.71392436141161,48.71392436141161,48.57173978806537,48.66652950362953,48.71392436141161,48.71392436141161,48.57173978806537,48.71392436141161,48.71392436141161,48.71392436141161,48.57173978806537,48.71392436141161,48.71392436141161,48.57173978806537,48.57173978806537,48.57173978806537,48.71392436141161,48.57173978806537,48.57173978806537,48.71392436141161,48.57173978806537,48.66652950362953,48.57173978806537,48.57173978806537,48.66652950362953,48.61913464584745,48.66652950362953,48.57173978806537,48.71392436141161,48.57173978806537,48.71392436141161,48.71392436141161,48.57173978806537,48.61913464584745,48.57173978806537,48.66652950362953,48.61913464584745,48.61913464584745,48.61913464584745,48.66652950362953,48.66652950362953,48.61913464584745,48.71392436141161,48.57173978806537,48.66652950362953,48.66652950362953,48.71392436141161,48.61913464584745,48.71392436141161,48.66652950362953,48.66652950362953,48.61913464584745,48.57173978806537,48.66652950362953,48.57173978806537,48.71392436141161,48.66652950362953,48.57173978806537,48.66652950362953,48.71392436141161,48.57173978806537,48.71392436141161,48.66652950362953,48.57173978806537,48.66652950362953,48.71392436141161,48.57173978806537,48.66652950362953,48.61913464584745,48.66652950362953,48.61913464584745,48.66652950362953,48.61913464584745,48.66652950362953,48.61913464584745,48.66652950362953,48.61913464584745,48.71392436141161,48.71392436141161,48.66652950362953,48.71392436141161,48.61913464584745,48.57173978806537,48.61913464584745,48.61913464584745,48.57173978806537,48.66652950362953,48.61913464584745,48.57173978806537,48.61913464584745,48.66652950362953,48.61913464584745,48.66652950362953,48.66652950362953,48.66652950362953,48.57173978806537,48.66652950362953,48.71392436141161,48.71392436141161,48.66652950362953,48.71392436141161,48.61913464584745,48.71392436141161,48.66652950362953,48.61913464584745,48.66652950362953,48.57173978806537,48.71392436141161,48.71392436141161,48.71392436141161,48.61913464584745,48.61913464584745,48.71392436141161,48.57173978806537,48.71392436141161,48.57173978806537,48.61913464584745,48.61913464584745,48.71392436141161,48.61913464584745,48.66652950362953,48.57173978806537
48.70318931658269,48.55859483521364,48.60679299566999,48.55859483521364,48.70318931658269,48.55859483521364,48.70318931658269,48.654991156126336,48.70318931658269,48.654991156126336,48.654991156126336,48.654991156126336,48.60679299566999,48.60679299566999,48.70318931658269,48.60679299566999,48.654991156126336,48.654991156126336,48.654991156126336,48.654991156126336,48.654991156126336,48.654991156126336,48.654991156126336,48.70318931658269,48.60679299566999,48.55859483521364,48.70318931658269,48.60679299566999,48.654991156126336,48.55859483521364,48.55859483521364,48.70318931658269,48.70318931658269,48.654991156126336,48.654991156126336,48.70318931658269,48.654991156126336,48.55859483521364,48.654991156126336,48.654991156126336,48.70318931658269,48.55859483521364,48.70318931658269,48.654991156126336,48.60679299566999,48.60679299566999,48.55859483521364,48.654991156126336,48.60679299566999,48.70318931658269,48.55859483521364,48.60679299566999,48.55859483521364,48.70318931658269,48.55859483521364,48.654991156126336,48.60679299566999,48.55859483521364,48.654991156126336,48.70318931658269,48.60679299566999,48.60679299566999,48.70318931658269,48.70318931658269,48.60679299566999,48.70318931658269,48.70318931658269,48.654991156126336,48.55859483521364,48.654991156126336,48.70318931658269,48.70318931658269,48.55859483521364,48.60679299566999,48.55859483521364,48.654991156126336,48.55859483521364,48.60679299566999,48.55859483521364,48.70318931658269,48.60679299566999,48.70318931658269,48.60679299566999,48.60679299566999,48.60679299566999,48.60679299566999,48.60679299566999,48.70318931658269,48.654991156126336,48.654991156126336,48.654991156126336,48.55859483521364,48.55859483521364,48.55859483521364,48.55859483521364,48.55859483521364,48.60679299566999,48.70318931658269,48.60679299566999,48.654991156126336,48.55859483521364,48.654991156126336,48.654991156126336,48.55859483521364,48.70318931658269,48.654991156126336,48.55859483521364,48.654991156126336,48.70318931658269,48.70318931658269,48.55859483521364,48.70318931658269,48.55859483521364,48.654991156126336,48.654991156126336,48.55859483521364,48.70318931658269,48.60679299566999,48.654991156126336,48.70318931658269,48.70318931658269,48.654991156126336,48.70318931658269,48.55859483521364,48.70318931658269,48.60679299566999,48.654991156126336,48.70318931658269,48.654991156126336,48.654991156126336,48.55859483521364,48.70318931658269,48.654991156126336,48.60679299566999,48.60679299566999,48.60679299566999,48.654991156126336,48.654991156126336,48.60679299566999,48.654991156126336,48.654991156126336,48.60679299566999,48.55859483521364,48.70318931658269,48.55859483521364,48.70318931658269,48.55859483521364,48.60679299566999,48.60679299566999,48.60679299566999,48.70318931658269,48.55859483521364,48.654991156126336,48.654991156126336,48.70318931658269,48.60679299566999,48.55859483521364,48.55859483521364,48.55859483521364,48.60679299566999,48.60679299566999,48.654991156126336,48.654991156126336,48.60679299566999,48.55859483521364,48.60679299566999,48.55859483521364,48.654991156126336,48.60679299566999,48.55859483521364,48.60679299566999,48.60679299566999,48.654991156126336,48.654991156126336,48.70318931658269,48.70318931658269,48.55859483521364,48.60679299566999,48.60679299566999,48.55859483521364,48.70318931658269,48.60679299566999,48.60679299566999,48.654991156126336,48.60679299566999,48.654991156126336,48.55859483521364,48.70318931658269,48.60679299566999,48.60679299566999,48.70318931658269,48.60679299566999,48.70318931658269,48.55859483521364,48.55859483521364,48.55859483521364,48.60679299566999,48.654991156126336,48.654991156126336,48.60679299566999
48.64345280862315,48.64345280862315,48.69245427175378,48.69245427175378,48.64345280862315,48.69245427175378,48.59445134549253,48.69245427175378,48.64345280862315,48.59445134549253,48.54544988236191,48.54544988236191,48.64345280862315,48.59445134549253,48.64345280862315,48.64345280862315,48.64345280862315,48.64345280862315,48.54544988236191,48.64345280862315,48.54544988236191,48.54544988236191,48.69245427175378,48.54544988236191,48.64345280862315,48.69245427175378,48.64345280862315,48.69245427175378,48.59445134549253,48.59445134549253,48.59445134549253,48.64345280862315,48.59445134549253,48.54544988236191,48.64345280862315,48.54544988236191,48.69245427175378,48.69245427175378,48.64345280862315,48.64345280862315,48.54544988236191,48.69245427175378,48.64345280862315,48.69245427175378,48.59445134549253,48.69245427175378,48.59445134549253,48.69245427175378,48.69245427175378,48.54544988236191,48.69245427175378,48.69245427175378,48.59445134549253,48.64345280862315,48.54544988236191,48.54544988236191,48.59445134549253,48.59445134549253,48.64345280862315,48.54544988236191,48.59445134549253,48.64345280862315,48.54544988236191,48.59445134549253,48.64345280862315,48.54544988236191,48.69245427175378,48.54544988236191,48.54544988236191,48.54544988236191,48.59445134549253,48.69245427175378,48.64345280862315,48.54544988236191,48.59445134549253,48.69245427175378,48.59445134549253,48.59445134549253,48.59445134549253,48.59445134549253,48.64345280862315,48.69245427175378,48.54544988236191,48.59445134549253,48.59445134549253,48.54544988236191,48.69245427175378,48.69245427175378,48.59445134549253,48.59445134549253,48.54544988236191,48.64345280862315,48.64345280862315,48.54544988236191,48.59445134549253,48.64345280862315,48.59445134549253,48.64345280862315,48.69245427175378,48.59445134549253,48.69245427175378,48.69245427175378,48.54544988236191,48.64345280862315,48.54544988236191,48.64345280862315,48.69245427175378,48.59445134549253,48.59445134549253,48.69245427175378,48.54544988236191,48.69245427175378,48.59445134549253,48.69245427175378,48.69245427175378,48.59445134549253,48.64345280862315,48.64345280862315,48.59445134549253,48.59445134549253,48.69245427175378,48.59445134549253,48.64345280862315,48.54544988236191,48.59445134549253,48.54544988236191,48.59445134549253,48.69245427175378,48.54544988236191,48.54544988236191,48.64345280862315,48.54544988236191,48.64345280862315,48.69245427175378,48.64345280862315,48.64345280862315,48.69245427175378,48.54544988236191,48.59445134549253,48.59445134549253,48.59445134549253,48.59445134549253,48.69245427175378,48.54544988236191,48.54544988236191,48.69245427175378,48.59445134549253,48.54544988236191,48.69245427175378,48.69245427175378,48.64345280862315,48.54544988236191,48.54544988236191,48.64345280862315,48.54544988236191,48.54544988236191,48.59445134549253,48.69245427175378,48.54544988236191,48.59445134549253,48.64345280862315,48.59445134549253,48.59445134549253,48.69245427175378,48.54544988236191,48.59445134549253,48.64345280862315,48.69245427175378,48.69245427175378,48.54544988236191,48.64345280862315,48.69245427175378,48.64345280862315,48.64345280862315,48.59445134549253,48.69245427175378,48.54544988236191,48.69245427175378,48.59445134549253,48.69245427175378,48.59445134549253,48.69245427175378,48.69245427175378,48.59445134549253,48.54544988236191,48.64345280862315,48.69245427175378,48.64345280862315,48.54544988236191,48.54544988236191,48.59445134549253,48.64345280862315,48.59445134549253,48.69245427175378,48.69245427175378,48.64345280862315,48.59445134549253,48.54544988236191,48.59445134549253,48.69245427175378
48.63191446111997,48.681719226924855,48.681719226924855,48.58210969531507,48.681719226924855,48.681719226924855,48.63191446111997,48.58210969531507,48.681719226924855,48.63191446111997,48.681719226924855,48.63191446111997,48.532304929510175,48.681719226924855,48.532304929510175,48.63191446111997,48.532304929510175,48.681719226924855,48.681719226924855,48.58210969531507,48.681719226924855,48.58210969531507,48.58210969531507,48.63191446111997,48.58210969531507,48.532304929510175,48.681719226924855,48.681719226924855,48.58210969531507,48.681719226924855,48.58210969531507,48.63191446111997,48.58210969531507,48.681719226924855,48.63191446111997,48.58210969531507,48.63191446111997,48.532304929510175,48.532304929510175,48.532304929510175,48.58210969531507,48.63191446111997,48.58210969531507,48.63191446111997,48.58210969531507,48.681719226924855,48.58210969531507,48.532304929510175,48.532304929510175,48.681719226924855,48.63191446111997,48.681719226924855,48.63191446111997,48.532304929510175,48.681719226924855,48.532304929510175,48.532304929510175,48.58210969531507,48.63191446111997,48.532304929510175,48.63191446111997,48.58210969531507,48.63191446111997,48.58210969531507,48.532304929510175,48.681719226924855,48.532304929510175,48.681719226924855,48.58210969531507,48.532304929510175,48.532304929510175,48.58210969531507,48.532304929510175,48.63191446111997,48.532304929510175,48.681719226924855,48.63191446111997,48.58210969531507,48.63191446111997,48.58210969531507,48.681719226924855,48.63191446111997,48.63191446111997,48.681719226924855,48.532304929510175,48.532304929510175,48.681719226924855,48.58210969531507,48.532304929510175,48.63191446111997,48.58210969531507,48.63191446111997,48.681719226924855,48.63191446111997,48.532304929510175,48.681719226924855,48.58210969531507,48.681719226924855,48.532304929510175,48.681719226924855,48.58210969531507,48.532304929510175,48.681719226924855,48.681719226924855,48.58210969531507,48.58210969531507,48.532304929510175,48.681719226924855,48.681719226924855,48.63191446111997,48.681719226924855,48.532304929510175,48.63191446111997,48.532304929510175,48.63191446111997,48.681719226924855,48.681719226924855,48.532304929510175,48.63191446111997,48.532304929510175,48.532304929510175,48.58210969531507,48.532304929510175,48.63191446111997,48.63191446111997,48.681719226924855,48.58210969531507,48.532304929510175,48.63191446111997,48.58210969531507,48.532304929510175,48.532304929510175,48.63191446111997,48.63191446111997,48.58210969531507,48.63191446111997,48.63191446111997,48.58210969531507,48.532304929510175,48.63191446111997,48.532304929510175,48.681719226924855,48.681719226924855,48.63191446111997,48.681719226924855,48.58210969531507,48.63191446111997,48.63191446111997,48.532304929510175,48.58210969531507,48.63191446111997,48.681719226924855,48.58210969531507,48.58210969531507,48.532304929510175,48.58210969531507,48.681719226924855,48.532304929510175,48.532304929510175,48.532304929510175,48.63191446111997,48.63191446111997,48.58210969531507,48.63191446111997,48.63191446111997,48.63191446111997,48.681719226924855,48.58210969531507,48.58210969531507,48.532304929510175,48.681719226924855,48.58210969531507,48.532304929510175,48.681719226924855,48.63191446111997,48.63191446111997,48.58210969531507,48.63191446111997,48.63191446111997,48.681719226924855,48.63191446111997,48.58210969531507,48.532304929510175,48.63191446111997,48.63191446111997,48.63191446111997,48.63191446111997,48.58210969531507,48.58210969531507,48.681719226924855,48.63191446111997,48.532304929510175,48.681719226924855,48.532304929510175,48.63191446111997,48.681719226924855,48.63191446111997,48.58210969531507,48.532304929510175,48.532304929510175
48.67098418209595,48.56976804513762,48.56976804513762,48.56976804513762,48.67098418209595,48.62037611361678,48.51915997665844,48.62037611361678,48.67098418209595,48.51915997665844,48.67098418209595,48.56976804513762,48.67098418209595,48.67098418209595,48.51915997665844,48.67098418209595,48.56976804513762,48.62037611361678,48.62037611361678,48.62037611361678,48.56976804513762,48.67098418209595,48.67098418209595,48.62037611361678,48.67098418209595,48.62037611361678,48.56976804513762,48.62037611361678,48.56976804513762,48.56976804513762,48.67098418209595,48.62037611361678,48.67098418209595,48.62037611361678,48.51915997665844,48.67098418209595,48.62037611361678,48.56976804513762,48.51915997665844,48.51915997665844,48.51915997665844,48.67098418209595,48.56976804513762,48.67098418209595,48.51915997665844,48.51915997665844,48.56976804513762,48.67098418209595,48.67098418209595,48.56976804513762,48.51915997665844,48.62037611361678,48.62037611361678,48.62037611361678,48.62037611361678,48.67098418209595,48.67098418209595,48.56976804513762,48.67098418209595,48.67098418209595,48.51915997665844,48.51915997665844,48.56976804513762,48.62037611361678,48.62037611361678,48.56976804513762,48.51915997665844,48.67098418209595,48.51915997665844,48.56976804513762,48.51915997665844,48.51915997665844,48.56976804513762,48.67098418209595,48.51915997665844,48.56976804513762,48.67098418209595,48.51915997665844,48.67098418209595,48.51915997665844,48.62037611361678,48.56976804513762,48.56976804513762,48.56976804513762,48.51915997665844,48.51915997665844,48.67098418209595,48.51915997665844,48.62037611361678,48.51915997665844,48.51915997665844,48.62037611361678,48.62037611361678,48.62037611361678,48.62037611361678,48.51915997665844,48.67098418209595,48.56976804513762,48.51915997665844,48.51915997665844,48.51915997665844,48.56976804513762,48.67098418209595,48.62037611361678,48.67098418209595,48.62037611361678,48.56976804513762,48.56976804513762,48.56976804513762,48.67098418209595,48.51915997665844,48.51915997665844,48.51915997665844,48.62037611361678,48.51915997665844,48.56976804513762,48.51915997665844,48.51915997665844,48.51915997665844,48.56976804513762,48.56976804513762,48.62037611361678,48.51915997665844,48.51915997665844,48.56976804513762,48.51915997665844,48.67098418209595,48.62037611361678,48.67098418209595,48.56976804513762,48.51915997665844,48.56976804513762,48.62037611361678,48.51915997665844,48.62037611361678,48.62037611361678,48.51915997665844,48.51915997665844,48.67098418209595,48.56976804513762,48.51915997665844,48.67098418209595,48.67098418209595,48.56976804513762,48.51915997665844,48.62037611361678,48.56976804513762,48.56976804513762,48.67098418209595,48.67098418209595,48.51915997665844,48.56976804513762,48.51915997665844,48.67098418209595,48.56976804513762,48.67098418209595,48.51915997665844,48.67098418209595,48.67098418209595,48.62037611361678,48.62037611361678,48.51915997665844,48.56976804513762,48.51915997665844,48.51915997665844,48.62037611361678,48.51915997665844,48.67098418209595,48.51915997665844,48.51915997665844,48.51915997665844,48.62037611361678,48.67098418209595,48.51915997665844,48.51915997665844,48.67098418209595,48.51915997665844,48.67098418209595,48.51915997665844,48.51915997665844,48.51915997665844,48.67098418209595,48.62037611361678,48.62037611361678,48.62037611361678,48.62037611361678,48.51915997665844,48.56976804513762,48.56976804513762,48.56976804513762,48.67098418209595,48.51915997665844,48.51915997665844,48.56976804513762,48.56976804513762,48.56976804513762,48.62037611361678,48.67098418209595,48.62037611361678,48.62037611361678
48.66024913726703,48.55742639496016,48.55742639496016,48.50601502380671,48.55742639496016,48.6088377661136,48.6088377661136,48.66024913726703,48.50601502380671,48.66024913726703,48.50601502380671,48.55742639496016,48.50601502380671,48.6088377661136,48.50601502380671,48.6088377661136,48.6088377661136,48.50601502380671,48.6088377661136,48.50601502380671,48.50601502380671,48.66024913726703,48.66024913726703,48.66024913726703,48.6088377661136,48.55742639496016,48.50601502380671,48.55742639496016,48.50601502380671,48.55742639496016,48.66024913726703,48.6088377661136,48.6088377661136,48.50601502380671,48.66024913726703,48.66024913726703,48.66024913726703,48.66024913726703,48.6088377661136,48.50601502380671,48.55742639496016,48.6088377661136,48.6088377661136,48.66024913726703,48.50601502380671,48.66024913726703,48.55742639496016,48.50601502380671,48.66024913726703,48.6088377661136,48.66024913726703,48.6088377661136,48.66024913726703,48.50601502380671,48.50601502380671,48.50601502380671,48.66024913726703,48.55742639496016,48.66024913726703,48.55742639496016,48.6088377661136,48.55742639496016,48.50601502380671,48.55742639496016,48.66024913726703,48.55742639496016,48.6088377661136,48.55742639496016,48.50601502380671,48.55742639496016,48.50601502380671,48.55742639496016,48.6088377661136,48.50601502380671,48.55742639496016,48.55742639496016,48.66024913726703,48.66024913726703,48.50601502380671,48.55742639496016,48.55742639496016,48.66024913726703,48.55742639496016,48.66024913726703,48.50601502380671,48.6088377661136,48.66024913726703,48.55742639496016,48.55742639496016,48.50601502380671,48.66024913726703,48.50601502380671,48.66024913726703,48.50601502380671,48.66024913726703,48.50601502380671,48.66024913726703,48.66024913726703,48.6088377661136,48.50601502380671,48.50601502380671,48.55742639496016,48.50601502380671,48.6088377661136,48.66024913726703,48.6088377661136,48.50601502380671,48.66024913726703,48.55742639496016,48.6088377661136,48.66024913726703,48.6088377661136,48.6088377661136,48.55742639496016,48.50601502380671,48.55742639496016,48.6088377661136,48.66024913726703,48.6088377661136,48.66024913726703,48.55742639496016,48.55742639496016,48.66024913726703,48.66024913726703,48.6088377661136,48.55742639496016,48.55742639496016,48.66024913726703,48.50601502380671,48.50601502380671,48.66024913726703,48.50601502380671,48.66024913726703,48.55742639496016,48.66024913726703,48.55742639496016,48.66024913726703,48.55742639496016,48.55742639496016,48.50601502380671,48.6088377661136,48.55742639496016,48.66024913726703,48.50601502380671,48.50601502380671,48.55742639496016,48.55742639496016,48.66024913726703,48.6088377661136,48.66024913726703,48.55742639496016,48.50601502380671,48.66024913726703,48.50601502380671,48.6088377661136,48.66024913726703,48.66024913726703,48.50601502380671,48.55742639496016,48.6088377661136,48.50601502380671,48.66024913726703,48.6088377661136,48.55742639496016,48.50601502380671,48.6088377661136,48.50601502380671,48.55742639496016,48.55742639496016,48.6088377661136,48.66024913726703,48.6088377661136,48.66024913726703,48.55742639496016,48.50601502380671,48.50601502380671,48.6088377661136,48.50601502380671,48.55742639496016,48.50601502380671,48.6088377661136,48.55742639496016,48.6088377661136,48.55742639496016,48.6088377661136,48.55742639496016,48.66024913726703,48.6088377661136,48.66024913726703,48.6088377661136,48.6088377661136,48.50601502380671,48.6088377661136,48.66024913726703,48.55742639496016,48.50601502380671,48.66024913726703,48.66024913726703,48.66024913726703,48.66024913726703
48.5450847447827,48.492870070954986,48.492870070954986,48.5450847447827,48.64951409243812,48.597299418610405,48.492870070954986,48.597299418610405,48.492870070954986,48.5450847447827,48.5450847447827,48.492870070954986,48.597299418610405,48.64951409243812,48.492870070954986,48.492870070954986,48.5450847447827,48.64951409243812,48.492870070954986,48.597299418610405,48.64951409243812,48.597299418610405,48.597299418610405,48.597299418610405,48.492870070954986,48.492870070954986,48.492870070954986,48.492870070954986,48.5450847447827,48.5450847447827,48.492870070954986,48.492870070954986,48.64951409243812,48.492870070954986,48.5450847447827,48.64951409243812,48.64951409243812,48.5450847447827,48.5450847447827,48.597299418610405,48.597299418610405,48.597299418610405,48.597299418610405,48.597299418610405,48.5450847447827,48.5450847447827,48.5450847447827,48.64951409243812,48.597299418610405,48.64951409243812,48.64951409243812,48.64951409243812,48.492870070954986,48.5450847447827,48.597299418610405,48.5450847447827,48.492870070954986,48.64951409243812,48.64951409243812,48.492870070954986,48.492870070954986,48.597299418610405,48.5450847447827,48.492870070954986,48.5450847447827,48.492870070954986,48.5450847447827,48.64951409243812,48.597299418610405,48.597299418610405,48.64951409243812,48.492870070954986,48.64951409243812,48.597299418610405,48.492870070954986,48.5450847447827,48.5450847447827,48.492870070954986,48.597299418610405,48.492870070954986,48.492870070954986,48.64951409243812,48.492870070954986,48.5450847447827,48.5450847447827,48.597299418610405,48.597299418610405,48.64951409243812,48.64951409243812,48.597299418610405,48.5450847447827,48.5450847447827,48.597299418610405,48.5450847447827,48.64951409243812,48.64951409243812,48.5450847447827,48.597299418610405,48.5450847447827,48.492870070954986,48.597299418610405,48.64951409243812,48.492870070954986,48.64951409243812,48.64951409243812,48.597299418610405,48.597299418610405,48.492870070954986,48.597299418610405,48.5450847447827,48.64951409243812,48.492870070954986,48.492870070954986,48.64951409243812,48.64951409243812,48.492870070954986,48.64951409243812,48.5450847447827,48.492870070954986,48.492870070954986,48.492870070954986,48.64951409243812,48.64951409243812,48.597299418610405,48.64951409243812,48.492870070954986,48.64951409243812,48.64951409243812,48.492870070954986,48.5450847447827,48.597299418610405,48.492870070954986,48.597299418610405,48.597299418610405,48.5450847447827,48.5450847447827,48.492870070954986,48.597299418610405,48.64951409243812,48.64951409243812,48.64951409243812,48.64951409243812,48.64951409243812,48.64951409243812,48.597299418610405,48.597299418610405,48.64951409243812,48.5450847447827,48.597299418610405,48.5450847447827,48.492870070954986,48.492870070954986,48.597299418610405,48.5450847447827,48.597299418610405,48.597299418610405,48.64951409243812,48.5450847447827,48.5450847447827,48.5450847447827,48.492870070954986,48.5450847447827,48.5450847447827,48.492870070954986,48.492870070954986,48.492870070954986,48.492870070954986,48.5450847447827,48.597299418610405,48.5450847447827,48.5450847447827,48.597299418610405,48.492870070954986,48.5450847447827,48.5450847447827,48.64951409243812,48.5450847447827,48.597299418610405,48.5450847447827,48.492870070954986,48.5450847447827,48.64951409243812,48.5450847447827,48.64951409243812,48.492870070954986,48.597299418610405,48.492870070954986,48.492870070954986,48.64951409243812,48.597299418610405,48.5450847447827,48.597299418610405,48.5450847447827,48.5450847447827,48.64951409243812,48.5450847447827,48.597299418610405,48.597299418610405,48.64951409243812,48.5450847447827
48.479725118103254,48.479725118103254,48.6387790476092,48.6387790476092,48.585761071107214,48.53274309460524,48.479725118103254,48.53274309460524,48.479725118103254,48.6387790476092,48.479725118103254,48.6387790476092,48.6387790476092,48.585761071107214,48.6387790476092,48.6387790476092,48.6387790476092,48.53274309460524,48.479725118103254,48.6387790476092,48.53274309460524,48.479725118103254,48.6387790476092,48.479725118103254,48.479725118103254,48.53274309460524,48.479725118103254,48.53274309460524,48.53274309460524,48.6387790476092,48.6387790476092,48.585761071107214,48.479725118103254,48.479725118103254,48.53274309460524,48.6387790476092,48.53274309460524,48.53274309460524,48.53274309460524,48.53274309460524,48.479725118103254,48.479725118103254,48.6387790476092,48.53274309460524,48.53274309460524,48.6387790476092,48.585761071107214,48.53274309460524,48.479725118103254,48.53274309460524,48.585761071107214,48.479725118103254,48.53274309460524,48.585761071107214,48.6387790476092,48.479725118103254,48.53274309460524,48.6387790476092,48.53274309460524,48.6387790476092,48.53274309460524,48.6387790476092,48.479725118103254,48.479725118103254,48.479725118103254,48.53274309460524,48.53274309460524,48.585761071107214,48.6387790476092,48.479725118103254,48.53274309460524,48.53274309460524,48.6387790476092,48.53274309460524,48.479725118103254,48.53274309460524,48.479725118103254,48.479725118103254,48.6387790476092,48.585761071107214,48.585761071107214,48.479725118103254,48.6387790476092,48.53274309460524,48.479725118103254,48.479725118103254,48.53274309460524,48.6387790476092,48.53274309460524,48.585761071107214,48.585761071107214,48.479725118103254,48.6387790476092,48.479725118103254,48.53274309460524,48.53274309460524,48.6387790476092,48.479725118103254,48.53274309460524,48.585761071107214,48.585761071107214,48.479725118103254,48.53274309460524,48.6387790476092,48.53274309460524,48.53274309460524,48.479725118103254,48.479725118103254,48.585761071107214,48.6387790476092,48.479725118103254,48.585761071107214,48.53274309460524,48.479725118103254,48.6387790476092,48.6387790476092,48.6387790476092,48.585761071107214,48.585761071107214,48.585761071107214,48.479725118103254,48.6387790476092,48.479725118103254,48.6387790476092,48.6387790476092,48.53274309460524,48.6387790476092,48.585761071107214,48.585761071107214,48.585761071107214,48.479725118103254,48.6387790476092,48.479725118103254,48.53274309460524,48.53274309460524,48.53274309460524,48.479725118103254,48.6387790476092,48.479725118103254,48.585761071107214,48.479725118103254,48.479725118103254,48.479725118103254,48.53274309460524,48.6387790476092,48.585761071107214,48.53274309460524,48.6387790476092,48.585761071107214,48.479725118103254,48.53274309460524,48.479725118103254,48.479725118103254,48.585761071107214,48.585761071107214,48.6387790476092,48.53274309460524,48.53274309460524,48.585761071107214,48.6387790476092,48.585761071107214,48.585761071107214,48.6387790476092,48.585761071107214,48.53274309460524,48.53274309460524,48.585761071107214,48.479725118103254,48.53274309460524,48.585761071107214,48.53274309460524,48.53274309460524,48.585761071107214,48.479725118103254,48.6387790476092,48.585761071107214,48.6387790476092,48.479725118103254,48.479725118103254,48.6387790476092,48.53274309460524,48.479725118103254,48.585761071107214,48.585761071107214,48.6387790476092,48.53274309460524,48.6387790476092,48.53274309460524,48.53274309460524,48.479725118103254,48.479725118103254,48.53274309460524,48.6387790476092,48.479725118103254,48.479725118103254,48.53274309460524,48.479725118103254,48.479725118103254,48.479725118103254,48.53274309460524
48.62804400278029,48.62804400278029,48.520401444427776,48.46658016525152,48.46658016525152,48.520401444427776,48.57422272360404,48.520401444427776,48.57422272360404,48.62804400278029,48.46658016525152,48.62804400278029,48.57422272360404,48.46658016525152,48.46658016525152,48.57422272360404,48.57422272360404,48.57422272360404,48.57422272360404,48.46658016525152,48.46658016525152,48.46658016525152,48.46658016525152,48.62804400278029,48.62804400278029,48.520401444427776,48.46658016525152,48.520401444427776,48.520401444427776,48.57422272360404,48.520401444427776,48.520401444427776,48.57422272360404,48.46658016525152,48.520401444427776,48.57422272360404,48.520401444427776,48.520401444427776,48.57422272360404,48.46658016525152,48.46658016525152,48.46658016525152,48.62804400278029,48.57422272360404,48.57422272360404,48.62804400278029,48.57422272360404,48.57422272360404,48.62804400278029,48.520401444427776,48.57422272360404,48.62804400278029,48.520401444427776,48.520401444427776,48.46658016525152,48.57422272360404,48.57422272360404,48.57422272360404,48.46658016525152,48.57422272360404,48.57422272360404,48.46658016525152,48.46658016525152,48.57422272360404,48.62804400278029,48.46658016525152,48.520401444427776,48.520401444427776,48.57422272360404,48.57422272360404,48.62804400278029,48.520401444427776,48.46658016525152,48.62804400278029,48.520401444427776,48.520401444427776,48.62804400278029,48.520401444427776,48.62804400278029,48.46658016525152,48.46658016525152,48.62804400278029,48.57422272360404,48.57422272360404,48.57422272360404,48.46658016525152,48.62804400278029,48.62804400278029,48.46658016525152,48.62804400278029,48.57422272360404,48.520401444427776,48.57422272360404,48.57422272360404,48.62804400278029,48.520401444427776,48.46658016525152,48.46658016525152,48.520401444427776,48.520401444427776,48.520401444427776,48.57422272360404,48.46658016525152,48.62804400278029,48.46658016525152,48.46658016525152,48.57422272360404,48.46658016525152,48.46658016525152,48.520401444427776,48.520401444427776,48.57422272360404,48.62804400278029,48.57422272360404,48.520401444427776,48.57422272360404,48.520401444427776,48.62804400278029,48.520401444427776,48.57422272360404,48.57422272360404,48.62804400278029,48.62804400278029,48.520401444427776,48.520401444427776,48.520401444427776,48.62804400278029,48.57422272360404,48.62804400278029,48.520401444427776,48.46658016525152,48.46658016525152,48.520401444427776,48.57422272360404,48.520401444427776,48.520401444427776,48.62804400278029,48.46658016525152,48.62804400278029,48.57422272360404,48.520401444427776,48.46658016525152,48.520401444427776,48.57422272360404,48.46658016525152,48.57422272360404,48.57422272360404,48.62804400278029,48.57422272360404,48.520401444427776,48.520401444427776,48.46658016525152,48.520401444427776,48.520401444427776,48.62804400278029,48.520401444427776,48.46658016525152,48.57422272360404,48.520401444427776,48.57422272360404,48.62804400278029,48.57422272360404,48.57422272360404,48.62804400278029,48.520401444427776,48.520401444427776,48.46658016525152,48.46658016525152,48.520401444427776,48.57422272360404,48.46658016525152,48.520401444427776,48.57422272360404,48.46658016525152,48.46658016525152,48.46658016525152,48.46658016525152,48.46658016525152,48.62804400278029,48.46658016525152,48.57422272360404,48.57422272360404,48.57422272360404,48.62804400278029,48.57422272360404,48.62804400278029,48.57422272360404,48.520401444427776,48.57422272360404,48.57422272360404,48.57422272360404,48.62804400278029,48.57422272360404,48.46658016525152,48.57422272360404,48.46658016525152,48.57422272360404,48.62804400278029,48.62804400278029,48.46658016525152
48.508059794250315,48.45343521239979,48.56268437610085,48.508059794250315,48.56268437610085,48.56268437610085,48.61730895795138,48.45343521239979,48.56268437610085,48.508059794250315,48.61730895795138,48.61730895795138,48.508059794250315,48.61730895795138,48.61730895795138,48.508059794250315,48.61730895795138,48.56268437610085,48.56268437610085,48.61730895795138,48.56268437610085,48.56268437610085,48.508059794250315,48.61730895795138,48.61730895795138,48.56268437610085,48.61730895795138,48.61730895795138,48.45343521239979,48.56268437610085,48.45343521239979,48.45343521239979,48.61730895795138,48.45343521239979,48.61730895795138,48.56268437610085,48.45343521239979,48.56268437610085,48.45343521239979,48.61730895795138,48.45343521239979,48.61730895795138,48.61730895795138,48.508059794250315,48.61730895795138,48.61730895795138,48.508059794250315,48.56268437610085,48.508059794250315,48.508059794250315,48.61730895795138,48.45343521239979,48.45343521239979,48.508059794250315,48.61730895795138,48.508059794250315,48.56268437610085,48.56268437610085,48.45343521239979,48.508059794250315,48.45343521239979,48.45343521239979,48.508059794250315,48.508059794250315,48.45343521239979,48.61730895795138,48.45343521239979,48.45343521239979,48.508059794250315,48.45343521239979,48.56268437610085,48.508059794250315,48.508059794250315,48.45343521239979,48.61730895795138,48.61730895795138,48.56268437610085,48.508059794250315,48.61730895795138,48.61730895795138,48.508059794250315,48.508059794250315,48.45343521239979,48.61730895795138,48.56268437610085,48.45343521239979,48.56268437610085,48.508059794250315,48.56268437610085,48.508059794250315,48.45343521239979,48.61730895795138,48.508059794250315,48.508059794250315,48.508059794250315,48.45343521239979,48.56268437610085,48.56268437610085,48.61730895795138,48.508059794250315,48.45343521239979,48.56268437610085,48.508059794250315,48.508059794250315,48.56268437610085,48.56268437610085,48.56268437610085,48.508059794250315,48.508059794250315,48.508059794250315,48.508059794250315,48.508059794250315,48.61730895795138,48.56268437610085,48.56268437610085,48.61730895795138,48.56268437610085,48.56268437610085,48.56268437610085,48.508059794250315,48.45343521239979,48.508059794250315,48.508059794250315,48.61730895795138,48.61730895795138,48.61730895795138,48.61730895795138,48.45343521239979,48.508059794250315,48.45343521239979,48.45343521239979,48.56268437610085,48.56268437610085,48.61730895795138,48.508059794250315,48.61730895795138,48.45343521239979,48.45343521239979,48.508059794250315,48.56268437610085,48.56268437610085,48.45343521239979,48.56268437610085,48.45343521239979,48.61730895795138,48.61730895795138,48.45343521239979,48.61730895795138,48.56268437610085,48.508059794250315,48.61730895795138,48.56268437610085,48.508059794250315,48.45343521239979,48.508059794250315,48.56268437610085,48.56268437610085,48.508059794250315,48.61730895795138,48.45343521239979,48.56268437610085,48.508059794250315,48.56268437610085,48.56268437610085,48.61730895795138,48.45343521239979,48.61730895795138,48.508059794250315,48.56268437610085,48.45343521239979,48.56268437610085,48.45343521239979,48.56268437610085,48.508059794250315,48.508059794250315,48.508059794250315,48.61730895795138,48.56268437610085,48.61730895795138,48.56268437610085,48.61730895795138,48.508059794250315,48.508059794250315,48.56268437610085,48.61730895795138,48.61730895795138,48.508059794250315,48.45343521239979,48.508059794250315,48.61730895795138,48.508059794250315,48.508059794250315,48.61730895795138,48.508059794250315,48.508059794250315,48.45343521239979,48.508059794250315,48.508059794250315,48.61730895795138,48.508059794250315
48.55114602859766,48.44029025954805,48.49571814407285,48.55114602859766,48.44029025954805,48.55114602859766,48.60657391312246,48.49571814407285,48.60657391312246,48.60657391312246,48.49571814407285,48.44029025954805,48.49571814407285,48.49571814407285,48.44029025954805,48.60657391312246,48.49571814407285,48.55114602859766,48.44029025954805,48.44029025954805,48.44029025954805,48.49571814407285,48.55114602859766,48.60657391312246,48.60657391312246,48.44029025954805,48.44029025954805,48.49571814407285,48.49571814407285,48.55114602859766,48.55114602859766,48.44029025954805,48.49571814407285,48.60657391312246,48.44029025954805,48.60657391312246,48.55114602859766,48.60657391312246,48.44029025954805,48.44029025954805,48.49571814407285,48.44029025954805,48.55114602859766,48.44029025954805,48.60657391312246,48.60657391312246,48.60657391312246,48.44029025954805,48.49571814407285,48.49571814407285,48.55114602859766,48.49571814407285,48.49571814407285,48.44029025954805,48.44029025954805,48.60657391312246,48.60657391312246,48.60657391312246,48.60657391312246,48.55114602859766,48.49571814407285,48.55114602859766,48.49571814407285,48.49571814407285,48.60657391312246,48.49571814407285,48.55114602859766,48.60657391312246,48.60657391312246,48.49571814407285,48.49571814407285,48.44029025954805,48.44029025954805,48.55114602859766,48.60657391312246,48.55114602859766,48.60657391312246,48.49571814407285,48.60657391312246,48.60657391312246,48.49571814407285,48.49571814407285,48.60657391312246,48.60657391312246,48.55114602859766,48.44029025954805,48.44029025954805,48.44029025954805,48.60657391312246,48.60657391312246,48.49571814407285,48.60657391312246,48.44029025954805,48.60657391312246,48.44029025954805,48.44029025954805,48.55114602859766,48.44029025954805,48.49571814407285,48.55114602859766,48.60657391312246,48.55114602859766,48.49571814407285,48.60657391312246,48.60657391312246,48.44029025954805,48.60657391312246,48.49571814407285,48.49571814407285,48.60657391312246,48.55114602859766,48.60657391312246,48.49571814407285,48.60657391312246,48.44029025954805,48.55114602859766,48.44029025954805,48.60657391312246,48.55114602859766,48.55114602859766,48.49571814407285,48.44029025954805,48.55114602859766,48.44029025954805,48.44029025954805,48.60657391312246,48.60657391312246,48.44029025954805,48.55114602859766,48.55114602859766,48.55114602859766,48.55114602859766,48.55114602859766,48.49571814407285,48.55114602859766,48.55114602859766,48.55114602859766,48.44029025954805,48.55114602859766,48.49571814407285,48.55114602859766,48.44029025954805,48.49571814407285,48.60657391312246,48.44029025954805,48.49571814407285,48.44029025954805,48.60657391312246,48.60657391312246,48.60657391312246,48.49571814407285,48.49571814407285,48.60657391312246,48.49571814407285,48.44029025954805,48.55114602859766,48.49571814407285,48.60657391312246,48.49571814407285,48.44029025954805,48.55114602859766,48.55114602859766,48.49571814407285,48.60657391312246,48.49571814407285,48.49571814407285,48.55114602859766,48.55114602859766,48.55114602859766,48.44029025954805,48.49571814407285,48.49571814407285,48.60657391312246,48.60657391312246,48.49571814407285,48.55114602859766,48.49571814407285,48.49571814407285,48.55114602859766,48.60657391312246,48.49571814407285,48.55114602859766,48.44029025954805,48.49571814407285,48.55114602859766,48.44029025954805,48.55114602859766,48.60657391312246,48.44029025954805,48.60657391312246,48.44029025954805,48.55114602859766,48.55114602859766,48.44029025954805,48.55114602859766,48.49571814407285,48.60657391312246,48.49571814407285,48.60657391312246,48.44029025954805
48.42714530669632,48.483376493895406,48.59583886829355,48.59583886829355,48.42714530669632,48.42714530669632,48.483376493895406,48.483376493895406,48.59583886829355,48.42714530669632,48.42714530669632,48.42714530669632,48.483376493895406,48.53960768109447,48.53960768109447,48.483376493895406,48.42714530669632,48.59583886829355,48.59583886829355,48.42714530669632,48.42714530669632,48.42714530669632,48.42714530669632,48.53960768109447,48.483376493895406,48.483376493895406,48.53960768109447,48.53960768109447,48.59583886829355,48.42714530669632,48.483376493895406,48.59583886829355,48.42714530669632,48.59583886829355,48.42714530669632,48.59583886829355,48.42714530669632,48.59583886829355,48.42714530669632,48.42714530669632,48.42714530669632,48.42714530669632,48.42714530669632,48.59583886829355,48.42714530669632,48.53960768109447,48.483376493895406,48.483376493895406,48.483376493895406,48.59583886829355,48.42714530669632,48.53960768109447,48.483376493895406,48.42714530669632,48.483376493895406,48.53960768109447,48.483376493895406,48.42714530669632,48.53960768109447,48.42714530669632,48.483376493895406,48.483376493895406,48.42714530669632,48.483376493895406,48.42714530669632,48.483376493895406,48.42714530669632,48.59583886829355,48.42714530669632,48.53960768109447,48.42714530669632,48.483376493895406,48.59583886829355,48.53960768109447,48.483376493895406,48.483376493895406,48.53960768109447,48.53960768109447,48.483376493895406,48.483376493895406,48.483376493895406,48.42714530669632,48.483376493895406,48.483376493895406,48.59583886829355,48.59583886829355,48.53960768109447,48.483376493895406,48.483376493895406,48.483376493895406,48.42714530669632,48.483376493895406,48.59583886829355,48.483376493895406,48.483376493895406,48.59583886829355,48.42714530669632,48.42714530669632,48.42714530669632,48.59583886829355,48.483376493895406,48.42714530669632,48.53960768109447,48.59583886829355,48.53960768109447,48.42714530669632,48.53960768109447,48.42714530669632,48.59583886829355,48.59583886829355,48.42714530669632,48.53960768109447,48.53960768109447,48.483376493895406,48.483376493895406,48.483376493895406,48.53960768109447,48.59583886829355,48.483376493895406,48.42714530669632,48.59583886829355,48.483376493895406,48.483376493895406,48.53960768109447,48.42714530669632,48.53960768109447,48.42714530669632,48.42714530669632,48.59583886829355,48.483376493895406,48.42714530669632,48.59583886829355,48.483376493895406,48.42714530669632,48.59583886829355,48.53960768109447,48.53960768109447,48.59583886829355,48.53960768109447,48.59583886829355,48.53960768109447,48.483376493895406,48.42714530669632,48.42714530669632,48.59583886829355,48.483376493895406,48.59583886829355,48.53960768109447,48.59583886829355,48.53960768109447,48.42714530669632,48.59583886829355,48.42714530669632,48.483376493895406,48.42714530669632,48.53960768109447,48.42714530669632,48.53960768109447,48.53960768109447,48.483376493895406,48.53960768109447,48.483376493895406,48.59583886829355,48.53960768109447,48.53960768109447,48.59583886829355,48.42714530669632,48.53960768109447,48.59583886829355,48.483376493895406,48.59583886829355,48.483376493895406,48.483376493895406,48.42714530669632,48.59583886829355,48.59583886829355,48.42714530669632,48.53960768109447,48.42714530669632,48.53960768109447,48.59583886829355,48.53960768109447,48.53960768109447,48.53960768109447,48.42714530669632,48.483376493895406,48.59583886829355,48.483376493895406,48.42714530669632,48.59583886829355,48.53960768109447,48.59583886829355,48.483376493895406,48.53960768109447,48.483376493895406,48.53960768109447,48.42714530669632,48.42714530669632,48.53960768109447,48.483376493895406
48.52806933359128,48.52806933359128,48.414000353844585,48.58510382346463,48.471034843717945,48.52806933359128,48.52806933359128,48.414000353844585,48.58510382346463,48.471034843717945,48.52806933359128,48.471034843717945,48.414000353844585,48.471034843717945,48.414000353844585,48.471034843717945,48.58510382346463,48.414000353844585,48.52806933359128,48.414000353844585,48.471034843717945,48.471034843717945,48.471034843717945,48.471034843717945,48.414000353844585,48.52806933359128,48.414000353844585,48.414000353844585,48.58510382346463,48.414000353844585,48.58510382346463,48.414000353844585,48.52806933359128,48.414000353844585,48.58510382346463,48.471034843717945,48.58510382346463,48.471034843717945,48.414000353844585,48.471034843717945,48.471034843717945,48.471034843717945,48.58510382346463,48.471034843717945,48.58510382346463,48.471034843717945,48.471034843717945,48.58510382346463,48.471034843717945,48.471034843717945,48.58510382346463,48.414000353844585,48.52806933359128,48.414000353844585,48.52806933359128,48.471034843717945,48.52806933359128,48.471034843717945,48.471034843717945,48.414000353844585,48.414000353844585,48.471034843717945,48.58510382346463,48.52806933359128,48.471034843717945,48.471034843717945,48.471034843717945,48.58510382346463,48.52806933359128,48.471034843717945,48.414000353844585,48.52806933359128,48.58510382346463,48.414000353844585,48.58510382346463,48.52806933359128,48.471034843717945,48.414000353844585,48.58510382346463,48.58510382346463,48.471034843717945,48.471034843717945,48.414000353844585,48.414000353844585,48.471034843717945,48.471034843717945,48.58510382346463,48.58510382346463,48.414000353844585,48.58510382346463,48.471034843717945,48.471034843717945,48.471034843717945,48.414000353844585,48.52806933359128,48.471034843717945,48.471034843717945,48.414000353844585,48.58510382346463,48.58510382346463,48.471034843717945,48.414000353844585,48.414000353844585,48.52806933359128,48.52806933359128,48.471034843717945,48.471034843717945,48.414000353844585,48.471034843717945,48.414000353844585,48.471034843717945,48.58510382346463,48.414000353844585,48.58510382346463,48.58510382346463,48.414000353844585,48.58510382346463,48.471034843717945,48.52806933359128,48.471034843717945,48.471034843717945,48.414000353844585,48.58510382346463,48.52806933359128,48.471034843717945,48.58510382346463,48.52806933359128,48.52806933359128,48.52806933359128,48.58510382346463,48.58510382346463,48.52806933359128,48.52806933359128,48.58510382346463,48.58510382346463,48.471034843717945,48.471034843717945,48.471034843717945,48.52806933359128,48.471034843717945,48.471034843717945,48.471034843717945,48.58510382346463,48.58510382346463,48.52806933359128,48.58510382346463,48.58510382346463,48.414000353844585,48.58510382346463,48.414000353844585,48.58510382346463,48.471034843717945,48.471034843717945,48.52806933359128,48.52806933359128,48.58510382346463,48.414000353844585,48.52806933359128,48.414000353844585,48.471034843717945,48.52806933359128,48.471034843717945,48.471034843717945,48.414000353844585,48.471034843717945,48.52806933359128,48.414000353844585,48.52806933359128,48.52806933359128,48.471034843717945,48.471034843717945,48.414000353844585,48.52806933359128,48.471034843717945,48.58510382346463,48.414000353844585,48.414000353844585,48.52806933359128,48.414000353844585,48.414000353844585,48.471034843717945,48.414000353844585,48.52806933359128,48.414000353844585,48.58510382346463,48.414000353844585,48.58510382346463,48.52806933359128,48.52806933359128,48.471034843717945,48.58510382346463,48.52806933359128,48.58510382346463,48.52806933359128,48.414000353844585,48.58510382346463,48.52806933359128,48.471034843717945,48.471034843717945,48.58510382346463
48.40085540099285,48.5165309860881,48.574368778635716,48.45869319354048,48.574368778635716,48.45869319354048,48.574368778635716,48.574368778635716,48.40085540099285,48.574368778635716,48.574368778635716,48.45869319354048,48.574368778635716,48.40085540099285,48.574368778635716,48.574368778635716,48.574368778635716,48.45869319354048,48.5165309860881,48.5165309860881,48.40085540099285,48.574368778635716,48.574368778635716,48.40085540099285,48.45869319354048,48.45869319354048,48.40085540099285,48.574368778635716,48.5165309860881,48.574368778635716,48.5165309860881,48.40085540099285,48.45869319354048,48.40085540099285,48.40085540099285,48.45869319354048,48.45869319354048,48.5165309860881,48.45869319354048,48.574368778635716,48.574368778635716,48.40085540099285,48.40085540099285,48.40085540099285,48.40085540099285,48.40085540099285,48.45869319354048,48.574368778635716,48.574368778635716,48.5165309860881,48.5165309860881,48.45869319354048,48.5165309860881,48.5165309860881,48.40085540099285,48.40085540099285,48.40085540099285,48.5165309860881,48.5165309860881,48.45869319354048,48.40085540099285,48.5165309860881,48.40085540099285,48.574368778635716,48.45869319354048,48.40085540099285,48.5165309860881,48.40085540099285,48.45869319354048,48.5165309860881,48.574368778635716,48.45869319354048,48.574368778635716,48.5165309860881,48.45869319354048,48.5165309860881,48.40085540099285,48.45869319354048,48.5165309860881,48.574368778635716,48.45869319354048,48.40085540099285,48.5165309860881,48.45869319354048,48.45869319354048,48.574368778635716,48.40085540099285,48.5165309860881,48.574368778635716,48.40085540099285,48.5165309860881,48.5165309860881,48.45869319354048,48.574368778635716,48.40085540099285,48.5165309860881,48.40085540099285,48.45869319354048,48.574368778635716,48.45869319354048,48.574368778635716,48.40085540099285,48.5165309860881,48.574368778635716,48.40085540099285,48.40085540099285,48.45869319354048,48.40085540099285,48.574368778635716,48.45869319354048,48.5165309860881,48.5165309860881,48.40085540099285,48.45869319354048,48.5165309860881,48.574368778635716,48.45869319354048,48.5165309860881,48.5165309860881,48.574368778635716,48.574368778635716,48.45869319354048,48.45869319354048,48.5165309860881,48.40085540099285,48.45869319354048,48.574368778635716,48.45869319354048,48.45869319354048,48.574368778635716,48.45869319354048,48.574368778635716,48.5165309860881,48.45869319354048,48.40085540099285,48.40085540099285,48.574368778635716,48.574368778635716,48.574368778635716,48.574368778635716,48.45869319354048,48.40085540099285,48.45869319354048,48.45869319354048,48.5165309860881,48.5165309860881,48.45869319354048,48.40085540099285,48.574368778635716,48.45869319354048,48.45869319354048,48.5165309860881,48.40085540099285,48.5165309860881,48.574368778635716,48.574368778635716,48.5165309860881,48.40085540099285,48.45869319354048,48.40085540099285,48.45869319354048,48.5165309860881,48.574368778635716,48.5165309860881,48.45869319354048,48.5165309860881,48.5165309860881,48.45869319354048,48.45869319354048,48.5165309860881,48.5165309860881,48.574368778635716,48.574368778635716,48.574368778635716,48.40085540099285,48.45869319354048,48.574368778635716,48.574368778635716,48.45869319354048,48.5165309860881,48.45869319354048,48.40085540099285,48.45869319354048,48.40085540099285,48.574368778635716,48.5165309860881,48.45869319354048,48.40085540099285,48.45869319354048,48.5165309860881,48.40085540099285,48.40085540099285,48.45869319354048,48.5165309860881,48.5165309860881,48.40085540099285,48.5165309860881,48.40085540099285,48.5165309860881,48.574368778635716
