62.298468528150345,62.298468528150345,62.298468528150345,62.3014943369238,62.3014943369238,62.298468528150345,62.3014943369238,62.29544271937686,62.30452014569728,62.30452014569728,62.298468528150345,62.298468528150345,62.29544271937686,62.3014943369238,62.30452014569728,62.29544271937686,62.298468528150345,62.3014943369238,62.30452014569728,62.298468528150345,62.298468528150345,62.298468528150345,62.29544271937686,62.298468528150345,62.3014943369238,62.30452014569728,62.298468528150345,62.3014943369238,62.298468528150345,62.3014943369238,62.298468528150345,62.298468528150345,62.298468528150345,62.3014943369238,62.298468528150345,62.298468528150345,62.30452014569728,62.30452014569728,62.29544271937686,62.29544271937686,62.3014943369238,62.298468528150345,62.3014943369238,62.29544271937686,62.30452014569728,62.3014943369238,62.3014943369238,62.29544271937686,62.298468528150345,62.30452014569728,62.30452014569728,62.30452014569728,62.298468528150345,62.29544271937686,62.30452014569728,62.29544271937686,62.298468528150345,62.29544271937686,62.298468528150345,62.30452014569728,62.3014943369238,62.3014943369238,62.29544271937686,62.29544271937686,62.3014943369238,62.29544271937686,62.3014943369238,62.298468528150345,62.298468528150345,62.298468528150345,62.30452014569728,62.298468528150345,62.3014943369238,62.298468528150345,62.298468528150345,62.30452014569728,62.29544271937686,62.298468528150345,62.298468528150345,62.30452014569728,62.3014943369238,62.29544271937686,62.3014943369238,62.29544271937686,62.29544271937686,62.29544271937686,62.3014943369238,62.298468528150345,62.298468528150345,62.30452014569728,62.30452014569728,62.298468528150345,62.298468528150345,62.29544271937686,62.29544271937686,62.3014943369238,62.298468528150345,62.29544271937686,62.30452014569728,62.30452014569728,62.3014943369238,62.30452014569728,62.30452014569728,62.3014943369238,62.298468528150345,62.298468528150345,62.30452014569728,62.298468528150345,62.3014943369238,62.3014943369238,62.30452014569728,62.298468528150345,62.29544271937686,62.3014943369238,62.3014943369238,62.30452014569728,62.3014943369238,62.3014943369238,62.3014943369238,62.29544271937686,62.298468528150345,62.29544271937686,62.30452014569728,62.29544271937686,62.3014943369238,62.3014943369238,62.30452014569728,62.3014943369238,62.298468528150345,62.3014943369238,62.3014943369238,62.3014943369238,62.29544271937686,62.298468528150345,62.29544271937686,62.298468528150345,62.29544271937686,62.29544271937686,62.3014943369238,62.3014943369238,62.30452014569728,62.298468528150345,62.298468528150345,62.29544271937686,62.30452014569728,62.29544271937686,62.30452014569728,62.30452014569728,62.298468528150345,62.3014943369238,62.30452014569728,62.29544271937686,62.30452014569728,62.3014943369238,62.29544271937686,62.3014943369238,62.29544271937686,62.30452014569728,62.30452014569728,62.30452014569728,62.3014943369238,62.30452014569728,62.3014943369238,62.29544271937686,62.30452014569728,62.30452014569728,62.29544271937686,62.30452014569728,62.3014943369238,62.3014943369238,62.298468528150345,62.29544271937686,62.30452014569728,62.298468528150345,62.29544271937686,62.29544271937686,62.3014943369238,62.3014943369238,62.30452014569728,62.298468528150345,62.30452014569728,62.298468528150345,62.29544271937686,62.29544271937686,62.30452014569728,62.29544271937686,62.30452014569728,62.30452014569728,62.298468528150345,62.298468528150345,62.30452014569728,62.3014943369238,62.29544271937686,62.30452014569728,62.298468528150345,62.3014943369238,62.3014943369238,62.3014943369238,62.298468528150345,62.30452014569728
62.25803271999578,62.24592948490189,62.24592948490189,62.25803271999578,62.25198110244884,62.24592948490189,62.24592948490189,62.25198110244884,62.24592948490189,62.24592948490189,62.25198110244884,62.25198110244884,62.26408433754273,62.24592948490189,62.24592948490189,62.24592948490189,62.25198110244884,62.25803271999578,62.26408433754273,62.26408433754273,62.26408433754273,62.24592948490189,62.25198110244884,62.25803271999578,62.24592948490189,62.26408433754273,62.26408433754273,62.24592948490189,62.25198110244884,62.24592948490189,62.25198110244884,62.25198110244884,62.25803271999578,62.26408433754273,62.25198110244884,62.24592948490189,62.25198110244884,62.24592948490189,62.24592948490189,62.25198110244884,62.25803271999578,62.26408433754273,62.26408433754273,62.25198110244884,62.24592948490189,62.26408433754273,62.24592948490189,62.24592948490189,62.25803271999578,62.24592948490189,62.26408433754273,62.25803271999578,62.26408433754273,62.24592948490189,62.24592948490189,62.25803271999578,62.26408433754273,62.26408433754273,62.25198110244884,62.26408433754273,62.24592948490189,62.24592948490189,62.25198110244884,62.25803271999578,62.25803271999578,62.24592948490189,62.24592948490189,62.26408433754273,62.26408433754273,62.24592948490189,62.26408433754273,62.26408433754273,62.24592948490189,62.25803271999578,62.25803271999578,62.25803271999578,62.24592948490189,62.26408433754273,62.24592948490189,62.26408433754273,62.26408433754273,62.26408433754273,62.26408433754273,62.25803271999578,62.25198110244884,62.26408433754273,62.25198110244884,62.26408433754273,62.25803271999578,62.26408433754273,62.26408433754273,62.24592948490189,62.26408433754273,62.25803271999578,62.25198110244884,62.25198110244884,62.25803271999578,62.25803271999578,62.24592948490189,62.25803271999578,62.25803271999578,62.24592948490189,62.26408433754273,62.25198110244884,62.25198110244884,62.25803271999578,62.25803271999578,62.25198110244884,62.26408433754273,62.25803271999578,62.24592948490189,62.25198110244884,62.26408433754273,62.25803271999578,62.25198110244884,62.26408433754273,62.24592948490189,62.24592948490189,62.25803271999578,62.24592948490189,62.25803271999578,62.24592948490189,62.24592948490189,62.24592948490189,62.25198110244884,62.26408433754273,62.26408433754273,62.24592948490189,62.25198110244884,62.25803271999578,62.25198110244884,62.25198110244884,62.24592948490189,62.26408433754273,62.25803271999578,62.26408433754273,62.26408433754273,62.24592948490189,62.24592948490189,62.26408433754273,62.25198110244884,62.26408433754273,62.24592948490189,62.24592948490189,62.25803271999578,62.25198110244884,62.25803271999578,62.25198110244884,62.26408433754273,62.26408433754273,62.25803271999578,62.25198110244884,62.25803271999578,62.24592948490189,62.25803271999578,62.26408433754273,62.26408433754273,62.25198110244884,62.24592948490189,62.24592948490189,62.24592948490189,62.24592948490189,62.26408433754273,62.25803271999578,62.26408433754273,62.25198110244884,62.25198110244884,62.26408433754273,62.26408433754273,62.25198110244884,62.24592948490189,62.25198110244884,62.26408433754273,62.25198110244884,62.24592948490189,62.25198110244884,62.25198110244884,62.25198110244884,62.26408433754273,62.24592948490189,62.25198110244884,62.26408433754273,62.25803271999578,62.24592948490189,62.24592948490189,62.25198110244884,62.24592948490189,62.25198110244884,62.25803271999578,62.24592948490189,62.26408433754273,62.25198110244884,62.24592948490189,62.25198110244884,62.26408433754273,62.26408433754273,62.26408433754273,62.25198110244884,62.24592948490189,62.25198110244884
62.20549367674734,62.196416250426935,62.22364852938818,62.21457110306775,62.196416250426935,62.20549367674734,62.20549367674734,62.22364852938818,62.21457110306775,62.22364852938818,62.21457110306775,62.20549367674734,62.21457110306775,62.20549367674734,62.20549367674734,62.22364852938818,62.21457110306775,62.196416250426935,62.20549367674734,62.196416250426935,62.20549367674734,62.22364852938818,62.22364852938818,62.21457110306775,62.21457110306775,62.22364852938818,62.22364852938818,62.196416250426935,62.196416250426935,62.196416250426935,62.21457110306775,62.196416250426935,62.21457110306775,62.196416250426935,62.20549367674734,62.22364852938818,62.21457110306775,62.21457110306775,62.21457110306775,62.20549367674734,62.20549367674734,62.21457110306775,62.196416250426935,62.22364852938818,62.196416250426935,62.196416250426935,62.20549367674734,62.20549367674734,62.22364852938818,62.196416250426935,62.20549367674734,62.21457110306775,62.20549367674734,62.196416250426935,62.21457110306775,62.21457110306775,62.20549367674734,62.196416250426935,62.196416250426935,62.196416250426935,62.196416250426935,62.21457110306775,62.196416250426935,62.20549367674734,62.196416250426935,62.20549367674734,62.22364852938818,62.196416250426935,62.20549367674734,62.22364852938818,62.196416250426935,62.196416250426935,62.20549367674734,62.196416250426935,62.22364852938818,62.196416250426935,62.21457110306775,62.20549367674734,62.20549367674734,62.20549367674734,62.196416250426935,62.196416250426935,62.22364852938818,62.196416250426935,62.196416250426935,62.196416250426935,62.21457110306775,62.22364852938818,62.21457110306775,62.20549367674734,62.20549367674734,62.20549367674734,62.21457110306775,62.20549367674734,62.196416250426935,62.22364852938818,62.21457110306775,62.20549367674734,62.20549367674734,62.22364852938818,62.196416250426935,62.20549367674734,62.22364852938818,62.22364852938818,62.22364852938818,62.22364852938818,62.22364852938818,62.20549367674734,62.196416250426935,62.20549367674734,62.22364852938818,62.21457110306775,62.20549367674734,62.196416250426935,62.22364852938818,62.20549367674734,62.22364852938818,62.196416250426935,62.196416250426935,62.20549367674734,62.21457110306775,62.22364852938818,62.20549367674734,62.22364852938818,62.20549367674734,62.196416250426935,62.20549367674734,62.21457110306775,62.20549367674734,62.196416250426935,62.21457110306775,62.22364852938818,62.20549367674734,62.20549367674734,62.196416250426935,62.21457110306775,62.20549367674734,62.22364852938818,62.196416250426935,62.20549367674734,62.20549367674734,62.196416250426935,62.20549367674734,62.196416250426935,62.20549367674734,62.22364852938818,62.196416250426935,62.196416250426935,62.20549367674734,62.20549367674734,62.22364852938818,62.21457110306775,62.196416250426935,62.21457110306775,62.22364852938818,62.20549367674734,62.22364852938818,62.20549367674734,62.196416250426935,62.21457110306775,62.21457110306775,62.196416250426935,62.22364852938818,62.21457110306775,62.20549367674734,62.20549367674734,62.21457110306775,62.22364852938818,62.22364852938818,62.22364852938818,62.20549367674734,62.20549367674734,62.21457110306775,62.21457110306775,62.20549367674734,62.196416250426935,62.196416250426935,62.196416250426935,62.22364852938818,62.22364852938818,62.21457110306775,62.22364852938818,62.21457110306775,62.196416250426935,62.22364852938818,62.196416250426935,62.20549367674734,62.196416250426935,62.196416250426935,62.22364852938818,62.21457110306775,62.20549367674734,62.20549367674734,62.20549367674734,62.20549367674734,62.196416250426935,62.22364852938818,62.22364852938818,62.22364852938818,62.21457110306775
62.14690301595197,62.17110948613973,62.17110948613973,62.17110948613973,62.14690301595197,62.14690301595197,62.14690301595197,62.183212721233616,62.14690301595197,62.14690301595197,62.14690301595197,62.14690301595197,62.183212721233616,62.17110948613973,62.17110948613973,62.17110948613973,62.15900625104586,62.14690301595197,62.15900625104586,62.183212721233616,62.15900625104586,62.14690301595197,62.183212721233616,62.17110948613973,62.14690301595197,62.183212721233616,62.15900625104586,62.17110948613973,62.17110948613973,62.15900625104586,62.14690301595197,62.14690301595197,62.14690301595197,62.14690301595197,62.15900625104586,62.15900625104586,62.183212721233616,62.14690301595197,62.183212721233616,62.183212721233616,62.183212721233616,62.14690301595197,62.15900625104586,62.15900625104586,62.14690301595197,62.17110948613973,62.183212721233616,62.15900625104586,62.14690301595197,62.17110948613973,62.183212721233616,62.14690301595197,62.17110948613973,62.183212721233616,62.183212721233616,62.17110948613973,62.14690301595197,62.15900625104586,62.17110948613973,62.183212721233616,62.14690301595197,62.17110948613973,62.183212721233616,62.15900625104586,62.17110948613973,62.183212721233616,62.17110948613973,62.15900625104586,62.17110948613973,62.14690301595197,62.183212721233616,62.14690301595197,62.15900625104586,62.15900625104586,62.14690301595197,62.14690301595197,62.17110948613973,62.15900625104586,62.183212721233616,62.17110948613973,62.17110948613973,62.183212721233616,62.183212721233616,62.15900625104586,62.17110948613973,62.183212721233616,62.15900625104586,62.15900625104586,62.183212721233616,62.183212721233616,62.14690301595197,62.17110948613973,62.183212721233616,62.17110948613973,62.17110948613973,62.15900625104586,62.14690301595197,62.17110948613973,62.15900625104586,62.183212721233616,62.15900625104586,62.14690301595197,62.17110948613973,62.183212721233616,62.17110948613973,62.183212721233616,62.14690301595197,62.17110948613973,62.15900625104586,62.17110948613973,62.17110948613973,62.183212721233616,62.17110948613973,62.183212721233616,62.15900625104586,62.15900625104586,62.17110948613973,62.15900625104586,62.15900625104586,62.14690301595197,62.183212721233616,62.14690301595197,62.183212721233616,62.14690301595197,62.14690301595197,62.15900625104586,62.15900625104586,62.15900625104586,62.15900625104586,62.14690301595197,62.17110948613973,62.15900625104586,62.14690301595197,62.15900625104586,62.15900625104586,62.17110948613973,62.17110948613973,62.14690301595197,62.17110948613973,62.183212721233616,62.15900625104586,62.14690301595197,62.14690301595197,62.14690301595197,62.14690301595197,62.15900625104586,62.14690301595197,62.14690301595197,62.17110948613973,62.183212721233616,62.14690301595197,62.183212721233616,62.15900625104586,62.17110948613973,62.183212721233616,62.15900625104586,62.15900625104586,62.17110948613973,62.183212721233616,62.14690301595197,62.15900625104586,62.17110948613973,62.17110948613973,62.17110948613973,62.14690301595197,62.17110948613973,62.14690301595197,62.14690301595197,62.14690301595197,62.15900625104586,62.14690301595197,62.15900625104586,62.183212721233616,62.15900625104586,62.14690301595197,62.17110948613973,62.14690301595197,62.15900625104586,62.15900625104586,62.15900625104586,62.183212721233616,62.183212721233616,62.17110948613973,62.15900625104586,62.17110948613973,62.17110948613973,62.15900625104586,62.14690301595197,62.15900625104586,62.14690301595197,62.14690301595197,62.15900625104586,62.183212721233616,62.17110948613973,62.17110948613973,62.14690301595197,62.17110948613973,62.14690301595197,62.14690301595197,62.17110948613973
62.142776913079054,62.142776913079054,62.142776913079054,62.127647869211714,62.127647869211714,62.142776913079054,62.142776913079054,62.127647869211714,62.127647869211714,62.142776913079054,62.127647869211714,62.142776913079054,62.11251882534437,62.142776913079054,62.142776913079054,62.127647869211714,62.127647869211714,62.127647869211714,62.142776913079054,62.09738978147702,62.127647869211714,62.127647869211714,62.127647869211714,62.127647869211714,62.142776913079054,62.142776913079054,62.09738978147702,62.142776913079054,62.142776913079054,62.11251882534437,62.09738978147702,62.09738978147702,62.142776913079054,62.11251882534437,62.11251882534437,62.142776913079054,62.127647869211714,62.142776913079054,62.09738978147702,62.11251882534437,62.09738978147702,62.09738978147702,62.09738978147702,62.11251882534437,62.11251882534437,62.11251882534437,62.09738978147702,62.142776913079054,62.127647869211714,62.09738978147702,62.127647869211714,62.127647869211714,62.09738978147702,62.09738978147702,62.127647869211714,62.09738978147702,62.09738978147702,62.127647869211714,62.11251882534437,62.142776913079054,62.11251882534437,62.127647869211714,62.142776913079054,62.142776913079054,62.09738978147702,62.142776913079054,62.09738978147702,62.142776913079054,62.09738978147702,62.11251882534437,62.127647869211714,62.11251882534437,62.09738978147702,62.09738978147702,62.11251882534437,62.142776913079054,62.11251882534437,62.11251882534437,62.11251882534437,62.142776913079054,62.142776913079054,62.09738978147702,62.11251882534437,62.142776913079054,62.11251882534437,62.11251882534437,62.127647869211714,62.09738978147702,62.142776913079054,62.09738978147702,62.11251882534437,62.142776913079054,62.09738978147702,62.142776913079054,62.142776913079054,62.09738978147702,62.11251882534437,62.09738978147702,62.11251882534437,62.09738978147702,62.11251882534437,62.127647869211714,62.09738978147702,62.127647869211714,62.09738978147702,62.142776913079054,62.09738978147702,62.142776913079054,62.127647869211714,62.09738978147702,62.142776913079054,62.127647869211714,62.09738978147702,62.127647869211714,62.09738978147702,62.09738978147702,62.11251882534437,62.09738978147702,62.127647869211714,62.127647869211714,62.142776913079054,62.127647869211714,62.09738978147702,62.11251882534437,62.11251882534437,62.11251882534437,62.127647869211714,62.127647869211714,62.127647869211714,62.09738978147702,62.11251882534437,62.127647869211714,62.127647869211714,62.09738978147702,62.09738978147702,62.142776913079054,62.11251882534437,62.11251882534437,62.142776913079054,62.127647869211714,62.09738978147702,62.11251882534437,62.09738978147702,62.127647869211714,62.127647869211714,62.11251882534437,62.09738978147702,62.11251882534437,62.11251882534437,62.11251882534437,62.142776913079054,62.142776913079054,62.09738978147702,62.127647869211714,62.142776913079054,62.127647869211714,62.11251882534437,62.09738978147702,62.127647869211714,62.142776913079054,62.142776913079054,62.127647869211714,62.127647869211714,62.11251882534437,62.142776913079054,62.142776913079054,62.127647869211714,62.11251882534437,62.142776913079054,62.11251882534437,62.142776913079054,62.127647869211714,62.11251882534437,62.11251882534437,62.11251882534437,62.127647869211714,62.142776913079054,62.11251882534437,62.127647869211714,62.11251882534437,62.11251882534437,62.127647869211714,62.11251882534437,62.11251882534437,62.127647869211714,62.127647869211714,62.127647869211714,62.127647869211714,62.09738978147702,62.09738978147702,62.127647869211714,62.142776913079054,62.09738978147702,62.11251882534437,62.09738978147702,62.127647869211714,62.09738978147702,62.11251882534437,62.11251882534437,62.09738978147702
62.06603139964286,62.06603139964286,62.1023411049245,62.04787654700205,62.04787654700205,62.06603139964286,62.1023411049245,62.08418625228369,62.1023411049245,62.04787654700205,62.08418625228369,62.06603139964286,62.04787654700205,62.04787654700205,62.08418625228369,62.1023411049245,62.08418625228369,62.08418625228369,62.1023411049245,62.06603139964286,62.1023411049245,62.1023411049245,62.04787654700205,62.1023411049245,62.08418625228369,62.04787654700205,62.04787654700205,62.08418625228369,62.08418625228369,62.06603139964286,62.08418625228369,62.08418625228369,62.06603139964286,62.04787654700205,62.04787654700205,62.06603139964286,62.1023411049245,62.1023411049245,62.08418625228369,62.06603139964286,62.04787654700205,62.04787654700205,62.06603139964286,62.1023411049245,62.1023411049245,62.1023411049245,62.06603139964286,62.1023411049245,62.08418625228369,62.04787654700205,62.06603139964286,62.06603139964286,62.1023411049245,62.04787654700205,62.1023411049245,62.1023411049245,62.08418625228369,62.04787654700205,62.08418625228369,62.06603139964286,62.1023411049245,62.1023411049245,62.1023411049245,62.08418625228369,62.06603139964286,62.04787654700205,62.1023411049245,62.06603139964286,62.06603139964286,62.04787654700205,62.08418625228369,62.04787654700205,62.04787654700205,62.08418625228369,62.04787654700205,62.06603139964286,62.04787654700205,62.04787654700205,62.06603139964286,62.1023411049245,62.06603139964286,62.06603139964286,62.06603139964286,62.1023411049245,62.06603139964286,62.06603139964286,62.1023411049245,62.1023411049245,62.06603139964286,62.08418625228369,62.1023411049245,62.04787654700205,62.06603139964286,62.1023411049245,62.06603139964286,62.06603139964286,62.06603139964286,62.04787654700205,62.08418625228369,62.1023411049245,62.1023411049245,62.08418625228369,62.06603139964286,62.06603139964286,62.06603139964286,62.06603139964286,62.08418625228369,62.06603139964286,62.1023411049245,62.08418625228369,62.1023411049245,62.08418625228369,62.06603139964286,62.06603139964286,62.1023411049245,62.06603139964286,62.04787654700205,62.04787654700205,62.04787654700205,62.06603139964286,62.04787654700205,62.1023411049245,62.1023411049245,62.08418625228369,62.04787654700205,62.1023411049245,62.1023411049245,62.1023411049245,62.06603139964286,62.08418625228369,62.1023411049245,62.1023411049245,62.1023411049245,62.04787654700205,62.06603139964286,62.06603139964286,62.06603139964286,62.1023411049245,62.08418625228369,62.1023411049245,62.06603139964286,62.08418625228369,62.04787654700205,62.06603139964286,62.04787654700205,62.04787654700205,62.08418625228369,62.06603139964286,62.08418625228369,62.06603139964286,62.08418625228369,62.04787654700205,62.06603139964286,62.1023411049245,62.06603139964286,62.04787654700205,62.1023411049245,62.08418625228369,62.04787654700205,62.1023411049245,62.1023411049245,62.1023411049245,62.04787654700205,62.08418625228369,62.04787654700205,62.1023411049245,62.04787654700205,62.04787654700205,62.1023411049245,62.08418625228369,62.06603139964286,62.1023411049245,62.06603139964286,62.04787654700205,62.06603139964286,62.08418625228369,62.04787654700205,62.04787654700205,62.08418625228369,62.08418625228369,62.08418625228369,62.06603139964286,62.08418625228369,62.1023411049245,62.04787654700205,62.1023411049245,62.06603139964286,62.08418625228369,62.06603139964286,62.1023411049245,62.04787654700205,62.06603139964286,62.1023411049245,62.1023411049245,62.1023411049245,62.04787654700205,62.1023411049245,62.04787654700205,62.08418625228369,62.08418625228369
62.04072463535566,62.019543973941374,62.04072463535566,62.06190529676995,61.99836331252708,62.04072463535566,62.06190529676995,62.04072463535566,62.019543973941374,62.019543973941374,61.99836331252708,61.99836331252708,61.99836331252708,62.04072463535566,62.04072463535566,62.06190529676995,62.06190529676995,62.019543973941374,61.99836331252708,61.99836331252708,61.99836331252708,62.019543973941374,61.99836331252708,62.06190529676995,62.04072463535566,61.99836331252708,62.04072463535566,62.019543973941374,62.06190529676995,62.06190529676995,62.04072463535566,62.06190529676995,62.04072463535566,62.019543973941374,62.06190529676995,62.06190529676995,61.99836331252708,62.04072463535566,62.06190529676995,62.019543973941374,62.04072463535566,62.06190529676995,62.019543973941374,61.99836331252708,61.99836331252708,61.99836331252708,61.99836331252708,62.04072463535566,62.06190529676995,62.04072463535566,62.019543973941374,62.019543973941374,62.04072463535566,61.99836331252708,62.06190529676995,61.99836331252708,62.06190529676995,62.019543973941374,62.019543973941374,62.019543973941374,62.04072463535566,62.06190529676995,62.04072463535566,62.06190529676995,61.99836331252708,62.019543973941374,62.06190529676995,62.04072463535566,62.06190529676995,62.019543973941374,62.06190529676995,62.06190529676995,61.99836331252708,61.99836331252708,62.04072463535566,62.019543973941374,61.99836331252708,62.06190529676995,61.99836331252708,62.06190529676995,62.04072463535566,61.99836331252708,62.06190529676995,61.99836331252708,62.06190529676995,62.019543973941374,61.99836331252708,61.99836331252708,62.019543973941374,62.06190529676995,62.04072463535566,62.019543973941374,62.04072463535566,62.019543973941374,62.019543973941374,62.06190529676995,62.019543973941374,61.99836331252708,62.06190529676995,62.04072463535566,62.019543973941374,61.99836331252708,62.04072463535566,62.04072463535566,62.06190529676995,62.019543973941374,62.04072463535566,61.99836331252708,61.99836331252708,61.99836331252708,62.04072463535566,62.06190529676995,62.04072463535566,62.06190529676995,61.99836331252708,62.06190529676995,62.04072463535566,62.04072463535566,62.06190529676995,61.99836331252708,62.06190529676995,61.99836331252708,62.019543973941374,62.06190529676995,62.06190529676995,61.99836331252708,62.06190529676995,61.99836331252708,62.06190529676995,62.04072463535566,62.04072463535566,62.04072463535566,61.99836331252708,62.06190529676995,61.99836331252708,61.99836331252708,62.019543973941374,62.019543973941374,62.06190529676995,62.06190529676995,62.04072463535566,62.019543973941374,61.99836331252708,61.99836331252708,62.04072463535566,62.06190529676995,61.99836331252708,61.99836331252708,62.019543973941374,61.99836331252708,62.06190529676995,62.04072463535566,62.04072463535566,62.06190529676995,62.06190529676995,62.06190529676995,62.06190529676995,61.99836331252708,62.04072463535566,62.04072463535566,62.019543973941374,61.99836331252708,62.06190529676995,62.019543973941374,62.06190529676995,61.99836331252708,62.06190529676995,62.06190529676995,62.04072463535566,62.06190529676995,62.06190529676995,62.06190529676995,62.019543973941374,61.99836331252708,62.06190529676995,62.04072463535566,62.04072463535566,62.04072463535566,61.99836331252708,62.06190529676995,62.06190529676995,62.06190529676995,62.06190529676995,62.019543973941374,61.99836331252708,62.019543973941374,62.019543973941374,62.019543973941374,62.019543973941374,62.06190529676995,62.04072463535566,61.99836331252708,62.04072463535566,62.019543973941374,62.04072463535566,62.06190529676995,61.99836331252708,62.06190529676995,62.019543973941374,62.04072463535566
61.99726301842763,62.02146948861539,61.99726301842763,61.99726301842763,61.94885007805211,61.99726301842763,61.94885007805211,61.97305654823988,61.94885007805211,61.94885007805211,61.99726301842763,62.02146948861539,62.02146948861539,61.94885007805211,61.97305654823988,62.02146948861539,61.99726301842763,61.97305654823988,61.94885007805211,62.02146948861539,62.02146948861539,61.99726301842763,61.97305654823988,61.97305654823988,61.99726301842763,62.02146948861539,61.97305654823988,61.99726301842763,61.97305654823988,62.02146948861539,61.97305654823988,61.99726301842763,62.02146948861539,61.99726301842763,61.97305654823988,61.97305654823988,62.02146948861539,61.97305654823988,62.02146948861539,61.97305654823988,61.97305654823988,62.02146948861539,61.97305654823988,62.02146948861539,61.99726301842763,61.97305654823988,61.94885007805211,61.99726301842763,61.94885007805211,61.99726301842763,61.94885007805211,62.02146948861539,61.97305654823988,61.97305654823988,61.94885007805211,61.97305654823988,61.99726301842763,61.97305654823988,61.97305654823988,62.02146948861539,62.02146948861539,61.99726301842763,61.97305654823988,61.97305654823988,61.97305654823988,62.02146948861539,62.02146948861539,62.02146948861539,61.94885007805211,61.97305654823988,62.02146948861539,61.97305654823988,62.02146948861539,61.97305654823988,61.97305654823988,62.02146948861539,61.94885007805211,61.94885007805211,62.02146948861539,61.94885007805211,61.99726301842763,61.97305654823988,61.94885007805211,61.99726301842763,62.02146948861539,61.99726301842763,61.97305654823988,61.94885007805211,61.94885007805211,61.99726301842763,62.02146948861539,61.97305654823988,62.02146948861539,61.94885007805211,61.94885007805211,61.97305654823988,61.99726301842763,62.02146948861539,61.94885007805211,61.97305654823988,61.94885007805211,61.99726301842763,61.94885007805211,61.99726301842763,62.02146948861539,61.99726301842763,61.94885007805211,61.94885007805211,61.94885007805211,62.02146948861539,61.99726301842763,61.97305654823988,61.99726301842763,61.94885007805211,61.94885007805211,61.97305654823988,62.02146948861539,61.94885007805211,61.94885007805211,61.97305654823988,61.97305654823988,61.99726301842763,61.97305654823988,61.99726301842763,61.94885007805211,61.97305654823988,62.02146948861539,61.99726301842763,62.02146948861539,61.94885007805211,61.97305654823988,61.94885007805211,61.97305654823988,61.99726301842763,61.94885007805211,61.94885007805211,62.02146948861539,62.02146948861539,61.94885007805211,62.02146948861539,61.94885007805211,61.97305654823988,61.97305654823988,61.97305654823988,61.97305654823988,62.02146948861539,61.94885007805211,61.97305654823988,62.02146948861539,62.02146948861539,62.02146948861539,61.99726301842763,62.02146948861539,61.97305654823988,61.99726301842763,61.94885007805211,61.94885007805211,61.94885007805211,61.97305654823988,62.02146948861539,61.99726301842763,61.97305654823988,61.94885007805211,61.97305654823988,61.97305654823988,61.94885007805211,61.97305654823988,61.97305654823988,61.97305654823988,61.99726301842763,61.97305654823988,62.02146948861539,61.99726301842763,61.94885007805211,61.97305654823988,61.99726301842763,62.02146948861539,61.97305654823988,62.02146948861539,61.99726301842763,61.94885007805211,61.94885007805211,62.02146948861539,61.97305654823988,61.97305654823988,61.94885007805211,61.99726301842763,61.97305654823988,61.99726301842763,62.02146948861539,61.99726301842763,61.94885007805211,62.02146948861539,61.94885007805211,61.94885007805211,61.94885007805211,61.97305654823988,61.94885007805211,62.02146948861539,62.02146948861539
61.926569122538375,61.981033680460854,61.981033680460854,61.95380140149961,61.926569122538375,61.95380140149961,61.95380140149961,61.981033680460854,61.899336843577146,61.95380140149961,61.926569122538375,61.899336843577146,61.899336843577146,61.899336843577146,61.899336843577146,61.95380140149961,61.899336843577146,61.95380140149961,61.981033680460854,61.981033680460854,61.926569122538375,61.95380140149961,61.899336843577146,61.899336843577146,61.899336843577146,61.95380140149961,61.95380140149961,61.926569122538375,61.981033680460854,61.95380140149961,61.981033680460854,61.899336843577146,61.95380140149961,61.926569122538375,61.981033680460854,61.899336843577146,61.95380140149961,61.899336843577146,61.899336843577146,61.981033680460854,61.926569122538375,61.926569122538375,61.899336843577146,61.981033680460854,61.981033680460854,61.95380140149961,61.926569122538375,61.981033680460854,61.95380140149961,61.926569122538375,61.981033680460854,61.899336843577146,61.981033680460854,61.899336843577146,61.926569122538375,61.981033680460854,61.926569122538375,61.926569122538375,61.899336843577146,61.926569122538375,61.981033680460854,61.981033680460854,61.981033680460854,61.981033680460854,61.926569122538375,61.981033680460854,61.95380140149961,61.899336843577146,61.981033680460854,61.926569122538375,61.981033680460854,61.981033680460854,61.926569122538375,61.899336843577146,61.95380140149961,61.95380140149961,61.95380140149961,61.95380140149961,61.95380140149961,61.981033680460854,61.899336843577146,61.926569122538375,61.95380140149961,61.981033680460854,61.926569122538375,61.926569122538375,61.899336843577146,61.926569122538375,61.926569122538375,61.926569122538375,61.926569122538375,61.926569122538375,61.899336843577146,61.926569122538375,61.981033680460854,61.899336843577146,61.899336843577146,61.981033680460854,61.95380140149961,61.899336843577146,61.981033680460854,61.95380140149961,61.899336843577146,61.981033680460854,61.95380140149961,61.926569122538375,61.981033680460854,61.899336843577146,61.981033680460854,61.899336843577146,61.95380140149961,61.899336843577146,61.95380140149961,61.926569122538375,61.899336843577146,61.926569122538375,61.95380140149961,61.926569122538375,61.95380140149961,61.981033680460854,61.981033680460854,61.981033680460854,61.95380140149961,61.95380140149961,61.899336843577146,61.926569122538375,61.95380140149961,61.899336843577146,61.95380140149961,61.926569122538375,61.926569122538375,61.899336843577146,61.926569122538375,61.981033680460854,61.95380140149961,61.899336843577146,61.926569122538375,61.926569122538375,61.95380140149961,61.95380140149961,61.899336843577146,61.926569122538375,61.899336843577146,61.981033680460854,61.95380140149961,61.95380140149961,61.981033680460854,61.95380140149961,61.899336843577146,61.981033680460854,61.926569122538375,61.899336843577146,61.981033680460854,61.981033680460854,61.926569122538375,61.95380140149961,61.926569122538375,61.899336843577146,61.95380140149961,61.95380140149961,61.95380140149961,61.926569122538375,61.981033680460854,61.981033680460854,61.899336843577146,61.926569122538375,61.95380140149961,61.95380140149961,61.926569122538375,61.95380140149961,61.95380140149961,61.899336843577146,61.926569122538375,61.899336843577146,61.95380140149961,61.899336843577146,61.899336843577146,61.981033680460854,61.899336843577146,61.926569122538375,61.95380140149961,61.981033680460854,61.981033680460854,61.926569122538375,61.981033680460854,61.95380140149961,61.899336843577146,61.981033680460854,61.899336843577146,61.926569122538375,61.926569122538375,61.899336843577146,61.926569122538375,61.899336843577146,61.926569122538375,61.899336843577146,61.981033680460854,61.926569122538375,61.95380140149961,61.981033680460854
61.91033978457159,61.880081696836875,61.84982360910218,61.91033978457159,61.94059787230629,61.91033978457159,61.94059787230629,61.91033978457159,61.880081696836875,61.91033978457159,61.91033978457159,61.91033978457159,61.84982360910218,61.880081696836875,61.84982360910218,61.94059787230629,61.91033978457159,61.94059787230629,61.94059787230629,61.84982360910218,61.94059787230629,61.91033978457159,61.91033978457159,61.880081696836875,61.880081696836875,61.880081696836875,61.91033978457159,61.91033978457159,61.84982360910218,61.91033978457159,61.84982360910218,61.84982360910218,61.91033978457159,61.91033978457159,61.94059787230629,61.84982360910218,61.880081696836875,61.880081696836875,61.880081696836875,61.880081696836875,61.880081696836875,61.94059787230629,61.94059787230629,61.91033978457159,61.84982360910218,61.94059787230629,61.94059787230629,61.880081696836875,61.84982360910218,61.91033978457159,61.94059787230629,61.880081696836875,61.94059787230629,61.880081696836875,61.84982360910218,61.880081696836875,61.94059787230629,61.91033978457159,61.880081696836875,61.880081696836875,61.880081696836875,61.91033978457159,61.91033978457159,61.84982360910218,61.91033978457159,61.84982360910218,61.880081696836875,61.84982360910218,61.94059787230629,61.94059787230629,61.94059787230629,61.91033978457159,61.91033978457159,61.84982360910218,61.84982360910218,61.94059787230629,61.91033978457159,61.84982360910218,61.91033978457159,61.91033978457159,61.84982360910218,61.84982360910218,61.94059787230629,61.84982360910218,61.94059787230629,61.84982360910218,61.94059787230629,61.880081696836875,61.880081696836875,61.84982360910218,61.94059787230629,61.94059787230629,61.91033978457159,61.84982360910218,61.880081696836875,61.84982360910218,61.880081696836875,61.84982360910218,61.94059787230629,61.94059787230629,61.91033978457159,61.880081696836875,61.91033978457159,61.84982360910218,61.880081696836875,61.880081696836875,61.91033978457159,61.880081696836875,61.94059787230629,61.91033978457159,61.94059787230629,61.94059787230629,61.84982360910218,61.880081696836875,61.91033978457159,61.84982360910218,61.880081696836875,61.91033978457159,61.880081696836875,61.84982360910218,61.880081696836875,61.84982360910218,61.84982360910218,61.91033978457159,61.94059787230629,61.91033978457159,61.94059787230629,61.91033978457159,61.94059787230629,61.84982360910218,61.94059787230629,61.91033978457159,61.84982360910218,61.94059787230629,61.91033978457159,61.94059787230629,61.880081696836875,61.880081696836875,61.91033978457159,61.880081696836875,61.880081696836875,61.84982360910218,61.91033978457159,61.84982360910218,61.880081696836875,61.91033978457159,61.84982360910218,61.84982360910218,61.84982360910218,61.91033978457159,61.94059787230629,61.91033978457159,61.94059787230629,61.94059787230629,61.84982360910218,61.91033978457159,61.91033978457159,61.94059787230629,61.84982360910218,61.84982360910218,61.91033978457159,61.91033978457159,61.91033978457159,61.84982360910218,61.91033978457159,61.880081696836875,61.91033978457159,61.84982360910218,61.84982360910218,61.94059787230629,61.91033978457159,61.94059787230629,61.84982360910218,61.880081696836875,61.84982360910218,61.94059787230629,61.84982360910218,61.94059787230629,61.91033978457159,61.94059787230629,61.94059787230629,61.94059787230629,61.880081696836875,61.91033978457159,61.91033978457159,61.94059787230629,61.880081696836875,61.880081696836875,61.94059787230629,61.84982360910218,61.84982360910218,61.84982360910218,61.94059787230629,61.94059787230629,61.880081696836875,61.91033978457159,61.84982360910218,61.91033978457159,61.880081696836875,61.880081696836875
61.80031037462722,61.90016206415173,61.8335942711354,61.80031037462722,61.80031037462722,61.8335942711354,61.8335942711354,61.866878167643556,61.80031037462722,61.90016206415173,61.866878167643556,61.80031037462722,61.8335942711354,61.80031037462722,61.90016206415173,61.90016206415173,61.80031037462722,61.80031037462722,61.90016206415173,61.8335942711354,61.866878167643556,61.8335942711354,61.80031037462722,61.8335942711354,61.80031037462722,61.866878167643556,61.90016206415173,61.8335942711354,61.80031037462722,61.866878167643556,61.866878167643556,61.80031037462722,61.90016206415173,61.80031037462722,61.866878167643556,61.90016206415173,61.8335942711354,61.8335942711354,61.90016206415173,61.866878167643556,61.90016206415173,61.8335942711354,61.90016206415173,61.8335942711354,61.8335942711354,61.80031037462722,61.8335942711354,61.90016206415173,61.80031037462722,61.866878167643556,61.866878167643556,61.866878167643556,61.8335942711354,61.866878167643556,61.80031037462722,61.8335942711354,61.866878167643556,61.8335942711354,61.8335942711354,61.90016206415173,61.866878167643556,61.90016206415173,61.80031037462722,61.8335942711354,61.90016206415173,61.80031037462722,61.8335942711354,61.8335942711354,61.866878167643556,61.80031037462722,61.80031037462722,61.8335942711354,61.90016206415173,61.8335942711354,61.90016206415173,61.866878167643556,61.8335942711354,61.90016206415173,61.8335942711354,61.866878167643556,61.866878167643556,61.80031037462722,61.8335942711354,61.8335942711354,61.8335942711354,61.80031037462722,61.80031037462722,61.80031037462722,61.8335942711354,61.80031037462722,61.8335942711354,61.80031037462722,61.8335942711354,61.866878167643556,61.80031037462722,61.90016206415173,61.8335942711354,61.80031037462722,61.90016206415173,61.90016206415173,61.90016206415173,61.90016206415173,61.90016206415173,61.866878167643556,61.80031037462722,61.866878167643556,61.90016206415173,61.8335942711354,61.8335942711354,61.80031037462722,61.80031037462722,61.80031037462722,61.8335942711354,61.90016206415173,61.8335942711354,61.866878167643556,61.80031037462722,61.866878167643556,61.80031037462722,61.866878167643556,61.8335942711354,61.866878167643556,61.8335942711354,61.866878167643556,61.866878167643556,61.90016206415173,61.80031037462722,61.8335942711354,61.90016206415173,61.90016206415173,61.90016206415173,61.866878167643556,61.80031037462722,61.90016206415173,61.80031037462722,61.8335942711354,61.90016206415173,61.90016206415173,61.8335942711354,61.8335942711354,61.90016206415173,61.866878167643556,61.80031037462722,61.866878167643556,61.90016206415173,61.80031037462722,61.866878167643556,61.866878167643556,61.8335942711354,61.80031037462722,61.90016206415173,61.80031037462722,61.80031037462722,61.80031037462722,61.90016206415173,61.8335942711354,61.90016206415173,61.866878167643556,61.90016206415173,61.866878167643556,61.80031037462722,61.8335942711354,61.80031037462722,61.80031037462722,61.866878167643556,61.80031037462722,61.80031037462722,61.866878167643556,61.8335942711354,61.8335942711354,61.8335942711354,61.90016206415173,61.80031037462722,61.80031037462722,61.90016206415173,61.90016206415173,61.90016206415173,61.8335942711354,61.80031037462722,61.8335942711354,61.80031037462722,61.8335942711354,61.8335942711354,61.866878167643556,61.90016206415173,61.80031037462722,61.80031037462722,61.80031037462722,61.80031037462722,61.80031037462722,61.80031037462722,61.80031037462722,61.8335942711354,61.90016206415173,61.80031037462722,61.80031037462722,61.866878167643556,61.90016206415173,61.866878167643556,61.80031037462722
61.787106845433904,61.859726255997174,61.750797140152244,61.859726255997174,61.787106845433904,61.750797140152244,61.859726255997174,61.823416550715535,61.787106845433904,61.823416550715535,61.823416550715535,61.859726255997174,61.823416550715535,61.787106845433904,61.787106845433904,61.787106845433904,61.823416550715535,61.750797140152244,61.750797140152244,61.787106845433904,61.750797140152244,61.859726255997174,61.859726255997174,61.859726255997174,61.823416550715535,61.859726255997174,61.859726255997174,61.787106845433904,61.823416550715535,61.750797140152244,61.859726255997174,61.787106845433904,61.859726255997174,61.859726255997174,61.750797140152244,61.823416550715535,61.787106845433904,61.787106845433904,61.787106845433904,61.823416550715535,61.823416550715535,61.823416550715535,61.823416550715535,61.787106845433904,61.750797140152244,61.787106845433904,61.823416550715535,61.787106845433904,61.750797140152244,61.823416550715535,61.750797140152244,61.787106845433904,61.823416550715535,61.750797140152244,61.859726255997174,61.787106845433904,61.823416550715535,61.823416550715535,61.859726255997174,61.750797140152244,61.750797140152244,61.787106845433904,61.859726255997174,61.823416550715535,61.823416550715535,61.750797140152244,61.859726255997174,61.823416550715535,61.787106845433904,61.859726255997174,61.750797140152244,61.823416550715535,61.823416550715535,61.859726255997174,61.859726255997174,61.750797140152244,61.823416550715535,61.823416550715535,61.787106845433904,61.750797140152244,61.750797140152244,61.750797140152244,61.823416550715535,61.750797140152244,61.859726255997174,61.859726255997174,61.859726255997174,61.823416550715535,61.823416550715535,61.787106845433904,61.787106845433904,61.750797140152244,61.823416550715535,61.823416550715535,61.859726255997174,61.823416550715535,61.750797140152244,61.823416550715535,61.787106845433904,61.750797140152244,61.787106845433904,61.787106845433904,61.750797140152244,61.859726255997174,61.823416550715535,61.750797140152244,61.859726255997174,61.859726255997174,61.823416550715535,61.750797140152244,61.859726255997174,61.787106845433904,61.823416550715535,61.787106845433904,61.859726255997174,61.823416550715535,61.859726255997174,61.823416550715535,61.750797140152244,61.750797140152244,61.823416550715535,61.787106845433904,61.787106845433904,61.859726255997174,61.859726255997174,61.787106845433904,61.859726255997174,61.823416550715535,61.859726255997174,61.787106845433904,61.823416550715535,61.750797140152244,61.787106845433904,61.823416550715535,61.787106845433904,61.823416550715535,61.750797140152244,61.750797140152244,61.750797140152244,61.823416550715535,61.859726255997174,61.787106845433904,61.859726255997174,61.859726255997174,61.823416550715535,61.823416550715535,61.823416550715535,61.823416550715535,61.859726255997174,61.859726255997174,61.787106845433904,61.859726255997174,61.787106845433904,61.823416550715535,61.750797140152244,61.787106845433904,61.787106845433904,61.823416550715535,61.787106845433904,61.750797140152244,61.787106845433904,61.787106845433904,61.787106845433904,61.787106845433904,61.823416550715535,61.859726255997174,61.750797140152244,61.859726255997174,61.859726255997174,61.859726255997174,61.787106845433904,61.859726255997174,61.750797140152244,61.823416550715535,61.859726255997174,61.859726255997174,61.750797140152244,61.859726255997174,61.750797140152244,61.750797140152244,61.859726255997174,61.859726255997174,61.823416550715535,61.750797140152244,61.750797140152244,61.750797140152244,61.787106845433904,61.750797140152244,61.787106845433904,61.750797140152244,61.859726255997174,61.750797140152244,61.823416550715535,61.823416550715535,61.823416550715535,61.750797140152244,61.750797140152244,61.823416550715535,61.859726255997174,61.787106845433904
61.81929044784261,61.81929044784261,61.70128390567729,61.740619419732404,61.81929044784261,61.779954933787515,61.81929044784261,61.81929044784261,61.740619419732404,61.70128390567729,61.779954933787515,61.779954933787515,61.740619419732404,61.70128390567729,61.70128390567729,61.81929044784261,61.81929044784261,61.81929044784261,61.779954933787515,61.779954933787515,61.81929044784261,61.70128390567729,61.779954933787515,61.70128390567729,61.70128390567729,61.779954933787515,61.779954933787515,61.81929044784261,61.70128390567729,61.740619419732404,61.779954933787515,61.779954933787515,61.740619419732404,61.740619419732404,61.779954933787515,61.740619419732404,61.740619419732404,61.779954933787515,61.70128390567729,61.70128390567729,61.740619419732404,61.70128390567729,61.81929044784261,61.779954933787515,61.740619419732404,61.81929044784261,61.779954933787515,61.81929044784261,61.779954933787515,61.70128390567729,61.70128390567729,61.779954933787515,61.70128390567729,61.740619419732404,61.81929044784261,61.779954933787515,61.740619419732404,61.70128390567729,61.70128390567729,61.81929044784261,61.81929044784261,61.81929044784261,61.70128390567729,61.779954933787515,61.740619419732404,61.779954933787515,61.81929044784261,61.81929044784261,61.779954933787515,61.740619419732404,61.740619419732404,61.81929044784261,61.740619419732404,61.740619419732404,61.81929044784261,61.81929044784261,61.779954933787515,61.779954933787515,61.779954933787515,61.70128390567729,61.70128390567729,61.70128390567729,61.70128390567729,61.740619419732404,61.81929044784261,61.81929044784261,61.779954933787515,61.70128390567729,61.779954933787515,61.740619419732404,61.70128390567729,61.779954933787515,61.779954933787515,61.81929044784261,61.740619419732404,61.740619419732404,61.740619419732404,61.740619419732404,61.740619419732404,61.779954933787515,61.740619419732404,61.81929044784261,61.740619419732404,61.779954933787515,61.70128390567729,61.81929044784261,61.740619419732404,61.81929044784261,61.81929044784261,61.740619419732404,61.779954933787515,61.70128390567729,61.740619419732404,61.81929044784261,61.70128390567729,61.740619419732404,61.81929044784261,61.81929044784261,61.779954933787515,61.70128390567729,61.70128390567729,61.740619419732404,61.70128390567729,61.779954933787515,61.740619419732404,61.70128390567729,61.81929044784261,61.81929044784261,61.70128390567729,61.70128390567729,61.740619419732404,61.740619419732404,61.81929044784261,61.779954933787515,61.70128390567729,61.779954933787515,61.740619419732404,61.70128390567729,61.740619419732404,61.81929044784261,61.779954933787515,61.70128390567729,61.81929044784261,61.740619419732404,61.81929044784261,61.81929044784261,61.740619419732404,61.740619419732404,61.740619419732404,61.81929044784261,61.779954933787515,61.81929044784261,61.740619419732404,61.70128390567729,61.70128390567729,61.779954933787515,61.740619419732404,61.70128390567729,61.779954933787515,61.779954933787515,61.779954933787515,61.81929044784261,61.740619419732404,61.740619419732404,61.740619419732404,61.81929044784261,61.70128390567729,61.81929044784261,61.779954933787515,61.81929044784261,61.81929044784261,61.779954933787515,61.70128390567729,61.779954933787515,61.779954933787515,61.81929044784261,61.81929044784261,61.81929044784261,61.779954933787515,61.779954933787515,61.81929044784261,61.779954933787515,61.779954933787515,61.779954933787515,61.70128390567729,61.81929044784261,61.779954933787515,61.779954933787515,61.81929044784261,61.81929044784261,61.81929044784261,61.740619419732404,61.779954933787515,61.70128390567729,61.779954933787515,61.779954933787515,61.740619419732404,61.779954933787515,61.779954933787515,61.70128390567729
61.6941319940309,61.73649331685947,61.6941319940309,61.73649331685947,61.73649331685947,61.65177067120232,61.73649331685947,61.73649331685947,61.65177067120232,61.73649331685947,61.73649331685947,61.65177067120232,61.77885463968808,61.77885463968808,61.77885463968808,61.77885463968808,61.73649331685947,61.65177067120232,61.73649331685947,61.6941319940309,61.65177067120232,61.6941319940309,61.65177067120232,61.77885463968808,61.6941319940309,61.77885463968808,61.77885463968808,61.73649331685947,61.6941319940309,61.65177067120232,61.6941319940309,61.77885463968808,61.73649331685947,61.65177067120232,61.6941319940309,61.6941319940309,61.73649331685947,61.65177067120232,61.65177067120232,61.73649331685947,61.77885463968808,61.6941319940309,61.77885463968808,61.73649331685947,61.6941319940309,61.6941319940309,61.6941319940309,61.77885463968808,61.77885463968808,61.73649331685947,61.65177067120232,61.77885463968808,61.77885463968808,61.77885463968808,61.65177067120232,61.6941319940309,61.65177067120232,61.73649331685947,61.65177067120232,61.65177067120232,61.65177067120232,61.73649331685947,61.65177067120232,61.77885463968808,61.65177067120232,61.6941319940309,61.6941319940309,61.73649331685947,61.65177067120232,61.6941319940309,61.77885463968808,61.65177067120232,61.6941319940309,61.73649331685947,61.73649331685947,61.73649331685947,61.6941319940309,61.65177067120232,61.73649331685947,61.73649331685947,61.73649331685947,61.6941319940309,61.73649331685947,61.65177067120232,61.65177067120232,61.65177067120232,61.77885463968808,61.73649331685947,61.77885463968808,61.6941319940309,61.6941319940309,61.65177067120232,61.77885463968808,61.65177067120232,61.6941319940309,61.73649331685947,61.65177067120232,61.6941319940309,61.6941319940309,61.77885463968808,61.77885463968808,61.73649331685947,61.65177067120232,61.73649331685947,61.65177067120232,61.6941319940309,61.65177067120232,61.65177067120232,61.77885463968808,61.65177067120232,61.6941319940309,61.65177067120232,61.6941319940309,61.73649331685947,61.73649331685947,61.65177067120232,61.6941319940309,61.73649331685947,61.73649331685947,61.6941319940309,61.77885463968808,61.77885463968808,61.6941319940309,61.73649331685947,61.73649331685947,61.65177067120232,61.73649331685947,61.65177067120232,61.77885463968808,61.65177067120232,61.73649331685947,61.73649331685947,61.73649331685947,61.65177067120232,61.65177067120232,61.65177067120232,61.65177067120232,61.6941319940309,61.77885463968808,61.77885463968808,61.73649331685947,61.65177067120232,61.77885463968808,61.65177067120232,61.73649331685947,61.77885463968808,61.73649331685947,61.65177067120232,61.73649331685947,61.77885463968808,61.6941319940309,61.6941319940309,61.73649331685947,61.77885463968808,61.65177067120232,61.6941319940309,61.6941319940309,61.6941319940309,61.77885463968808,61.77885463968808,61.65177067120232,61.6941319940309,61.6941319940309,61.77885463968808,61.77885463968808,61.6941319940309,61.73649331685947,61.73649331685947,61.73649331685947,61.73649331685947,61.77885463968808,61.6941319940309,61.77885463968808,61.65177067120232,61.73649331685947,61.6941319940309,61.65177067120232,61.65177067120232,61.6941319940309,61.65177067120232,61.73649331685947,61.73649331685947,61.65177067120232,61.73649331685947,61.77885463968808,61.77885463968808,61.73649331685947,61.77885463968808,61.77885463968808,61.65177067120232,61.6941319940309,61.65177067120232,61.77885463968808,61.65177067120232,61.73649331685947,61.73649331685947,61.6941319940309,61.65177067120232,61.6941319940309,61.77885463968808
61.647644568329405,61.738418831533515,61.69303169993145,61.738418831533515,61.647644568329405,61.738418831533515,61.738418831533515,61.738418831533515,61.738418831533515,61.738418831533515,61.647644568329405,61.738418831533515,61.69303169993145,61.69303169993145,61.647644568329405,61.647644568329405,61.738418831533515,61.647644568329405,61.738418831533515,61.69303169993145,61.738418831533515,61.738418831533515,61.738418831533515,61.602257436727356,61.647644568329405,61.647644568329405,61.647644568329405,61.647644568329405,61.602257436727356,61.738418831533515,61.69303169993145,61.647644568329405,61.69303169993145,61.738418831533515,61.647644568329405,61.602257436727356,61.69303169993145,61.738418831533515,61.738418831533515,61.647644568329405,61.647644568329405,61.647644568329405,61.738418831533515,61.602257436727356,61.602257436727356,61.647644568329405,61.647644568329405,61.69303169993145,61.602257436727356,61.69303169993145,61.738418831533515,61.69303169993145,61.647644568329405,61.602257436727356,61.647644568329405,61.602257436727356,61.69303169993145,61.69303169993145,61.69303169993145,61.69303169993145,61.647644568329405,61.738418831533515,61.647644568329405,61.738418831533515,61.69303169993145,61.738418831533515,61.738418831533515,61.69303169993145,61.69303169993145,61.647644568329405,61.602257436727356,61.738418831533515,61.647644568329405,61.69303169993145,61.602257436727356,61.69303169993145,61.738418831533515,61.738418831533515,61.738418831533515,61.602257436727356,61.647644568329405,61.69303169993145,61.647644568329405,61.738418831533515,61.738418831533515,61.69303169993145,61.647644568329405,61.602257436727356,61.647644568329405,61.69303169993145,61.69303169993145,61.69303169993145,61.647644568329405,61.738418831533515,61.69303169993145,61.738418831533515,61.602257436727356,61.602257436727356,61.647644568329405,61.602257436727356,61.647644568329405,61.647644568329405,61.69303169993145,61.69303169993145,61.602257436727356,61.602257436727356,61.69303169993145,61.738418831533515,61.69303169993145,61.738418831533515,61.647644568329405,61.647644568329405,61.647644568329405,61.69303169993145,61.602257436727356,61.738418831533515,61.69303169993145,61.69303169993145,61.69303169993145,61.69303169993145,61.738418831533515,61.69303169993145,61.738418831533515,61.647644568329405,61.647644568329405,61.647644568329405,61.602257436727356,61.69303169993145,61.738418831533515,61.647644568329405,61.738418831533515,61.647644568329405,61.602257436727356,61.647644568329405,61.647644568329405,61.69303169993145,61.69303169993145,61.647644568329405,61.738418831533515,61.647644568329405,61.738418831533515,61.602257436727356,61.647644568329405,61.602257436727356,61.602257436727356,61.738418831533515,61.69303169993145,61.647644568329405,61.738418831533515,61.602257436727356,61.647644568329405,61.602257436727356,61.602257436727356,61.738418831533515,61.647644568329405,61.69303169993145,61.602257436727356,61.69303169993145,61.69303169993145,61.647644568329405,61.602257436727356,61.69303169993145,61.647644568329405,61.69303169993145,61.738418831533515,61.69303169993145,61.69303169993145,61.647644568329405,61.647644568329405,61.602257436727356,61.69303169993145,61.69303169993145,61.602257436727356,61.647644568329405,61.738418831533515,61.647644568329405,61.69303169993145,61.647644568329405,61.602257436727356,61.647644568329405,61.602257436727356,61.602257436727356,61.69303169993145,61.602257436727356,61.69303169993145,61.647644568329405,61.69303169993145,61.602257436727356,61.738418831533515,61.69303169993145,61.69303169993145,61.738418831533515,61.602257436727356,61.647644568329405,61.738418831533515,61.738418831533515,61.738418831533515,61.69303169993145,61.69303169993145,61.602257436727356
61.69798302337897,61.60115714262792,61.60115714262792,61.60115714262792,61.69798302337897,61.64957008300345,61.5527442022524,61.64957008300345,61.64957008300345,61.5527442022524,61.60115714262792,61.5527442022524,61.5527442022524,61.69798302337897,61.60115714262792,61.64957008300345,61.5527442022524,61.69798302337897,61.60115714262792,61.64957008300345,61.69798302337897,61.64957008300345,61.60115714262792,61.5527442022524,61.5527442022524,61.60115714262792,61.5527442022524,61.69798302337897,61.60115714262792,61.5527442022524,61.64957008300345,61.60115714262792,61.60115714262792,61.69798302337897,61.5527442022524,61.60115714262792,61.60115714262792,61.69798302337897,61.69798302337897,61.64957008300345,61.60115714262792,61.69798302337897,61.60115714262792,61.64957008300345,61.64957008300345,61.60115714262792,61.69798302337897,61.5527442022524,61.60115714262792,61.60115714262792,61.64957008300345,61.60115714262792,61.69798302337897,61.5527442022524,61.64957008300345,61.60115714262792,61.64957008300345,61.5527442022524,61.60115714262792,61.64957008300345,61.5527442022524,61.5527442022524,61.60115714262792,61.69798302337897,61.64957008300345,61.69798302337897,61.69798302337897,61.60115714262792,61.5527442022524,61.5527442022524,61.60115714262792,61.69798302337897,61.69798302337897,61.60115714262792,61.60115714262792,61.64957008300345,61.64957008300345,61.5527442022524,61.69798302337897,61.5527442022524,61.64957008300345,61.5527442022524,61.60115714262792,61.5527442022524,61.69798302337897,61.5527442022524,61.69798302337897,61.60115714262792,61.69798302337897,61.69798302337897,61.5527442022524,61.69798302337897,61.69798302337897,61.5527442022524,61.5527442022524,61.64957008300345,61.69798302337897,61.64957008300345,61.60115714262792,61.60115714262792,61.60115714262792,61.69798302337897,61.5527442022524,61.5527442022524,61.69798302337897,61.64957008300345,61.69798302337897,61.60115714262792,61.60115714262792,61.69798302337897,61.64957008300345,61.60115714262792,61.69798302337897,61.69798302337897,61.5527442022524,61.69798302337897,61.64957008300345,61.64957008300345,61.5527442022524,61.5527442022524,61.5527442022524,61.64957008300345,61.5527442022524,61.69798302337897,61.69798302337897,61.5527442022524,61.69798302337897,61.60115714262792,61.69798302337897,61.69798302337897,61.5527442022524,61.69798302337897,61.60115714262792,61.60115714262792,61.60115714262792,61.69798302337897,61.5527442022524,61.69798302337897,61.64957008300345,61.69798302337897,61.69798302337897,61.60115714262792,61.5527442022524,61.64957008300345,61.60115714262792,61.64957008300345,61.69798302337897,61.60115714262792,61.5527442022524,61.5527442022524,61.64957008300345,61.69798302337897,61.60115714262792,61.5527442022524,61.5527442022524,61.69798302337897,61.69798302337897,61.64957008300345,61.69798302337897,61.69798302337897,61.69798302337897,61.5527442022524,61.60115714262792,61.64957008300345,61.69798302337897,61.5527442022524,61.5527442022524,61.5527442022524,61.69798302337897,61.60115714262792,61.5527442022524,61.5527442022524,61.64957008300345,61.69798302337897,61.60115714262792,61.64957008300345,61.64957008300345,61.69798302337897,61.60115714262792,61.69798302337897,61.60115714262792,61.60115714262792,61.60115714262792,61.60115714262792,61.5527442022524,61.69798302337897,61.60115714262792,61.5527442022524,61.64957008300345,61.5527442022524,61.60115714262792,61.60115714262792,61.64957008300345,61.69798302337897,61.64957008300345,61.64957008300345,61.60115714262792,61.69798302337897,61.5527442022524,61.5527442022524
61.60610846607541,61.503230967777434,61.503230967777434,61.60610846607541,61.657547215224405,61.503230967777434,61.503230967777434,61.55466971692641,61.657547215224405,61.503230967777434,61.60610846607541,61.60610846607541,61.55466971692641,61.60610846607541,61.60610846607541,61.55466971692641,61.60610846607541,61.503230967777434,61.60610846607541,61.55466971692641,61.503230967777434,61.657547215224405,61.55466971692641,61.60610846607541,61.657547215224405,61.657547215224405,61.503230967777434,61.55466971692641,61.503230967777434,61.60610846607541,61.55466971692641,61.55466971692641,61.657547215224405,61.657547215224405,61.60610846607541,61.60610846607541,61.55466971692641,61.503230967777434,61.60610846607541,61.60610846607541,61.60610846607541,61.60610846607541,61.55466971692641,61.657547215224405,61.60610846607541,61.60610846607541,61.60610846607541,61.55466971692641,61.55466971692641,61.657547215224405,61.55466971692641,61.55466971692641,61.657547215224405,61.55466971692641,61.503230967777434,61.503230967777434,61.657547215224405,61.60610846607541,61.60610846607541,61.503230967777434,61.60610846607541,61.55466971692641,61.657547215224405,61.657547215224405,61.60610846607541,61.55466971692641,61.657547215224405,61.60610846607541,61.657547215224405,61.657547215224405,61.60610846607541,61.503230967777434,61.55466971692641,61.60610846607541,61.55466971692641,61.60610846607541,61.60610846607541,61.503230967777434,61.60610846607541,61.503230967777434,61.60610846607541,61.60610846607541,61.657547215224405,61.55466971692641,61.55466971692641,61.503230967777434,61.657547215224405,61.55466971692641,61.657547215224405,61.60610846607541,61.60610846607541,61.55466971692641,61.60610846607541,61.60610846607541,61.503230967777434,61.657547215224405,61.503230967777434,61.657547215224405,61.60610846607541,61.55466971692641,61.60610846607541,61.657547215224405,61.503230967777434,61.55466971692641,61.55466971692641,61.60610846607541,61.60610846607541,61.503230967777434,61.503230967777434,61.503230967777434,61.60610846607541,61.55466971692641,61.657547215224405,61.503230967777434,61.657547215224405,61.55466971692641,61.60610846607541,61.60610846607541,61.657547215224405,61.657547215224405,61.503230967777434,61.503230967777434,61.503230967777434,61.503230967777434,61.60610846607541,61.657547215224405,61.503230967777434,61.55466971692641,61.657547215224405,61.60610846607541,61.60610846607541,61.503230967777434,61.657547215224405,61.503230967777434,61.657547215224405,61.60610846607541,61.55466971692641,61.503230967777434,61.503230967777434,61.503230967777434,61.503230967777434,61.60610846607541,61.60610846607541,61.503230967777434,61.657547215224405,61.55466971692641,61.55466971692641,61.503230967777434,61.657547215224405,61.60610846607541,61.55466971692641,61.55466971692641,61.503230967777434,61.60610846607541,61.60610846607541,61.503230967777434,61.60610846607541,61.55466971692641,61.60610846607541,61.503230967777434,61.55466971692641,61.503230967777434,61.60610846607541,61.60610846607541,61.60610846607541,61.657547215224405,61.60610846607541,61.60610846607541,61.60610846607541,61.60610846607541,61.503230967777434,61.503230967777434,61.55466971692641,61.55466971692641,61.657547215224405,61.503230967777434,61.55466971692641,61.503230967777434,61.657547215224405,61.503230967777434,61.657547215224405,61.60610846607541,61.55466971692641,61.60610846607541,61.657547215224405,61.657547215224405,61.60610846607541,61.657547215224405,61.657547215224405,61.60610846607541,61.657547215224405,61.657547215224405,61.657547215224405,61.503230967777434,61.60610846607541,61.503230967777434,61.55466971692641,61.657547215224405,61.60610846607541,61.503230967777434
61.562646849147384,61.45371773330246,61.562646849147384,61.61711140706985,61.562646849147384,61.562646849147384,61.508182291224934,61.508182291224934,61.45371773330246,61.45371773330246,61.61711140706985,61.508182291224934,61.61711140706985,61.61711140706985,61.508182291224934,61.61711140706985,61.508182291224934,61.508182291224934,61.562646849147384,61.508182291224934,61.562646849147384,61.562646849147384,61.45371773330246,61.562646849147384,61.508182291224934,61.61711140706985,61.508182291224934,61.508182291224934,61.562646849147384,61.61711140706985,61.45371773330246,61.562646849147384,61.508182291224934,61.562646849147384,61.61711140706985,61.45371773330246,61.508182291224934,61.45371773330246,61.45371773330246,61.508182291224934,61.61711140706985,61.562646849147384,61.562646849147384,61.61711140706985,61.562646849147384,61.562646849147384,61.61711140706985,61.562646849147384,61.61711140706985,61.61711140706985,61.508182291224934,61.562646849147384,61.61711140706985,61.508182291224934,61.508182291224934,61.45371773330246,61.61711140706985,61.508182291224934,61.61711140706985,61.45371773330246,61.508182291224934,61.61711140706985,61.508182291224934,61.562646849147384,61.45371773330246,61.562646849147384,61.61711140706985,61.562646849147384,61.61711140706985,61.508182291224934,61.508182291224934,61.562646849147384,61.61711140706985,61.45371773330246,61.562646849147384,61.508182291224934,61.45371773330246,61.61711140706985,61.508182291224934,61.45371773330246,61.45371773330246,61.61711140706985,61.562646849147384,61.61711140706985,61.45371773330246,61.562646849147384,61.45371773330246,61.562646849147384,61.61711140706985,61.562646849147384,61.61711140706985,61.45371773330246,61.508182291224934,61.562646849147384,61.508182291224934,61.61711140706985,61.562646849147384,61.508182291224934,61.508182291224934,61.508182291224934,61.45371773330246,61.562646849147384,61.61711140706985,61.61711140706985,61.562646849147384,61.562646849147384,61.508182291224934,61.45371773330246,61.508182291224934,61.61711140706985,61.61711140706985,61.61711140706985,61.508182291224934,61.61711140706985,61.45371773330246,61.508182291224934,61.61711140706985,61.562646849147384,61.562646849147384,61.61711140706985,61.45371773330246,61.45371773330246,61.508182291224934,61.61711140706985,61.508182291224934,61.45371773330246,61.562646849147384,61.61711140706985,61.45371773330246,61.508182291224934,61.508182291224934,61.61711140706985,61.562646849147384,61.562646849147384,61.61711140706985,61.45371773330246,61.562646849147384,61.45371773330246,61.61711140706985,61.508182291224934,61.508182291224934,61.508182291224934,61.61711140706985,61.61711140706985,61.562646849147384,61.45371773330246,61.61711140706985,61.562646849147384,61.562646849147384,61.562646849147384,61.562646849147384,61.562646849147384,61.508182291224934,61.61711140706985,61.45371773330246,61.562646849147384,61.61711140706985,61.508182291224934,61.61711140706985,61.45371773330246,61.508182291224934,61.61711140706985,61.508182291224934,61.61711140706985,61.61711140706985,61.45371773330246,61.508182291224934,61.508182291224934,61.61711140706985,61.562646849147384,61.61711140706985,61.45371773330246,61.61711140706985,61.562646849147384,61.562646849147384,61.61711140706985,61.61711140706985,61.562646849147384,61.562646849147384,61.45371773330246,61.45371773330246,61.45371773330246,61.61711140706985,61.562646849147384,61.61711140706985,61.508182291224934,61.45371773330246,61.45371773330246,61.45371773330246,61.45371773330246,61.45371773330246,61.508182291224934,61.508182291224934,61.61711140706985,61.45371773330246,61.61711140706985,61.61711140706985,61.61711140706985,61.45371773330246,61.61711140706985
61.519185232219364,61.5766755989153,61.46169486552344,61.46169486552344,61.46169486552344,61.519185232219364,61.46169486552344,61.519185232219364,61.519185232219364,61.5766755989153,61.4042044988275,61.519185232219364,61.519185232219364,61.4042044988275,61.519185232219364,61.519185232219364,61.5766755989153,61.519185232219364,61.4042044988275,61.5766755989153,61.5766755989153,61.5766755989153,61.46169486552344,61.519185232219364,61.5766755989153,61.46169486552344,61.46169486552344,61.46169486552344,61.46169486552344,61.519185232219364,61.46169486552344,61.519185232219364,61.4042044988275,61.5766755989153,61.4042044988275,61.46169486552344,61.519185232219364,61.5766755989153,61.46169486552344,61.5766755989153,61.5766755989153,61.5766755989153,61.5766755989153,61.4042044988275,61.46169486552344,61.519185232219364,61.5766755989153,61.5766755989153,61.4042044988275,61.4042044988275,61.5766755989153,61.5766755989153,61.5766755989153,61.519185232219364,61.46169486552344,61.5766755989153,61.5766755989153,61.46169486552344,61.5766755989153,61.519185232219364,61.46169486552344,61.4042044988275,61.4042044988275,61.4042044988275,61.46169486552344,61.519185232219364,61.5766755989153,61.46169486552344,61.4042044988275,61.46169486552344,61.46169486552344,61.46169486552344,61.519185232219364,61.519185232219364,61.519185232219364,61.519185232219364,61.46169486552344,61.5766755989153,61.5766755989153,61.5766755989153,61.5766755989153,61.4042044988275,61.5766755989153,61.46169486552344,61.46169486552344,61.4042044988275,61.5766755989153,61.5766755989153,61.519185232219364,61.46169486552344,61.5766755989153,61.4042044988275,61.519185232219364,61.5766755989153,61.4042044988275,61.46169486552344,61.519185232219364,61.46169486552344,61.519185232219364,61.46169486552344,61.519185232219364,61.46169486552344,61.5766755989153,61.46169486552344,61.519185232219364,61.5766755989153,61.519185232219364,61.519185232219364,61.46169486552344,61.5766755989153,61.4042044988275,61.519185232219364,61.46169486552344,61.4042044988275,61.5766755989153,61.5766755989153,61.4042044988275,61.519185232219364,61.5766755989153,61.46169486552344,61.519185232219364,61.519185232219364,61.519185232219364,61.5766755989153,61.4042044988275,61.46169486552344,61.46169486552344,61.5766755989153,61.5766755989153,61.46169486552344,61.5766755989153,61.519185232219364,61.519185232219364,61.4042044988275,61.4042044988275,61.46169486552344,61.519185232219364,61.5766755989153,61.4042044988275,61.4042044988275,61.4042044988275,61.5766755989153,61.4042044988275,61.4042044988275,61.519185232219364,61.4042044988275,61.4042044988275,61.4042044988275,61.4042044988275,61.46169486552344,61.5766755989153,61.46169486552344,61.4042044988275,61.5766755989153,61.4042044988275,61.46169486552344,61.519185232219364,61.46169486552344,61.519185232219364,61.5766755989153,61.5766755989153,61.519185232219364,61.519185232219364,61.46169486552344,61.5766755989153,61.4042044988275,61.46169486552344,61.4042044988275,61.46169486552344,61.46169486552344,61.519185232219364,61.4042044988275,61.46169486552344,61.519185232219364,61.519185232219364,61.46169486552344,61.4042044988275,61.5766755989153,61.4042044988275,61.519185232219364,61.519185232219364,61.46169486552344,61.46169486552344,61.4042044988275,61.46169486552344,61.46169486552344,61.4042044988275,61.519185232219364,61.4042044988275,61.4042044988275,61.519185232219364,61.46169486552344,61.4042044988275,61.4042044988275,61.5766755989153,61.519185232219364,61.4042044988275,61.4042044988275,61.4042044988275,61.46169486552344
61.53623979076074,61.475723615291336,61.475723615291336,61.41520743982194,61.475723615291336,61.35469126435253,61.35469126435253,61.53623979076074,61.475723615291336,61.53623979076074,61.41520743982194,61.41520743982194,61.35469126435253,61.35469126435253,61.35469126435253,61.475723615291336,61.35469126435253,61.41520743982194,61.475723615291336,61.41520743982194,61.41520743982194,61.35469126435253,61.35469126435253,61.41520743982194,61.475723615291336,61.35469126435253,61.475723615291336,61.475723615291336,61.53623979076074,61.35469126435253,61.475723615291336,61.41520743982194,61.53623979076074,61.35469126435253,61.35469126435253,61.41520743982194,61.35469126435253,61.35469126435253,61.475723615291336,61.53623979076074,61.53623979076074,61.475723615291336,61.41520743982194,61.41520743982194,61.35469126435253,61.35469126435253,61.475723615291336,61.41520743982194,61.53623979076074,61.53623979076074,61.53623979076074,61.53623979076074,61.35469126435253,61.475723615291336,61.35469126435253,61.41520743982194,61.475723615291336,61.53623979076074,61.41520743982194,61.53623979076074,61.475723615291336,61.41520743982194,61.41520743982194,61.35469126435253,61.475723615291336,61.475723615291336,61.475723615291336,61.41520743982194,61.53623979076074,61.41520743982194,61.35469126435253,61.475723615291336,61.35469126435253,61.475723615291336,61.475723615291336,61.475723615291336,61.35469126435253,61.41520743982194,61.475723615291336,61.35469126435253,61.35469126435253,61.35469126435253,61.53623979076074,61.53623979076074,61.475723615291336,61.53623979076074,61.35469126435253,61.41520743982194,61.41520743982194,61.35469126435253,61.475723615291336,61.475723615291336,61.41520743982194,61.41520743982194,61.53623979076074,61.35469126435253,61.35469126435253,61.35469126435253,61.53623979076074,61.475723615291336,61.475723615291336,61.41520743982194,61.35469126435253,61.41520743982194,61.475723615291336,61.53623979076074,61.35469126435253,61.41520743982194,61.475723615291336,61.53623979076074,61.475723615291336,61.53623979076074,61.41520743982194,61.475723615291336,61.41520743982194,61.475723615291336,61.35469126435253,61.35469126435253,61.41520743982194,61.53623979076074,61.475723615291336,61.53623979076074,61.35469126435253,61.35469126435253,61.475723615291336,61.35469126435253,61.35469126435253,61.53623979076074,61.35469126435253,61.53623979076074,61.475723615291336,61.53623979076074,61.53623979076074,61.35469126435253,61.35469126435253,61.41520743982194,61.475723615291336,61.475723615291336,61.475723615291336,61.41520743982194,61.35469126435253,61.475723615291336,61.475723615291336,61.475723615291336,61.475723615291336,61.53623979076074,61.41520743982194,61.35469126435253,61.35469126435253,61.475723615291336,61.475723615291336,61.475723615291336,61.475723615291336,61.41520743982194,61.35469126435253,61.41520743982194,61.53623979076074,61.41520743982194,61.53623979076074,61.475723615291336,61.41520743982194,61.53623979076074,61.475723615291336,61.35469126435253,61.41520743982194,61.35469126435253,61.53623979076074,61.53623979076074,61.475723615291336,61.35469126435253,61.41520743982194,61.475723615291336,61.53623979076074,61.41520743982194,61.53623979076074,61.475723615291336,61.475723615291336,61.53623979076074,61.35469126435253,61.475723615291336,61.35469126435253,61.53623979076074,61.35469126435253,61.41520743982194,61.41520743982194,61.35469126435253,61.53623979076074,61.35469126435253,61.35469126435253,61.53623979076074,61.41520743982194,61.475723615291336,61.53623979076074,61.475723615291336,61.41520743982194,61.35469126435253,61.35469126435253,61.53623979076074,61.35469126435253,61.41520743982194
61.495803982606176,61.4322619983633,61.495803982606176,61.368720014120434,61.4322619983633,61.368720014120434,61.495803982606176,61.305178029877574,61.495803982606176,61.4322619983633,61.305178029877574,61.4322619983633,61.368720014120434,61.4322619983633,61.305178029877574,61.305178029877574,61.305178029877574,61.4322619983633,61.495803982606176,61.305178029877574,61.495803982606176,61.368720014120434,61.368720014120434,61.305178029877574,61.368720014120434,61.305178029877574,61.305178029877574,61.4322619983633,61.305178029877574,61.368720014120434,61.305178029877574,61.305178029877574,61.495803982606176,61.305178029877574,61.305178029877574,61.4322619983633,61.368720014120434,61.495803982606176,61.495803982606176,61.305178029877574,61.4322619983633,61.495803982606176,61.305178029877574,61.495803982606176,61.305178029877574,61.4322619983633,61.305178029877574,61.495803982606176,61.368720014120434,61.4322619983633,61.495803982606176,61.305178029877574,61.368720014120434,61.4322619983633,61.4322619983633,61.305178029877574,61.4322619983633,61.4322619983633,61.368720014120434,61.368720014120434,61.368720014120434,61.305178029877574,61.4322619983633,61.368720014120434,61.4322619983633,61.495803982606176,61.495803982606176,61.4322619983633,61.4322619983633,61.495803982606176,61.4322619983633,61.368720014120434,61.368720014120434,61.368720014120434,61.495803982606176,61.495803982606176,61.495803982606176,61.305178029877574,61.368720014120434,61.305178029877574,61.4322619983633,61.495803982606176,61.305178029877574,61.305178029877574,61.495803982606176,61.368720014120434,61.305178029877574,61.368720014120434,61.305178029877574,61.495803982606176,61.4322619983633,61.4322619983633,61.368720014120434,61.4322619983633,61.495803982606176,61.4322619983633,61.305178029877574,61.4322619983633,61.495803982606176,61.368720014120434,61.495803982606176,61.495803982606176,61.495803982606176,61.305178029877574,61.368720014120434,61.368720014120434,61.368720014120434,61.305178029877574,61.305178029877574,61.495803982606176,61.495803982606176,61.4322619983633,61.305178029877574,61.305178029877574,61.495803982606176,61.4322619983633,61.305178029877574,61.4322619983633,61.495803982606176,61.305178029877574,61.495803982606176,61.368720014120434,61.495803982606176,61.495803982606176,61.495803982606176,61.305178029877574,61.495803982606176,61.4322619983633,61.495803982606176,61.495803982606176,61.368720014120434,61.305178029877574,61.305178029877574,61.495803982606176,61.4322619983633,61.4322619983633,61.368720014120434,61.495803982606176,61.368720014120434,61.4322619983633,61.4322619983633,61.305178029877574,61.4322619983633,61.495803982606176,61.4322619983633,61.305178029877574,61.305178029877574,61.368720014120434,61.368720014120434,61.4322619983633,61.305178029877574,61.495803982606176,61.495803982606176,61.495803982606176,61.368720014120434,61.495803982606176,61.305178029877574,61.368720014120434,61.495803982606176,61.305178029877574,61.305178029877574,61.4322619983633,61.4322619983633,61.368720014120434,61.4322619983633,61.368720014120434,61.495803982606176,61.305178029877574,61.4322619983633,61.368720014120434,61.305178029877574,61.305178029877574,61.4322619983633,61.495803982606176,61.4322619983633,61.4322619983633,61.4322619983633,61.495803982606176,61.305178029877574,61.495803982606176,61.305178029877574,61.305178029877574,61.495803982606176,61.305178029877574,61.4322619983633,61.4322619983633,61.368720014120434,61.495803982606176,61.495803982606176,61.495803982606176,61.495803982606176,61.495803982606176,61.495803982606176,61.305178029877574,61.368720014120434,61.305178029877574,61.495803982606176,61.495803982606176,61.4322619983633,61.368720014120434
61.25566479540261,61.388800381435296,61.388800381435296,61.388800381435296,61.25566479540261,61.32223258841895,61.45536817445163,61.388800381435296,61.388800381435296,61.25566479540261,61.388800381435296,61.388800381435296,61.25566479540261,61.32223258841895,61.45536817445163,61.32223258841895,61.32223258841895,61.45536817445163,61.45536817445163,61.388800381435296,61.45536817445163,61.388800381435296,61.32223258841895,61.45536817445163,61.388800381435296,61.388800381435296,61.32223258841895,61.25566479540261,61.32223258841895,61.45536817445163,61.25566479540261,61.388800381435296,61.388800381435296,61.388800381435296,61.32223258841895,61.32223258841895,61.388800381435296,61.45536817445163,61.388800381435296,61.25566479540261,61.25566479540261,61.388800381435296,61.25566479540261,61.32223258841895,61.25566479540261,61.388800381435296,61.32223258841895,61.32223258841895,61.32223258841895,61.25566479540261,61.25566479540261,61.388800381435296,61.25566479540261,61.45536817445163,61.388800381435296,61.32223258841895,61.45536817445163,61.25566479540261,61.45536817445163,61.32223258841895,61.32223258841895,61.45536817445163,61.25566479540261,61.388800381435296,61.25566479540261,61.45536817445163,61.25566479540261,61.388800381435296,61.25566479540261,61.25566479540261,61.32223258841895,61.25566479540261,61.388800381435296,61.25566479540261,61.32223258841895,61.388800381435296,61.388800381435296,61.45536817445163,61.32223258841895,61.25566479540261,61.32223258841895,61.388800381435296,61.25566479540261,61.25566479540261,61.45536817445163,61.25566479540261,61.388800381435296,61.25566479540261,61.25566479540261,61.25566479540261,61.388800381435296,61.45536817445163,61.32223258841895,61.388800381435296,61.388800381435296,61.32223258841895,61.32223258841895,61.388800381435296,61.388800381435296,61.32223258841895,61.45536817445163,61.25566479540261,61.388800381435296,61.45536817445163,61.45536817445163,61.45536817445163,61.32223258841895,61.25566479540261,61.25566479540261,61.45536817445163,61.388800381435296,61.32223258841895,61.45536817445163,61.25566479540261,61.32223258841895,61.25566479540261,61.25566479540261,61.32223258841895,61.45536817445163,61.32223258841895,61.25566479540261,61.45536817445163,61.32223258841895,61.388800381435296,61.388800381435296,61.25566479540261,61.388800381435296,61.388800381435296,61.45536817445163,61.388800381435296,61.25566479540261,61.388800381435296,61.25566479540261,61.388800381435296,61.32223258841895,61.25566479540261,61.45536817445163,61.25566479540261,61.25566479540261,61.45536817445163,61.25566479540261,61.45536817445163,61.45536817445163,61.45536817445163,61.32223258841895,61.388800381435296,61.32223258841895,61.25566479540261,61.388800381435296,61.388800381435296,61.45536817445163,61.25566479540261,61.25566479540261,61.25566479540261,61.388800381435296,61.45536817445163,61.45536817445163,61.25566479540261,61.25566479540261,61.388800381435296,61.45536817445163,61.45536817445163,61.32223258841895,61.32223258841895,61.45536817445163,61.45536817445163,61.45536817445163,61.32223258841895,61.45536817445163,61.45536817445163,61.388800381435296,61.45536817445163,61.388800381435296,61.45536817445163,61.32223258841895,61.32223258841895,61.25566479540261,61.45536817445163,61.388800381435296,61.388800381435296,61.32223258841895,61.388800381435296,61.32223258841895,61.388800381435296,61.32223258841895,61.388800381435296,61.45536817445163,61.45536817445163,61.32223258841895,61.32223258841895,61.388800381435296,61.388800381435296,61.25566479540261,61.388800381435296,61.25566479540261,61.25566479540261,61.388800381435296,61.388800381435296,61.45536817445163,61.32223258841895
61.345338764507275,61.275745162717456,61.41493236629707,61.206151560927644,61.345338764507275,61.345338764507275,61.275745162717456,61.345338764507275,61.275745162717456,61.275745162717456,61.206151560927644,61.41493236629707,61.41493236629707,61.41493236629707,61.345338764507275,61.41493236629707,61.206151560927644,61.41493236629707,61.41493236629707,61.345338764507275,61.41493236629707,61.41493236629707,61.275745162717456,61.345338764507275,61.345338764507275,61.275745162717456,61.275745162717456,61.206151560927644,61.275745162717456,61.41493236629707,61.345338764507275,61.345338764507275,61.41493236629707,61.206151560927644,61.206151560927644,61.345338764507275,61.41493236629707,61.275745162717456,61.206151560927644,61.206151560927644,61.345338764507275,61.41493236629707,61.345338764507275,61.41493236629707,61.41493236629707,61.206151560927644,61.206151560927644,61.206151560927644,61.41493236629707,61.41493236629707,61.275745162717456,61.275745162717456,61.275745162717456,61.41493236629707,61.275745162717456,61.275745162717456,61.41493236629707,61.345338764507275,61.275745162717456,61.345338764507275,61.41493236629707,61.206151560927644,61.345338764507275,61.41493236629707,61.41493236629707,61.275745162717456,61.345338764507275,61.345338764507275,61.275745162717456,61.206151560927644,61.345338764507275,61.206151560927644,61.41493236629707,61.345338764507275,61.41493236629707,61.41493236629707,61.41493236629707,61.41493236629707,61.345338764507275,61.345338764507275,61.206151560927644,61.206151560927644,61.345338764507275,61.345338764507275,61.41493236629707,61.275745162717456,61.41493236629707,61.345338764507275,61.275745162717456,61.345338764507275,61.41493236629707,61.41493236629707,61.41493236629707,61.345338764507275,61.345338764507275,61.345338764507275,61.345338764507275,61.41493236629707,61.41493236629707,61.206151560927644,61.345338764507275,61.275745162717456,61.345338764507275,61.206151560927644,61.345338764507275,61.275745162717456,61.275745162717456,61.345338764507275,61.345338764507275,61.206151560927644,61.275745162717456,61.206151560927644,61.41493236629707,61.41493236629707,61.206151560927644,61.41493236629707,61.206151560927644,61.41493236629707,61.345338764507275,61.275745162717456,61.345338764507275,61.41493236629707,61.41493236629707,61.41493236629707,61.41493236629707,61.41493236629707,61.345338764507275,61.345338764507275,61.206151560927644,61.206151560927644,61.275745162717456,61.206151560927644,61.275745162717456,61.41493236629707,61.345338764507275,61.206151560927644,61.275745162717456,61.275745162717456,61.41493236629707,61.41493236629707,61.275745162717456,61.275745162717456,61.345338764507275,61.206151560927644,61.206151560927644,61.275745162717456,61.345338764507275,61.206151560927644,61.275745162717456,61.41493236629707,61.41493236629707,61.41493236629707,61.206151560927644,61.345338764507275,61.345338764507275,61.41493236629707,61.41493236629707,61.275745162717456,61.345338764507275,61.206151560927644,61.275745162717456,61.275745162717456,61.206151560927644,61.206151560927644,61.275745162717456,61.206151560927644,61.275745162717456,61.206151560927644,61.41493236629707,61.345338764507275,61.275745162717456,61.206151560927644,61.275745162717456,61.275745162717456,61.41493236629707,61.275745162717456,61.345338764507275,61.41493236629707,61.275745162717456,61.206151560927644,61.275745162717456,61.41493236629707,61.275745162717456,61.345338764507275,61.275745162717456,61.275745162717456,61.345338764507275,61.206151560927644,61.345338764507275,61.345338764507275,61.345338764507275,61.345338764507275,61.275745162717456,61.206151560927644,61.275745162717456,61.41493236629707,61.345338764507275,61.41493236629707,61.41493236629707,61.206151560927644
61.156638326452686,61.374496558142525,61.374496558142525,61.30187714757924,61.22925773701595,61.374496558142525,61.156638326452686,61.374496558142525,61.30187714757924,61.156638326452686,61.22925773701595,61.30187714757924,61.30187714757924,61.374496558142525,61.22925773701595,61.30187714757924,61.374496558142525,61.156638326452686,61.30187714757924,61.30187714757924,61.30187714757924,61.374496558142525,61.22925773701595,61.374496558142525,61.30187714757924,61.374496558142525,61.22925773701595,61.22925773701595,61.374496558142525,61.22925773701595,61.374496558142525,61.30187714757924,61.156638326452686,61.374496558142525,61.30187714757924,61.30187714757924,61.156638326452686,61.22925773701595,61.22925773701595,61.156638326452686,61.30187714757924,61.374496558142525,61.374496558142525,61.156638326452686,61.156638326452686,61.156638326452686,61.374496558142525,61.22925773701595,61.374496558142525,61.374496558142525,61.30187714757924,61.374496558142525,61.22925773701595,61.156638326452686,61.156638326452686,61.374496558142525,61.22925773701595,61.374496558142525,61.30187714757924,61.374496558142525,61.374496558142525,61.30187714757924,61.156638326452686,61.30187714757924,61.156638326452686,61.374496558142525,61.30187714757924,61.156638326452686,61.22925773701595,61.374496558142525,61.374496558142525,61.374496558142525,61.30187714757924,61.374496558142525,61.374496558142525,61.374496558142525,61.374496558142525,61.374496558142525,61.374496558142525,61.374496558142525,61.30187714757924,61.156638326452686,61.22925773701595,61.30187714757924,61.22925773701595,61.30187714757924,61.30187714757924,61.22925773701595,61.22925773701595,61.30187714757924,61.30187714757924,61.30187714757924,61.156638326452686,61.156638326452686,61.374496558142525,61.30187714757924,61.156638326452686,61.156638326452686,61.30187714757924,61.156638326452686,61.30187714757924,61.156638326452686,61.30187714757924,61.22925773701595,61.30187714757924,61.374496558142525,61.156638326452686,61.30187714757924,61.22925773701595,61.22925773701595,61.30187714757924,61.22925773701595,61.374496558142525,61.156638326452686,61.156638326452686,61.156638326452686,61.22925773701595,61.374496558142525,61.22925773701595,61.30187714757924,61.30187714757924,61.30187714757924,61.156638326452686,61.22925773701595,61.30187714757924,61.156638326452686,61.374496558142525,61.30187714757924,61.22925773701595,61.22925773701595,61.22925773701595,61.374496558142525,61.22925773701595,61.22925773701595,61.374496558142525,61.30187714757924,61.156638326452686,61.30187714757924,61.22925773701595,61.374496558142525,61.374496558142525,61.30187714757924,61.22925773701595,61.30187714757924,61.22925773701595,61.30187714757924,61.156638326452686,61.374496558142525,61.156638326452686,61.156638326452686,61.30187714757924,61.156638326452686,61.30187714757924,61.30187714757924,61.374496558142525,61.30187714757924,61.156638326452686,61.30187714757924,61.156638326452686,61.22925773701595,61.156638326452686,61.156638326452686,61.374496558142525,61.22925773701595,61.374496558142525,61.374496558142525,61.22925773701595,61.374496558142525,61.374496558142525,61.156638326452686,61.156638326452686,61.156638326452686,61.156638326452686,61.30187714757924,61.374496558142525,61.30187714757924,61.22925773701595,61.22925773701595,61.30187714757924,61.374496558142525,61.30187714757924,61.374496558142525,61.156638326452686,61.30187714757924,61.156638326452686,61.22925773701595,61.156638326452686,61.156638326452686,61.22925773701595,61.22925773701595,61.30187714757924,61.30187714757924,61.30187714757924,61.30187714757924,61.30187714757924,61.30187714757924,61.30187714757924,61.156638326452686,61.22925773701595,61.30187714757924
61.182770311314464,61.10712509197771,61.182770311314464,61.25841553065121,61.33406074998797,61.182770311314464,61.10712509197771,61.182770311314464,61.10712509197771,61.10712509197771,61.25841553065121,61.182770311314464,61.10712509197771,61.182770311314464,61.33406074998797,61.33406074998797,61.10712509197771,61.10712509197771,61.182770311314464,61.10712509197771,61.182770311314464,61.182770311314464,61.182770311314464,61.25841553065121,61.33406074998797,61.25841553065121,61.182770311314464,61.10712509197771,61.10712509197771,61.10712509197771,61.10712509197771,61.10712509197771,61.10712509197771,61.25841553065121,61.33406074998797,61.182770311314464,61.10712509197771,61.33406074998797,61.10712509197771,61.182770311314464,61.25841553065121,61.25841553065121,61.25841553065121,61.10712509197771,61.10712509197771,61.182770311314464,61.33406074998797,61.182770311314464,61.33406074998797,61.33406074998797,61.10712509197771,61.25841553065121,61.25841553065121,61.33406074998797,61.33406074998797,61.10712509197771,61.25841553065121,61.25841553065121,61.25841553065121,61.33406074998797,61.33406074998797,61.25841553065121,61.25841553065121,61.182770311314464,61.25841553065121,61.182770311314464,61.33406074998797,61.25841553065121,61.33406074998797,61.33406074998797,61.25841553065121,61.25841553065121,61.25841553065121,61.25841553065121,61.10712509197771,61.25841553065121,61.10712509197771,61.25841553065121,61.25841553065121,61.10712509197771,61.182770311314464,61.33406074998797,61.33406074998797,61.33406074998797,61.10712509197771,61.25841553065121,61.182770311314464,61.33406074998797,61.25841553065121,61.182770311314464,61.33406074998797,61.10712509197771,61.25841553065121,61.25841553065121,61.25841553065121,61.25841553065121,61.25841553065121,61.33406074998797,61.25841553065121,61.182770311314464,61.10712509197771,61.33406074998797,61.182770311314464,61.25841553065121,61.10712509197771,61.10712509197771,61.182770311314464,61.10712509197771,61.10712509197771,61.182770311314464,61.25841553065121,61.25841553065121,61.10712509197771,61.25841553065121,61.10712509197771,61.25841553065121,61.33406074998797,61.182770311314464,61.33406074998797,61.182770311314464,61.25841553065121,61.10712509197771,61.182770311314464,61.25841553065121,61.25841553065121,61.25841553065121,61.182770311314464,61.10712509197771,61.33406074998797,61.25841553065121,61.182770311314464,61.33406074998797,61.10712509197771,61.10712509197771,61.33406074998797,61.10712509197771,61.25841553065121,61.182770311314464,61.25841553065121,61.33406074998797,61.25841553065121,61.10712509197771,61.25841553065121,61.25841553065121,61.10712509197771,61.10712509197771,61.33406074998797,61.10712509197771,61.33406074998797,61.182770311314464,61.33406074998797,61.33406074998797,61.25841553065121,61.33406074998797,61.33406074998797,61.10712509197771,61.182770311314464,61.182770311314464,61.10712509197771,61.10712509197771,61.33406074998797,61.33406074998797,61.25841553065121,61.10712509197771,61.25841553065121,61.25841553065121,61.182770311314464,61.10712509197771,61.182770311314464,61.25841553065121,61.10712509197771,61.25841553065121,61.10712509197771,61.33406074998797,61.182770311314464,61.10712509197771,61.33406074998797,61.25841553065121,61.25841553065121,61.182770311314464,61.182770311314464,61.182770311314464,61.33406074998797,61.25841553065121,61.10712509197771,61.25841553065121,61.25841553065121,61.10712509197771,61.33406074998797,61.33406074998797,61.10712509197771,61.25841553065121,61.182770311314464,61.33406074998797,61.10712509197771,61.25841553065121,61.10712509197771,61.25841553065121,61.33406074998797,61.33406074998797
61.057611857502735,61.21495391372319,61.13628288561297,61.293624941833414,61.293624941833414,61.13628288561297,61.057611857502735,61.293624941833414,61.293624941833414,61.057611857502735,61.13628288561297,61.21495391372319,61.057611857502735,61.057611857502735,61.21495391372319,61.293624941833414,61.057611857502735,61.057611857502735,61.057611857502735,61.21495391372319,61.13628288561297,61.13628288561297,61.057611857502735,61.21495391372319,61.13628288561297,61.13628288561297,61.057611857502735,61.21495391372319,61.13628288561297,61.293624941833414,61.293624941833414,61.057611857502735,61.21495391372319,61.13628288561297,61.293624941833414,61.21495391372319,61.293624941833414,61.21495391372319,61.057611857502735,61.21495391372319,61.057611857502735,61.293624941833414,61.293624941833414,61.293624941833414,61.21495391372319,61.057611857502735,61.21495391372319,61.057611857502735,61.293624941833414,61.13628288561297,61.293624941833414,61.13628288561297,61.13628288561297,61.293624941833414,61.057611857502735,61.13628288561297,61.21495391372319,61.21495391372319,61.057611857502735,61.293624941833414,61.293624941833414,61.293624941833414,61.057611857502735,61.293624941833414,61.057611857502735,61.057611857502735,61.057611857502735,61.293624941833414,61.293624941833414,61.13628288561297,61.057611857502735,61.13628288561297,61.057611857502735,61.13628288561297,61.21495391372319,61.13628288561297,61.293624941833414,61.293624941833414,61.21495391372319,61.13628288561297,61.293624941833414,61.057611857502735,61.21495391372319,61.293624941833414,61.21495391372319,61.21495391372319,61.293624941833414,61.13628288561297,61.13628288561297,61.21495391372319,61.13628288561297,61.057611857502735,61.293624941833414,61.293624941833414,61.057611857502735,61.21495391372319,61.293624941833414,61.21495391372319,61.293624941833414,61.057611857502735,61.13628288561297,61.057611857502735,61.13628288561297,61.293624941833414,61.057611857502735,61.21495391372319,61.057611857502735,61.13628288561297,61.057611857502735,61.21495391372319,61.21495391372319,61.057611857502735,61.21495391372319,61.21495391372319,61.13628288561297,61.21495391372319,61.057611857502735,61.13628288561297,61.057611857502735,61.293624941833414,61.057611857502735,61.057611857502735,61.13628288561297,61.057611857502735,61.057611857502735,61.13628288561297,61.057611857502735,61.293624941833414,61.13628288561297,61.293624941833414,61.293624941833414,61.057611857502735,61.293624941833414,61.293624941833414,61.057611857502735,61.057611857502735,61.21495391372319,61.057611857502735,61.057611857502735,61.293624941833414,61.293624941833414,61.057611857502735,61.13628288561297,61.21495391372319,61.293624941833414,61.21495391372319,61.13628288561297,61.057611857502735,61.293624941833414,61.057611857502735,61.057611857502735,61.293624941833414,61.057611857502735,61.13628288561297,61.057611857502735,61.057611857502735,61.21495391372319,61.293624941833414,61.057611857502735,61.057611857502735,61.13628288561297,61.057611857502735,61.13628288561297,61.21495391372319,61.13628288561297,61.293624941833414,61.21495391372319,61.057611857502735,61.21495391372319,61.21495391372319,61.13628288561297,61.057611857502735,61.13628288561297,61.293624941833414,61.293624941833414,61.057611857502735,61.057611857502735,61.13628288561297,61.057611857502735,61.057611857502735,61.057611857502735,61.21495391372319,61.293624941833414,61.13628288561297,61.293624941833414,61.13628288561297,61.13628288561297,61.13628288561297,61.21495391372319,61.13628288561297,61.057611857502735,61.293624941833414,61.21495391372319,61.21495391372319,61.21495391372319,61.057611857502735,61.057611857502735,61.21495391372319,61.13628288561297,61.057611857502735
61.00809862302777,61.17149229679516,61.08979545991148,61.17149229679516,61.17149229679516,61.25318913367885,61.25318913367885,61.25318913367885,61.00809862302777,61.08979545991148,61.17149229679516,61.00809862302777,61.00809862302777,61.25318913367885,61.17149229679516,61.08979545991148,61.17149229679516,61.17149229679516,61.08979545991148,61.17149229679516,61.17149229679516,61.00809862302777,61.17149229679516,61.08979545991148,61.17149229679516,61.17149229679516,61.08979545991148,61.08979545991148,61.17149229679516,61.17149229679516,61.25318913367885,61.25318913367885,61.08979545991148,61.08979545991148,61.17149229679516,61.25318913367885,61.00809862302777,61.08979545991148,61.00809862302777,61.17149229679516,61.00809862302777,61.25318913367885,61.00809862302777,61.17149229679516,61.25318913367885,61.00809862302777,61.00809862302777,61.08979545991148,61.17149229679516,61.08979545991148,61.08979545991148,61.08979545991148,61.00809862302777,61.08979545991148,61.25318913367885,61.00809862302777,61.17149229679516,61.25318913367885,61.08979545991148,61.08979545991148,61.00809862302777,61.08979545991148,61.00809862302777,61.25318913367885,61.00809862302777,61.25318913367885,61.00809862302777,61.08979545991148,61.25318913367885,61.25318913367885,61.00809862302777,61.17149229679516,61.08979545991148,61.17149229679516,61.25318913367885,61.00809862302777,61.17149229679516,61.17149229679516,61.00809862302777,61.25318913367885,61.17149229679516,61.00809862302777,61.25318913367885,61.25318913367885,61.25318913367885,61.08979545991148,61.08979545991148,61.00809862302777,61.17149229679516,61.17149229679516,61.08979545991148,61.17149229679516,61.25318913367885,61.17149229679516,61.17149229679516,61.08979545991148,61.17149229679516,61.08979545991148,61.25318913367885,61.25318913367885,61.08979545991148,61.08979545991148,61.17149229679516,61.25318913367885,61.08979545991148,61.25318913367885,61.17149229679516,61.17149229679516,61.00809862302777,61.00809862302777,61.08979545991148,61.25318913367885,61.00809862302777,61.00809862302777,61.25318913367885,61.08979545991148,61.08979545991148,61.25318913367885,61.00809862302777,61.25318913367885,61.00809862302777,61.25318913367885,61.25318913367885,61.17149229679516,61.00809862302777,61.00809862302777,61.08979545991148,61.08979545991148,61.08979545991148,61.17149229679516,61.08979545991148,61.25318913367885,61.00809862302777,61.08979545991148,61.00809862302777,61.17149229679516,61.25318913367885,61.17149229679516,61.25318913367885,61.25318913367885,61.00809862302777,61.25318913367885,61.17149229679516,61.08979545991148,61.00809862302777,61.00809862302777,61.08979545991148,61.17149229679516,61.08979545991148,61.08979545991148,61.17149229679516,61.17149229679516,61.25318913367885,61.17149229679516,61.08979545991148,61.25318913367885,61.17149229679516,61.25318913367885,61.25318913367885,61.00809862302777,61.00809862302777,61.17149229679516,61.00809862302777,61.08979545991148,61.00809862302777,61.17149229679516,61.17149229679516,61.08979545991148,61.25318913367885,61.25318913367885,61.25318913367885,61.17149229679516,61.17149229679516,61.08979545991148,61.25318913367885,61.08979545991148,61.00809862302777,61.17149229679516,61.00809862302777,61.25318913367885,61.08979545991148,61.00809862302777,61.17149229679516,61.17149229679516,61.25318913367885,61.25318913367885,61.17149229679516,61.08979545991148,61.17149229679516,61.08979545991148,61.00809862302777,61.25318913367885,61.08979545991148,61.08979545991148,61.08979545991148,61.00809862302777,61.00809862302777,61.17149229679516,61.08979545991148,61.08979545991148
61.12803067986714,60.95858538855281,61.2127533255243,61.2127533255243,61.2127533255243,61.04330803420998,61.12803067986714,61.2127533255243,61.12803067986714,61.2127533255243,61.2127533255243,61.04330803420998,61.2127533255243,61.04330803420998,60.95858538855281,61.2127533255243,61.2127533255243,60.95858538855281,60.95858538855281,60.95858538855281,60.95858538855281,61.04330803420998,61.12803067986714,61.2127533255243,61.2127533255243,61.12803067986714,61.04330803420998,60.95858538855281,61.04330803420998,60.95858538855281,61.04330803420998,61.2127533255243,61.04330803420998,60.95858538855281,61.04330803420998,61.04330803420998,61.04330803420998,61.04330803420998,61.04330803420998,61.2127533255243,61.2127533255243,61.04330803420998,61.2127533255243,61.12803067986714,61.12803067986714,61.04330803420998,61.04330803420998,61.04330803420998,61.2127533255243,60.95858538855281,60.95858538855281,60.95858538855281,61.04330803420998,61.04330803420998,61.2127533255243,61.12803067986714,60.95858538855281,61.2127533255243,60.95858538855281,61.04330803420998,61.2127533255243,60.95858538855281,60.95858538855281,61.12803067986714,61.04330803420998,61.04330803420998,61.2127533255243,61.12803067986714,60.95858538855281,60.95858538855281,60.95858538855281,61.04330803420998,61.2127533255243,61.2127533255243,61.2127533255243,61.2127533255243,61.04330803420998,61.04330803420998,61.12803067986714,61.12803067986714,60.95858538855281,61.04330803420998,61.04330803420998,60.95858538855281,61.2127533255243,61.12803067986714,61.2127533255243,60.95858538855281,60.95858538855281,61.12803067986714,60.95858538855281,61.04330803420998,61.2127533255243,61.04330803420998,60.95858538855281,61.12803067986714,61.12803067986714,61.12803067986714,61.04330803420998,61.04330803420998,60.95858538855281,61.2127533255243,60.95858538855281,60.95858538855281,60.95858538855281,61.2127533255243,61.12803067986714,61.04330803420998,61.12803067986714,60.95858538855281,61.2127533255243,60.95858538855281,61.12803067986714,61.2127533255243,61.04330803420998,61.04330803420998,60.95858538855281,61.04330803420998,60.95858538855281,61.2127533255243,61.04330803420998,61.04330803420998,60.95858538855281,61.04330803420998,60.95858538855281,60.95858538855281,60.95858538855281,61.04330803420998,60.95858538855281,61.12803067986714,61.2127533255243,61.2127533255243,61.04330803420998,61.12803067986714,60.95858538855281,61.04330803420998,61.04330803420998,60.95858538855281,61.2127533255243,61.2127533255243,61.12803067986714,61.04330803420998,61.04330803420998,61.12803067986714,61.12803067986714,61.12803067986714,61.2127533255243,61.2127533255243,60.95858538855281,60.95858538855281,61.2127533255243,61.2127533255243,60.95858538855281,61.04330803420998,60.95858538855281,60.95858538855281,61.12803067986714,61.04330803420998,61.04330803420998,61.2127533255243,61.12803067986714,61.12803067986714,61.04330803420998,61.12803067986714,61.2127533255243,61.12803067986714,61.2127533255243,61.2127533255243,60.95858538855281,61.2127533255243,60.95858538855281,61.2127533255243,60.95858538855281,60.95858538855281,61.2127533255243,61.04330803420998,60.95858538855281,60.95858538855281,61.04330803420998,61.2127533255243,61.2127533255243,61.2127533255243,61.04330803420998,60.95858538855281,61.04330803420998,61.12803067986714,61.12803067986714,61.04330803420998,61.04330803420998,61.2127533255243,61.2127533255243,61.2127533255243,61.12803067986714,60.95858538855281,60.95858538855281,61.2127533255243,61.2127533255243,61.12803067986714,61.12803067986714,60.95858538855281
60.90907215407786,60.996820608508486,61.17231751736975,61.08456906293912,61.17231751736975,60.90907215407786,60.996820608508486,60.996820608508486,60.90907215407786,61.17231751736975,60.90907215407786,61.08456906293912,61.17231751736975,60.90907215407786,61.17231751736975,60.996820608508486,60.996820608508486,61.08456906293912,61.17231751736975,60.90907215407786,60.996820608508486,60.90907215407786,60.90907215407786,61.08456906293912,60.90907215407786,60.90907215407786,61.17231751736975,61.08456906293912,60.996820608508486,60.90907215407786,61.08456906293912,60.90907215407786,60.90907215407786,61.08456906293912,60.90907215407786,61.08456906293912,60.996820608508486,60.90907215407786,61.17231751736975,60.996820608508486,61.17231751736975,61.17231751736975,61.08456906293912,60.996820608508486,61.08456906293912,60.996820608508486,61.08456906293912,61.17231751736975,61.17231751736975,61.08456906293912,60.90907215407786,60.90907215407786,61.08456906293912,61.08456906293912,61.08456906293912,61.08456906293912,61.17231751736975,61.17231751736975,60.90907215407786,61.17231751736975,60.996820608508486,61.17231751736975,60.996820608508486,60.996820608508486,61.17231751736975,61.08456906293912,60.90907215407786,60.90907215407786,61.08456906293912,60.90907215407786,60.90907215407786,60.996820608508486,61.08456906293912,61.08456906293912,61.08456906293912,61.08456906293912,60.996820608508486,61.08456906293912,61.17231751736975,60.996820608508486,61.17231751736975,60.90907215407786,61.17231751736975,60.996820608508486,61.17231751736975,60.90907215407786,60.996820608508486,61.17231751736975,60.90907215407786,60.90907215407786,60.90907215407786,60.90907215407786,60.90907215407786,60.90907215407786,61.08456906293912,61.17231751736975,61.17231751736975,61.17231751736975,60.90907215407786,60.996820608508486,60.996820608508486,60.996820608508486,60.996820608508486,61.08456906293912,60.90907215407786,61.17231751736975,61.08456906293912,61.08456906293912,60.90907215407786,60.996820608508486,60.90907215407786,60.996820608508486,60.996820608508486,60.90907215407786,60.90907215407786,60.90907215407786,61.08456906293912,60.996820608508486,60.90907215407786,61.08456906293912,61.17231751736975,61.08456906293912,60.90907215407786,61.17231751736975,60.90907215407786,61.17231751736975,61.17231751736975,61.08456906293912,60.90907215407786,61.17231751736975,61.17231751736975,61.08456906293912,61.17231751736975,61.08456906293912,60.90907215407786,61.17231751736975,61.17231751736975,60.996820608508486,61.17231751736975,61.08456906293912,60.996820608508486,61.17231751736975,61.17231751736975,61.17231751736975,61.17231751736975,61.17231751736975,61.17231751736975,61.17231751736975,61.17231751736975,61.08456906293912,60.90907215407786,60.90907215407786,60.996820608508486,61.17231751736975,60.90907215407786,60.996820608508486,60.90907215407786,61.17231751736975,60.996820608508486,61.08456906293912,60.90907215407786,61.17231751736975,60.996820608508486,60.90907215407786,61.08456906293912,61.17231751736975,60.996820608508486,61.17231751736975,61.08456906293912,60.996820608508486,60.996820608508486,60.90907215407786,61.17231751736975,60.90907215407786,60.996820608508486,61.17231751736975,60.90907215407786,60.996820608508486,61.17231751736975,61.08456906293912,61.08456906293912,61.17231751736975,61.08456906293912,61.08456906293912,61.17231751736975,61.17231751736975,61.17231751736975,61.17231751736975,60.996820608508486,60.90907215407786,60.90907215407786,61.17231751736975,61.17231751736975,60.996820608508486,60.996820608508486,60.996820608508486,61.17231751736975,61.17231751736975,61.17231751736975,61.17231751736975
61.04110744601109,61.04110744601109,60.95033318280699,60.8595589196029,60.95033318280699,60.95033318280699,60.95033318280699,60.95033318280699,61.13188170921519,61.04110744601109,61.04110744601109,60.95033318280699,60.8595589196029,61.13188170921519,60.95033318280699,61.04110744601109,61.04110744601109,61.13188170921519,60.95033318280699,60.95033318280699,60.95033318280699,60.8595589196029,60.95033318280699,61.13188170921519,60.8595589196029,60.8595589196029,61.13188170921519,61.13188170921519,61.04110744601109,61.04110744601109,60.8595589196029,60.8595589196029,60.8595589196029,60.8595589196029,61.04110744601109,60.8595589196029,61.13188170921519,61.04110744601109,60.95033318280699,61.13188170921519,60.8595589196029,60.8595589196029,60.95033318280699,60.95033318280699,61.13188170921519,61.04110744601109,60.8595589196029,60.95033318280699,60.8595589196029,60.95033318280699,61.04110744601109,60.95033318280699,61.13188170921519,61.04110744601109,60.95033318280699,60.8595589196029,61.13188170921519,61.04110744601109,61.13188170921519,61.04110744601109,61.13188170921519,60.95033318280699,60.95033318280699,61.04110744601109,61.13188170921519,60.8595589196029,61.04110744601109,60.95033318280699,61.13188170921519,61.13188170921519,61.04110744601109,60.95033318280699,61.13188170921519,60.8595589196029,61.13188170921519,60.95033318280699,60.95033318280699,61.13188170921519,60.95033318280699,60.95033318280699,60.95033318280699,60.8595589196029,61.13188170921519,60.8595589196029,60.95033318280699,61.13188170921519,60.95033318280699,61.13188170921519,60.95033318280699,61.04110744601109,61.13188170921519,60.8595589196029,60.95033318280699,60.95033318280699,61.13188170921519,60.8595589196029,60.95033318280699,60.95033318280699,61.04110744601109,61.04110744601109,61.04110744601109,61.13188170921519,60.8595589196029,60.95033318280699,61.13188170921519,61.13188170921519,61.13188170921519,60.8595589196029,60.95033318280699,61.13188170921519,61.13188170921519,61.13188170921519,61.04110744601109,60.8595589196029,60.8595589196029,61.13188170921519,60.95033318280699,60.95033318280699,61.04110744601109,60.8595589196029,60.8595589196029,60.95033318280699,60.8595589196029,60.95033318280699,61.13188170921519,60.95033318280699,60.95033318280699,60.8595589196029,60.95033318280699,61.13188170921519,61.04110744601109,61.13188170921519,60.95033318280699,61.13188170921519,60.8595589196029,60.95033318280699,61.13188170921519,61.04110744601109,61.13188170921519,60.95033318280699,60.95033318280699,61.04110744601109,61.13188170921519,61.04110744601109,60.95033318280699,60.95033318280699,61.04110744601109,60.8595589196029,60.95033318280699,61.13188170921519,61.04110744601109,60.95033318280699,61.13188170921519,61.04110744601109,60.8595589196029,60.8595589196029,61.13188170921519,61.04110744601109,60.8595589196029,61.04110744601109,60.8595589196029,60.8595589196029,60.8595589196029,61.13188170921519,60.8595589196029,60.8595589196029,61.04110744601109,61.04110744601109,61.13188170921519,60.95033318280699,61.13188170921519,60.8595589196029,60.95033318280699,61.04110744601109,60.8595589196029,60.8595589196029,61.04110744601109,61.04110744601109,60.8595589196029,61.04110744601109,60.95033318280699,60.95033318280699,61.13188170921519,60.8595589196029,61.04110744601109,61.04110744601109,61.13188170921519,60.8595589196029,60.95033318280699,60.95033318280699,61.04110744601109,60.95033318280699,61.04110744601109,60.95033318280699,60.8595589196029,61.13188170921519,60.95033318280699,60.8595589196029,61.04110744601109,61.04110744601109
60.997645829083055,60.810045685127925,60.90384575710549,60.810045685127925,61.091445901060645,60.810045685127925,60.810045685127925,60.810045685127925,60.90384575710549,60.90384575710549,60.810045685127925,60.810045685127925,60.810045685127925,60.997645829083055,61.091445901060645,60.997645829083055,60.90384575710549,61.091445901060645,60.997645829083055,60.90384575710549,60.997645829083055,60.810045685127925,61.091445901060645,60.810045685127925,60.810045685127925,60.997645829083055,60.810045685127925,60.810045685127925,60.90384575710549,60.997645829083055,60.997645829083055,60.810045685127925,60.997645829083055,61.091445901060645,60.810045685127925,60.90384575710549,60.997645829083055,60.997645829083055,60.90384575710549,60.997645829083055,60.997645829083055,60.90384575710549,60.810045685127925,60.90384575710549,60.997645829083055,60.810045685127925,60.90384575710549,61.091445901060645,60.90384575710549,60.90384575710549,60.997645829083055,61.091445901060645,60.810045685127925,60.810045685127925,60.810045685127925,61.091445901060645,60.90384575710549,60.90384575710549,60.997645829083055,60.90384575710549,60.997645829083055,60.997645829083055,60.90384575710549,60.997645829083055,60.90384575710549,60.810045685127925,60.997645829083055,60.810045685127925,61.091445901060645,61.091445901060645,61.091445901060645,60.997645829083055,60.997645829083055,60.90384575710549,60.810045685127925,60.90384575710549,60.810045685127925,61.091445901060645,60.810045685127925,60.810045685127925,60.810045685127925,61.091445901060645,60.90384575710549,60.997645829083055,60.997645829083055,61.091445901060645,60.997645829083055,60.810045685127925,60.997645829083055,61.091445901060645,60.997645829083055,61.091445901060645,60.90384575710549,61.091445901060645,60.810045685127925,60.997645829083055,61.091445901060645,60.90384575710549,60.810045685127925,60.997645829083055,60.90384575710549,60.997645829083055,60.810045685127925,60.810045685127925,60.90384575710549,60.810045685127925,60.810045685127925,60.997645829083055,61.091445901060645,60.997645829083055,60.997645829083055,60.810045685127925,60.810045685127925,60.810045685127925,60.997645829083055,60.810045685127925,60.90384575710549,60.90384575710549,60.997645829083055,60.810045685127925,60.810045685127925,60.997645829083055,60.997645829083055,60.997645829083055,60.997645829083055,60.997645829083055,61.091445901060645,61.091445901060645,60.997645829083055,61.091445901060645,60.90384575710549,60.90384575710549,60.90384575710549,60.810045685127925,61.091445901060645,60.810045685127925,60.810045685127925,60.90384575710549,60.810045685127925,60.810045685127925,60.810045685127925,61.091445901060645,60.810045685127925,61.091445901060645,60.90384575710549,60.810045685127925,60.997645829083055,60.90384575710549,60.810045685127925,60.90384575710549,60.90384575710549,61.091445901060645,61.091445901060645,60.810045685127925,60.810045685127925,60.810045685127925,60.90384575710549,60.997645829083055,60.90384575710549,60.997645829083055,61.091445901060645,60.810045685127925,60.810045685127925,60.810045685127925,60.90384575710549,60.997645829083055,61.091445901060645,60.810045685127925,60.997645829083055,60.810045685127925,60.810045685127925,61.091445901060645,60.90384575710549,60.997645829083055,60.90384575710549,60.810045685127925,60.997645829083055,61.091445901060645,61.091445901060645,60.90384575710549,60.997645829083055,60.997645829083055,61.091445901060645,60.90384575710549,60.90384575710549,61.091445901060645,60.810045685127925,60.997645829083055,60.90384575710549,60.810045685127925,60.810045685127925,60.90384575710549,60.90384575710549,60.90384575710549,60.997645829083055,60.997645829083055,60.90384575710549,60.90384575710549,61.091445901060645,61.091445901060645
61.05101009290609,60.95418421215504,60.95418421215504,60.76053245065296,61.05101009290609,60.76053245065296,61.05101009290609,60.76053245065296,60.95418421215504,60.95418421215504,61.05101009290609,60.95418421215504,60.76053245065296,61.05101009290609,60.76053245065296,60.95418421215504,60.95418421215504,60.857358331404,61.05101009290609,60.857358331404,60.857358331404,61.05101009290609,60.95418421215504,60.857358331404,60.76053245065296,61.05101009290609,60.76053245065296,60.76053245065296,61.05101009290609,60.76053245065296,60.857358331404,60.76053245065296,61.05101009290609,60.76053245065296,60.95418421215504,60.857358331404,60.857358331404,60.857358331404,60.95418421215504,60.95418421215504,61.05101009290609,61.05101009290609,60.857358331404,60.76053245065296,60.857358331404,60.857358331404,61.05101009290609,60.95418421215504,60.857358331404,61.05101009290609,61.05101009290609,61.05101009290609,60.76053245065296,60.857358331404,61.05101009290609,61.05101009290609,61.05101009290609,60.95418421215504,60.857358331404,60.95418421215504,60.95418421215504,60.76053245065296,60.857358331404,60.857358331404,60.76053245065296,61.05101009290609,61.05101009290609,60.76053245065296,61.05101009290609,60.857358331404,60.76053245065296,60.95418421215504,60.857358331404,61.05101009290609,60.95418421215504,60.95418421215504,60.95418421215504,61.05101009290609,60.76053245065296,60.76053245065296,61.05101009290609,60.857358331404,60.76053245065296,60.76053245065296,61.05101009290609,60.95418421215504,60.76053245065296,61.05101009290609,60.76053245065296,60.76053245065296,61.05101009290609,60.95418421215504,60.95418421215504,60.857358331404,60.95418421215504,61.05101009290609,60.857358331404,60.76053245065296,61.05101009290609,61.05101009290609,61.05101009290609,60.95418421215504,61.05101009290609,60.76053245065296,60.76053245065296,60.857358331404,60.76053245065296,61.05101009290609,60.95418421215504,61.05101009290609,61.05101009290609,60.95418421215504,60.76053245065296,60.76053245065296,60.857358331404,60.95418421215504,60.857358331404,61.05101009290609,60.857358331404,60.857358331404,60.76053245065296,60.76053245065296,60.76053245065296,60.95418421215504,60.76053245065296,60.857358331404,60.76053245065296,60.857358331404,60.95418421215504,60.857358331404,60.76053245065296,61.05101009290609,60.76053245065296,60.857358331404,60.95418421215504,60.857358331404,60.857358331404,61.05101009290609,60.95418421215504,60.857358331404,60.76053245065296,60.76053245065296,61.05101009290609,61.05101009290609,60.76053245065296,60.95418421215504,60.76053245065296,60.857358331404,61.05101009290609,60.857358331404,61.05101009290609,61.05101009290609,61.05101009290609,60.95418421215504,60.76053245065296,60.95418421215504,61.05101009290609,60.857358331404,60.95418421215504,60.76053245065296,60.857358331404,61.05101009290609,60.857358331404,60.76053245065296,60.95418421215504,60.857358331404,61.05101009290609,60.95418421215504,60.76053245065296,60.857358331404,60.857358331404,60.857358331404,61.05101009290609,60.857358331404,60.95418421215504,61.05101009290609,60.95418421215504,60.76053245065296,60.95418421215504,61.05101009290609,61.05101009290609,60.76053245065296,60.76053245065296,60.95418421215504,60.857358331404,60.95418421215504,60.76053245065296,61.05101009290609,60.857358331404,61.05101009290609,60.76053245065296,60.95418421215504,61.05101009290609,60.76053245065296,60.857358331404,61.05101009290609,61.05101009290609,60.95418421215504,60.76053245065296,60.857358331404
60.91072259522702,60.71101921617799,60.81087090570251,60.81087090570251,61.01057428475153,60.81087090570251,60.81087090570251,60.81087090570251,60.91072259522702,61.01057428475153,60.81087090570251,61.01057428475153,60.81087090570251,61.01057428475153,60.91072259522702,60.71101921617799,60.81087090570251,61.01057428475153,60.81087090570251,60.71101921617799,61.01057428475153,60.81087090570251,60.71101921617799,61.01057428475153,60.71101921617799,60.91072259522702,61.01057428475153,61.01057428475153,61.01057428475153,60.91072259522702,60.91072259522702,60.81087090570251,60.81087090570251,60.71101921617799,61.01057428475153,60.81087090570251,61.01057428475153,60.71101921617799,61.01057428475153,60.71101921617799,60.91072259522702,61.01057428475153,60.71101921617799,60.81087090570251,60.71101921617799,61.01057428475153,60.91072259522702,60.81087090570251,60.81087090570251,60.71101921617799,60.71101921617799,60.71101921617799,60.71101921617799,60.81087090570251,60.81087090570251,60.81087090570251,60.91072259522702,60.91072259522702,60.71101921617799,60.81087090570251,60.81087090570251,60.91072259522702,60.91072259522702,60.81087090570251,60.71101921617799,60.81087090570251,60.71101921617799,60.91072259522702,60.81087090570251,60.91072259522702,60.71101921617799,61.01057428475153,60.91072259522702,60.91072259522702,60.91072259522702,60.71101921617799,60.91072259522702,60.81087090570251,60.81087090570251,61.01057428475153,60.91072259522702,60.91072259522702,60.91072259522702,60.81087090570251,60.81087090570251,61.01057428475153,60.71101921617799,60.71101921617799,60.81087090570251,60.81087090570251,60.91072259522702,60.91072259522702,61.01057428475153,60.71101921617799,61.01057428475153,60.91072259522702,61.01057428475153,60.81087090570251,60.71101921617799,60.71101921617799,60.91072259522702,60.71101921617799,60.71101921617799,61.01057428475153,60.81087090570251,61.01057428475153,60.91072259522702,60.71101921617799,60.91072259522702,60.81087090570251,60.71101921617799,60.71101921617799,60.81087090570251,61.01057428475153,61.01057428475153,60.81087090570251,60.91072259522702,61.01057428475153,60.91072259522702,61.01057428475153,60.81087090570251,61.01057428475153,60.91072259522702,60.71101921617799,60.71101921617799,60.81087090570251,60.71101921617799,60.71101921617799,60.81087090570251,60.81087090570251,60.71101921617799,60.91072259522702,60.71101921617799,60.81087090570251,60.81087090570251,60.71101921617799,61.01057428475153,60.91072259522702,60.81087090570251,60.81087090570251,60.91072259522702,60.71101921617799,60.81087090570251,60.71101921617799,60.71101921617799,60.91072259522702,60.81087090570251,60.91072259522702,60.91072259522702,60.91072259522702,60.91072259522702,60.71101921617799,61.01057428475153,60.91072259522702,60.81087090570251,60.81087090570251,60.71101921617799,61.01057428475153,60.81087090570251,60.71101921617799,60.91072259522702,61.01057428475153,60.91072259522702,60.71101921617799,60.81087090570251,60.71101921617799,60.71101921617799,60.81087090570251,61.01057428475153,60.81087090570251,60.71101921617799,60.91072259522702,61.01057428475153,60.81087090570251,60.81087090570251,60.91072259522702,60.71101921617799,61.01057428475153,60.91072259522702,61.01057428475153,60.91072259522702,60.81087090570251,60.91072259522702,60.71101921617799,61.01057428475153,60.81087090570251,60.71101921617799,60.91072259522702,60.71101921617799,60.91072259522702,60.81087090570251,60.91072259522702,60.91072259522702,61.01057428475153,60.91072259522702,60.91072259522702,60.81087090570251,61.01057428475153,60.81087090570251,61.01057428475153
60.97013847659697,60.867260978299,60.66150598170302,60.867260978299,60.97013847659697,60.867260978299,60.764383480001015,60.764383480001015,60.66150598170302,60.764383480001015,60.97013847659697,60.66150598170302,60.867260978299,60.764383480001015,60.867260978299,60.97013847659697,60.867260978299,60.867260978299,60.97013847659697,60.764383480001015,60.97013847659697,60.97013847659697,60.867260978299,60.66150598170302,60.66150598170302,60.66150598170302,60.97013847659697,60.97013847659697,60.764383480001015,60.66150598170302,60.97013847659697,60.66150598170302,60.66150598170302,60.764383480001015,60.867260978299,60.66150598170302,60.97013847659697,60.97013847659697,60.764383480001015,60.867260978299,60.764383480001015,60.764383480001015,60.764383480001015,60.867260978299,60.867260978299,60.867260978299,60.97013847659697,60.764383480001015,60.97013847659697,60.764383480001015,60.764383480001015,60.66150598170302,60.764383480001015,60.764383480001015,60.867260978299,60.66150598170302,60.97013847659697,60.764383480001015,60.97013847659697,60.867260978299,60.867260978299,60.66150598170302,60.867260978299,60.764383480001015,60.97013847659697,60.867260978299,60.97013847659697,60.66150598170302,60.764383480001015,60.764383480001015,60.764383480001015,60.867260978299,60.66150598170302,60.867260978299,60.867260978299,60.764383480001015,60.764383480001015,60.867260978299,60.97013847659697,60.867260978299,60.764383480001015,60.97013847659697,60.97013847659697,60.97013847659697,60.97013847659697,60.867260978299,60.66150598170302,60.764383480001015,60.764383480001015,60.97013847659697,60.66150598170302,60.764383480001015,60.764383480001015,60.867260978299,60.867260978299,60.867260978299,60.66150598170302,60.867260978299,60.867260978299,60.867260978299,60.867260978299,60.764383480001015,60.66150598170302,60.66150598170302,60.66150598170302,60.764383480001015,60.764383480001015,60.867260978299,60.97013847659697,60.867260978299,60.66150598170302,60.97013847659697,60.97013847659697,60.66150598170302,60.764383480001015,60.867260978299,60.867260978299,60.97013847659697,60.764383480001015,60.66150598170302,60.867260978299,60.764383480001015,60.66150598170302,60.97013847659697,60.97013847659697,60.867260978299,60.66150598170302,60.66150598170302,60.764383480001015,60.97013847659697,60.97013847659697,60.97013847659697,60.97013847659697,60.97013847659697,60.764383480001015,60.764383480001015,60.97013847659697,60.66150598170302,60.66150598170302,60.66150598170302,60.97013847659697,60.867260978299,60.764383480001015,60.867260978299,60.764383480001015,60.66150598170302,60.867260978299,60.97013847659697,60.97013847659697,60.97013847659697,60.97013847659697,60.97013847659697,60.867260978299,60.867260978299,60.867260978299,60.867260978299,60.66150598170302,60.764383480001015,60.764383480001015,60.66150598170302,60.867260978299,60.867260978299,60.66150598170302,60.867260978299,60.97013847659697,60.66150598170302,60.867260978299,60.97013847659697,60.867260978299,60.97013847659697,60.764383480001015,60.867260978299,60.764383480001015,60.867260978299,60.764383480001015,60.97013847659697,60.764383480001015,60.764383480001015,60.764383480001015,60.764383480001015,60.97013847659697,60.66150598170302,60.97013847659697,60.867260978299,60.867260978299,60.66150598170302,60.867260978299,60.97013847659697,60.867260978299,60.66150598170302,60.66150598170302,60.764383480001015,60.97013847659697,60.764383480001015,60.867260978299,60.66150598170302,60.867260978299,60.66150598170302,60.867260978299,60.66150598170302
60.92970266844241,60.92970266844241,60.61199274722806,60.823799361370966,60.61199274722806,60.823799361370966,60.717896054299516,60.823799361370966,60.61199274722806,60.823799361370966,60.61199274722806,60.823799361370966,60.92970266844241,60.92970266844241,60.61199274722806,60.717896054299516,60.823799361370966,60.717896054299516,60.823799361370966,60.92970266844241,60.92970266844241,60.823799361370966,60.823799361370966,60.92970266844241,60.61199274722806,60.823799361370966,60.92970266844241,60.717896054299516,60.92970266844241,60.61199274722806,60.92970266844241,60.823799361370966,60.717896054299516,60.92970266844241,60.61199274722806,60.61199274722806,60.61199274722806,60.823799361370966,60.823799361370966,60.92970266844241,60.92970266844241,60.92970266844241,60.61199274722806,60.717896054299516,60.61199274722806,60.823799361370966,60.717896054299516,60.823799361370966,60.92970266844241,60.92970266844241,60.717896054299516,60.717896054299516,60.717896054299516,60.717896054299516,60.823799361370966,60.717896054299516,60.92970266844241,60.92970266844241,60.717896054299516,60.61199274722806,60.717896054299516,60.92970266844241,60.61199274722806,60.717896054299516,60.61199274722806,60.823799361370966,60.717896054299516,60.823799361370966,60.92970266844241,60.61199274722806,60.61199274722806,60.717896054299516,60.717896054299516,60.61199274722806,60.92970266844241,60.92970266844241,60.823799361370966,60.823799361370966,60.717896054299516,60.717896054299516,60.92970266844241,60.823799361370966,60.61199274722806,60.823799361370966,60.92970266844241,60.717896054299516,60.61199274722806,60.823799361370966,60.717896054299516,60.717896054299516,60.823799361370966,60.823799361370966,60.823799361370966,60.823799361370966,60.823799361370966,60.61199274722806,60.717896054299516,60.61199274722806,60.717896054299516,60.717896054299516,60.717896054299516,60.717896054299516,60.92970266844241,60.61199274722806,60.61199274722806,60.717896054299516,60.61199274722806,60.92970266844241,60.717896054299516,60.92970266844241,60.61199274722806,60.823799361370966,60.717896054299516,60.61199274722806,60.92970266844241,60.717896054299516,60.717896054299516,60.717896054299516,60.61199274722806,60.823799361370966,60.61199274722806,60.717896054299516,60.823799361370966,60.717896054299516,60.61199274722806,60.823799361370966,60.61199274722806,60.92970266844241,60.717896054299516,60.61199274722806,60.717896054299516,60.61199274722806,60.92970266844241,60.61199274722806,60.92970266844241,60.92970266844241,60.717896054299516,60.717896054299516,60.61199274722806,60.92970266844241,60.823799361370966,60.717896054299516,60.92970266844241,60.61199274722806,60.717896054299516,60.61199274722806,60.717896054299516,60.823799361370966,60.92970266844241,60.92970266844241,60.61199274722806,60.61199274722806,60.717896054299516,60.92970266844241,60.61199274722806,60.823799361370966,60.823799361370966,60.61199274722806,60.823799361370966,60.61199274722806,60.61199274722806,60.823799361370966,60.92970266844241,60.61199274722806,60.823799361370966,60.717896054299516,60.823799361370966,60.61199274722806,60.92970266844241,60.61199274722806,60.823799361370966,60.92970266844241,60.92970266844241,60.823799361370966,60.61199274722806,60.717896054299516,60.823799361370966,60.61199274722806,60.61199274722806,60.92970266844241,60.61199274722806,60.717896054299516,60.823799361370966,60.61199274722806,60.823799361370966,60.717896054299516,60.717896054299516,60.823799361370966,60.61199274722806,60.823799361370966,60.61199274722806,60.92970266844241,60.823799361370966,60.823799361370966,60.61199274722806,60.61199274722806,60.823799361370966,60.61199274722806,60.92970266844241,60.823799361370966
60.780337744442946,60.67140862859801,60.67140862859801,60.67140862859801,60.67140862859801,60.5624795127531,60.780337744442946,60.780337744442946,60.67140862859801,60.780337744442946,60.780337744442946,60.5624795127531,60.88926686028787,60.780337744442946,60.88926686028787,60.67140862859801,60.5624795127531,60.67140862859801,60.67140862859801,60.88926686028787,60.780337744442946,60.780337744442946,60.5624795127531,60.5624795127531,60.5624795127531,60.88926686028787,60.5624795127531,60.88926686028787,60.780337744442946,60.88926686028787,60.88926686028787,60.780337744442946,60.5624795127531,60.780337744442946,60.780337744442946,60.5624795127531,60.5624795127531,60.67140862859801,60.88926686028787,60.67140862859801,60.780337744442946,60.5624795127531,60.88926686028787,60.5624795127531,60.5624795127531,60.5624795127531,60.780337744442946,60.88926686028787,60.88926686028787,60.780337744442946,60.67140862859801,60.88926686028787,60.780337744442946,60.88926686028787,60.88926686028787,60.67140862859801,60.5624795127531,60.780337744442946,60.88926686028787,60.67140862859801,60.67140862859801,60.67140862859801,60.780337744442946,60.88926686028787,60.780337744442946,60.780337744442946,60.780337744442946,60.88926686028787,60.5624795127531,60.88926686028787,60.5624795127531,60.780337744442946,60.5624795127531,60.67140862859801,60.780337744442946,60.67140862859801,60.88926686028787,60.88926686028787,60.88926686028787,60.67140862859801,60.780337744442946,60.67140862859801,60.5624795127531,60.88926686028787,60.780337744442946,60.67140862859801,60.5624795127531,60.5624795127531,60.5624795127531,60.780337744442946,60.780337744442946,60.88926686028787,60.780337744442946,60.5624795127531,60.88926686028787,60.88926686028787,60.5624795127531,60.67140862859801,60.780337744442946,60.88926686028787,60.5624795127531,60.780337744442946,60.780337744442946,60.780337744442946,60.67140862859801,60.88926686028787,60.780337744442946,60.5624795127531,60.88926686028787,60.88926686028787,60.5624795127531,60.88926686028787,60.5624795127531,60.5624795127531,60.780337744442946,60.67140862859801,60.88926686028787,60.5624795127531,60.780337744442946,60.5624795127531,60.67140862859801,60.5624795127531,60.88926686028787,60.5624795127531,60.780337744442946,60.88926686028787,60.780337744442946,60.5624795127531,60.5624795127531,60.780337744442946,60.67140862859801,60.780337744442946,60.5624795127531,60.88926686028787,60.5624795127531,60.780337744442946,60.780337744442946,60.67140862859801,60.88926686028787,60.67140862859801,60.88926686028787,60.67140862859801,60.780337744442946,60.88926686028787,60.88926686028787,60.5624795127531,60.88926686028787,60.780337744442946,60.88926686028787,60.5624795127531,60.5624795127531,60.88926686028787,60.67140862859801,60.5624795127531,60.5624795127531,60.5624795127531,60.67140862859801,60.780337744442946,60.88926686028787,60.67140862859801,60.88926686028787,60.5624795127531,60.780337744442946,60.88926686028787,60.780337744442946,60.88926686028787,60.88926686028787,60.67140862859801,60.780337744442946,60.88926686028787,60.780337744442946,60.780337744442946,60.88926686028787,60.67140862859801,60.88926686028787,60.5624795127531,60.67140862859801,60.88926686028787,60.5624795127531,60.88926686028787,60.780337744442946,60.780337744442946,60.5624795127531,60.5624795127531,60.67140862859801,60.67140862859801,60.88926686028787,60.88926686028787,60.780337744442946,60.88926686028787,60.5624795127531,60.67140862859801,60.88926686028787,60.780337744442946,60.88926686028787,60.88926686028787,60.88926686028787,60.780337744442946,60.67140862859801,60.780337744442946
60.512966278278135,60.84883105213331,60.73687612751492,60.62492120289652,60.62492120289652,60.62492120289652,60.62492120289652,60.84883105213331,60.73687612751492,60.73687612751492,60.62492120289652,60.84883105213331,60.73687612751492,60.512966278278135,60.73687612751492,60.84883105213331,60.73687612751492,60.84883105213331,60.512966278278135,60.512966278278135,60.84883105213331,60.62492120289652,60.73687612751492,60.512966278278135,60.84883105213331,60.84883105213331,60.84883105213331,60.73687612751492,60.512966278278135,60.62492120289652,60.84883105213331,60.84883105213331,60.512966278278135,60.84883105213331,60.62492120289652,60.512966278278135,60.512966278278135,60.512966278278135,60.73687612751492,60.84883105213331,60.512966278278135,60.84883105213331,60.512966278278135,60.62492120289652,60.62492120289652,60.512966278278135,60.84883105213331,60.512966278278135,60.512966278278135,60.84883105213331,60.73687612751492,60.512966278278135,60.62492120289652,60.84883105213331,60.84883105213331,60.512966278278135,60.84883105213331,60.512966278278135,60.512966278278135,60.84883105213331,60.84883105213331,60.73687612751492,60.84883105213331,60.73687612751492,60.512966278278135,60.73687612751492,60.84883105213331,60.512966278278135,60.73687612751492,60.62492120289652,60.84883105213331,60.73687612751492,60.73687612751492,60.84883105213331,60.512966278278135,60.84883105213331,60.62492120289652,60.512966278278135,60.84883105213331,60.73687612751492,60.62492120289652,60.512966278278135,60.84883105213331,60.84883105213331,60.512966278278135,60.73687612751492,60.73687612751492,60.512966278278135,60.512966278278135,60.512966278278135,60.84883105213331,60.84883105213331,60.512966278278135,60.84883105213331,60.512966278278135,60.73687612751492,60.73687612751492,60.84883105213331,60.62492120289652,60.62492120289652,60.62492120289652,60.73687612751492,60.73687612751492,60.512966278278135,60.84883105213331,60.62492120289652,60.512966278278135,60.62492120289652,60.73687612751492,60.84883105213331,60.73687612751492,60.512966278278135,60.62492120289652,60.84883105213331,60.84883105213331,60.84883105213331,60.62492120289652,60.62492120289652,60.512966278278135,60.73687612751492,60.62492120289652,60.84883105213331,60.512966278278135,60.512966278278135,60.62492120289652,60.512966278278135,60.73687612751492,60.84883105213331,60.62492120289652,60.84883105213331,60.512966278278135,60.62492120289652,60.73687612751492,60.62492120289652,60.62492120289652,60.62492120289652,60.62492120289652,60.84883105213331,60.84883105213331,60.512966278278135,60.84883105213331,60.84883105213331,60.512966278278135,60.84883105213331,60.84883105213331,60.512966278278135,60.62492120289652,60.84883105213331,60.73687612751492,60.73687612751492,60.62492120289652,60.73687612751492,60.62492120289652,60.62492120289652,60.512966278278135,60.512966278278135,60.62492120289652,60.512966278278135,60.73687612751492,60.512966278278135,60.84883105213331,60.73687612751492,60.84883105213331,60.62492120289652,60.62492120289652,60.62492120289652,60.512966278278135,60.84883105213331,60.73687612751492,60.73687612751492,60.62492120289652,60.73687612751492,60.73687612751492,60.73687612751492,60.512966278278135,60.512966278278135,60.62492120289652,60.73687612751492,60.512966278278135,60.73687612751492,60.84883105213331,60.512966278278135,60.62492120289652,60.73687612751492,60.84883105213331,60.512966278278135,60.73687612751492,60.512966278278135,60.84883105213331,60.62492120289652,60.62492120289652,60.62492120289652,60.73687612751492,60.512966278278135,60.512966278278135,60.62492120289652,60.84883105213331,60.73687612751492,60.73687612751492,60.84883105213331
60.46345304380317,60.46345304380317,60.57843377719503,60.693414510586884,60.693414510586884,60.46345304380317,60.46345304380317,60.46345304380317,60.808395243978765,60.57843377719503,60.693414510586884,60.808395243978765,60.57843377719503,60.808395243978765,60.693414510586884,60.808395243978765,60.693414510586884,60.693414510586884,60.808395243978765,60.693414510586884,60.808395243978765,60.46345304380317,60.46345304380317,60.46345304380317,60.46345304380317,60.693414510586884,60.693414510586884,60.46345304380317,60.57843377719503,60.46345304380317,60.57843377719503,60.57843377719503,60.693414510586884,60.46345304380317,60.808395243978765,60.808395243978765,60.46345304380317,60.808395243978765,60.693414510586884,60.57843377719503,60.46345304380317,60.46345304380317,60.808395243978765,60.57843377719503,60.693414510586884,60.808395243978765,60.808395243978765,60.808395243978765,60.693414510586884,60.57843377719503,60.46345304380317,60.46345304380317,60.693414510586884,60.46345304380317,60.57843377719503,60.46345304380317,60.46345304380317,60.46345304380317,60.57843377719503,60.46345304380317,60.808395243978765,60.46345304380317,60.57843377719503,60.57843377719503,60.57843377719503,60.693414510586884,60.808395243978765,60.808395243978765,60.808395243978765,60.693414510586884,60.808395243978765,60.46345304380317,60.46345304380317,60.46345304380317,60.46345304380317,60.808395243978765,60.57843377719503,60.46345304380317,60.57843377719503,60.46345304380317,60.57843377719503,60.693414510586884,60.57843377719503,60.46345304380317,60.46345304380317,60.693414510586884,60.808395243978765,60.808395243978765,60.693414510586884,60.57843377719503,60.808395243978765,60.46345304380317,60.808395243978765,60.57843377719503,60.57843377719503,60.46345304380317,60.693414510586884,60.693414510586884,60.693414510586884,60.46345304380317,60.46345304380317,60.808395243978765,60.46345304380317,60.57843377719503,60.57843377719503,60.808395243978765,60.693414510586884,60.808395243978765,60.46345304380317,60.808395243978765,60.57843377719503,60.57843377719503,60.693414510586884,60.46345304380317,60.57843377719503,60.693414510586884,60.46345304380317,60.46345304380317,60.808395243978765,60.57843377719503,60.57843377719503,60.46345304380317,60.46345304380317,60.693414510586884,60.693414510586884,60.808395243978765,60.693414510586884,60.808395243978765,60.808395243978765,60.57843377719503,60.693414510586884,60.57843377719503,60.693414510586884,60.46345304380317,60.57843377719503,60.808395243978765,60.808395243978765,60.808395243978765,60.46345304380317,60.693414510586884,60.693414510586884,60.808395243978765,60.808395243978765,60.808395243978765,60.693414510586884,60.57843377719503,60.693414510586884,60.57843377719503,60.46345304380317,60.46345304380317,60.808395243978765,60.46345304380317,60.693414510586884,60.57843377719503,60.46345304380317,60.693414510586884,60.46345304380317,60.46345304380317,60.693414510586884,60.46345304380317,60.57843377719503,60.46345304380317,60.46345304380317,60.808395243978765,60.46345304380317,60.57843377719503,60.808395243978765,60.57843377719503,60.808395243978765,60.46345304380317,60.46345304380317,60.693414510586884,60.808395243978765,60.57843377719503,60.808395243978765,60.808395243978765,60.46345304380317,60.808395243978765,60.57843377719503,60.57843377719503,60.808395243978765,60.46345304380317,60.808395243978765,60.46345304380317,60.57843377719503,60.46345304380317,60.46345304380317,60.693414510586884,60.46345304380317,60.808395243978765,60.693414510586884,60.693414510586884,60.46345304380317,60.57843377719503,60.57843377719503,60.808395243978765,60.46345304380317,60.693414510586884,60.693414510586884,60.808395243978765
60.64995289365886,60.7679594358242,60.64995289365886,60.4139398093282,60.7679594358242,60.53194635149354,60.64995289365886,60.53194635149354,60.4139398093282,60.53194635149354,60.53194635149354,60.64995289365886,60.4139398093282,60.53194635149354,60.64995289365886,60.7679594358242,60.4139398093282,60.4139398093282,60.7679594358242,60.64995289365886,60.64995289365886,60.53194635149354,60.7679594358242,60.7679594358242,60.64995289365886,60.53194635149354,60.64995289365886,60.4139398093282,60.64995289365886,60.7679594358242,60.53194635149354,60.64995289365886,60.4139398093282,60.4139398093282,60.7679594358242,60.53194635149354,60.7679594358242,60.53194635149354,60.7679594358242,60.53194635149354,60.64995289365886,60.64995289365886,60.64995289365886,60.4139398093282,60.64995289365886,60.64995289365886,60.7679594358242,60.4139398093282,60.7679594358242,60.64995289365886,60.53194635149354,60.4139398093282,60.53194635149354,60.64995289365886,60.4139398093282,60.7679594358242,60.4139398093282,60.64995289365886,60.7679594358242,60.53194635149354,60.64995289365886,60.7679594358242,60.64995289365886,60.53194635149354,60.7679594358242,60.4139398093282,60.53194635149354,60.7679594358242,60.4139398093282,60.53194635149354,60.7679594358242,60.7679594358242,60.53194635149354,60.64995289365886,60.64995289365886,60.4139398093282,60.7679594358242,60.7679594358242,60.7679594358242,60.7679594358242,60.64995289365886,60.53194635149354,60.4139398093282,60.53194635149354,60.7679594358242,60.7679594358242,60.4139398093282,60.64995289365886,60.4139398093282,60.64995289365886,60.7679594358242,60.64995289365886,60.4139398093282,60.64995289365886,60.4139398093282,60.53194635149354,60.7679594358242,60.53194635149354,60.53194635149354,60.53194635149354,60.64995289365886,60.4139398093282,60.53194635149354,60.64995289365886,60.4139398093282,60.64995289365886,60.64995289365886,60.53194635149354,60.64995289365886,60.64995289365886,60.64995289365886,60.4139398093282,60.53194635149354,60.4139398093282,60.64995289365886,60.64995289365886,60.53194635149354,60.53194635149354,60.7679594358242,60.53194635149354,60.53194635149354,60.64995289365886,60.53194635149354,60.64995289365886,60.4139398093282,60.7679594358242,60.7679594358242,60.53194635149354,60.7679594358242,60.53194635149354,60.64995289365886,60.64995289365886,60.53194635149354,60.53194635149354,60.4139398093282,60.53194635149354,60.7679594358242,60.64995289365886,60.4139398093282,60.7679594358242,60.64995289365886,60.53194635149354,60.53194635149354,60.53194635149354,60.4139398093282,60.53194635149354,60.4139398093282,60.4139398093282,60.4139398093282,60.64995289365886,60.53194635149354,60.53194635149354,60.4139398093282,60.7679594358242,60.64995289365886,60.7679594358242,60.4139398093282,60.4139398093282,60.53194635149354,60.53194635149354,60.7679594358242,60.53194635149354,60.53194635149354,60.7679594358242,60.53194635149354,60.7679594358242,60.4139398093282,60.4139398093282,60.53194635149354,60.53194635149354,60.64995289365886,60.4139398093282,60.7679594358242,60.53194635149354,60.64995289365886,60.7679594358242,60.7679594358242,60.53194635149354,60.53194635149354,60.64995289365886,60.4139398093282,60.7679594358242,60.53194635149354,60.53194635149354,60.7679594358242,60.7679594358242,60.53194635149354,60.4139398093282,60.7679594358242,60.7679594358242,60.4139398093282,60.53194635149354,60.7679594358242,60.4139398093282,60.4139398093282,60.64995289365886,60.64995289365886,60.53194635149354,60.53194635149354,60.7679594358242
60.485458925792045,60.485458925792045,60.485458925792045,60.485458925792045,60.485458925792045,60.60649127673086,60.60649127673086,60.72752362766964,60.485458925792045,60.72752362766964,60.60649127673086,60.485458925792045,60.72752362766964,60.485458925792045,60.72752362766964,60.60649127673086,60.485458925792045,60.60649127673086,60.60649127673086,60.72752362766964,60.485458925792045,60.485458925792045,60.36442657485323,60.72752362766964,60.485458925792045,60.485458925792045,60.485458925792045,60.60649127673086,60.485458925792045,60.485458925792045,60.60649127673086,60.36442657485323,60.36442657485323,60.485458925792045,60.60649127673086,60.72752362766964,60.485458925792045,60.72752362766964,60.72752362766964,60.60649127673086,60.485458925792045,60.60649127673086,60.60649127673086,60.485458925792045,60.72752362766964,60.60649127673086,60.36442657485323,60.485458925792045,60.485458925792045,60.485458925792045,60.36442657485323,60.60649127673086,60.72752362766964,60.72752362766964,60.72752362766964,60.485458925792045,60.485458925792045,60.485458925792045,60.60649127673086,60.72752362766964,60.36442657485323,60.485458925792045,60.72752362766964,60.60649127673086,60.60649127673086,60.36442657485323,60.72752362766964,60.72752362766964,60.36442657485323,60.36442657485323,60.36442657485323,60.60649127673086,60.485458925792045,60.485458925792045,60.60649127673086,60.72752362766964,60.36442657485323,60.72752362766964,60.60649127673086,60.36442657485323,60.36442657485323,60.485458925792045,60.72752362766964,60.60649127673086,60.36442657485323,60.485458925792045,60.485458925792045,60.485458925792045,60.485458925792045,60.485458925792045,60.72752362766964,60.36442657485323,60.72752362766964,60.72752362766964,60.485458925792045,60.72752362766964,60.36442657485323,60.485458925792045,60.36442657485323,60.72752362766964,60.36442657485323,60.72752362766964,60.485458925792045,60.72752362766964,60.36442657485323,60.485458925792045,60.60649127673086,60.72752362766964,60.485458925792045,60.36442657485323,60.36442657485323,60.485458925792045,60.36442657485323,60.485458925792045,60.36442657485323,60.36442657485323,60.36442657485323,60.36442657485323,60.60649127673086,60.485458925792045,60.60649127673086,60.60649127673086,60.36442657485323,60.36442657485323,60.36442657485323,60.485458925792045,60.36442657485323,60.72752362766964,60.485458925792045,60.60649127673086,60.485458925792045,60.485458925792045,60.485458925792045,60.485458925792045,60.72752362766964,60.36442657485323,60.36442657485323,60.60649127673086,60.72752362766964,60.36442657485323,60.485458925792045,60.485458925792045,60.60649127673086,60.72752362766964,60.36442657485323,60.485458925792045,60.485458925792045,60.60649127673086,60.60649127673086,60.485458925792045,60.36442657485323,60.485458925792045,60.72752362766964,60.60649127673086,60.485458925792045,60.485458925792045,60.36442657485323,60.60649127673086,60.60649127673086,60.60649127673086,60.36442657485323,60.36442657485323,60.36442657485323,60.60649127673086,60.72752362766964,60.485458925792045,60.485458925792045,60.72752362766964,60.485458925792045,60.72752362766964,60.485458925792045,60.36442657485323,60.36442657485323,60.485458925792045,60.60649127673086,60.36442657485323,60.60649127673086,60.485458925792045,60.485458925792045,60.60649127673086,60.485458925792045,60.72752362766964,60.36442657485323,60.485458925792045,60.60649127673086,60.485458925792045,60.60649127673086,60.36442657485323,60.60649127673086,60.72752362766964,60.60649127673086,60.36442657485323,60.485458925792045,60.72752362766964,60.72752362766964,60.72752362766964,60.36442657485323,60.36442657485323,60.36442657485323,60.60649127673086
60.43897150009055,60.314913340378276,60.43897150009055,60.56302965980282,60.56302965980282,60.56302965980282,60.314913340378276,60.68708781951509,60.43897150009055,60.43897150009055,60.43897150009055,60.43897150009055,60.56302965980282,60.68708781951509,60.43897150009055,60.56302965980282,60.314913340378276,60.56302965980282,60.314913340378276,60.68708781951509,60.43897150009055,60.314913340378276,60.43897150009055,60.68708781951509,60.43897150009055,60.68708781951509,60.43897150009055,60.68708781951509,60.56302965980282,60.43897150009055,60.56302965980282,60.56302965980282,60.68708781951509,60.43897150009055,60.314913340378276,60.56302965980282,60.56302965980282,60.43897150009055,60.68708781951509,60.68708781951509,60.68708781951509,60.56302965980282,60.314913340378276,60.43897150009055,60.43897150009055,60.56302965980282,60.68708781951509,60.68708781951509,60.56302965980282,60.314913340378276,60.56302965980282,60.314913340378276,60.68708781951509,60.56302965980282,60.56302965980282,60.43897150009055,60.43897150009055,60.314913340378276,60.314913340378276,60.68708781951509,60.43897150009055,60.56302965980282,60.314913340378276,60.314913340378276,60.43897150009055,60.68708781951509,60.68708781951509,60.314913340378276,60.314913340378276,60.314913340378276,60.314913340378276,60.68708781951509,60.43897150009055,60.43897150009055,60.56302965980282,60.56302965980282,60.314913340378276,60.314913340378276,60.68708781951509,60.43897150009055,60.56302965980282,60.314913340378276,60.56302965980282,60.56302965980282,60.43897150009055,60.68708781951509,60.68708781951509,60.56302965980282,60.56302965980282,60.314913340378276,60.68708781951509,60.43897150009055,60.43897150009055,60.314913340378276,60.56302965980282,60.314913340378276,60.68708781951509,60.56302965980282,60.56302965980282,60.314913340378276,60.56302965980282,60.68708781951509,60.68708781951509,60.68708781951509,60.43897150009055,60.314913340378276,60.43897150009055,60.43897150009055,60.314913340378276,60.68708781951509,60.56302965980282,60.68708781951509,60.56302965980282,60.314913340378276,60.56302965980282,60.43897150009055,60.43897150009055,60.68708781951509,60.314913340378276,60.56302965980282,60.43897150009055,60.56302965980282,60.43897150009055,60.56302965980282,60.314913340378276,60.68708781951509,60.68708781951509,60.43897150009055,60.314913340378276,60.68708781951509,60.68708781951509,60.314913340378276,60.68708781951509,60.68708781951509,60.43897150009055,60.314913340378276,60.314913340378276,60.68708781951509,60.68708781951509,60.314913340378276,60.68708781951509,60.314913340378276,60.43897150009055,60.43897150009055,60.43897150009055,60.68708781951509,60.43897150009055,60.56302965980282,60.43897150009055,60.68708781951509,60.314913340378276,60.314913340378276,60.56302965980282,60.68708781951509,60.56302965980282,60.314913340378276,60.43897150009055,60.314913340378276,60.56302965980282,60.43897150009055,60.43897150009055,60.68708781951509,60.43897150009055,60.56302965980282,60.43897150009055,60.56302965980282,60.43897150009055,60.314913340378276,60.43897150009055,60.68708781951509,60.68708781951509,60.56302965980282,60.68708781951509,60.56302965980282,60.56302965980282,60.314913340378276,60.43897150009055,60.56302965980282,60.314913340378276,60.68708781951509,60.56302965980282,60.56302965980282,60.43897150009055,60.56302965980282,60.68708781951509,60.56302965980282,60.56302965980282,60.314913340378276,60.56302965980282,60.43897150009055,60.68708781951509,60.56302965980282,60.56302965980282,60.43897150009055,60.68708781951509,60.314913340378276,60.68708781951509,60.314913340378276,60.314913340378276,60.68708781951509
60.519568042874795,60.64665201136054,60.64665201136054,60.64665201136054,60.519568042874795,60.26540010590331,60.39248407438905,60.519568042874795,60.519568042874795,60.64665201136054,60.39248407438905,60.519568042874795,60.39248407438905,60.64665201136054,60.26540010590331,60.39248407438905,60.26540010590331,60.26540010590331,60.64665201136054,60.39248407438905,60.64665201136054,60.39248407438905,60.39248407438905,60.39248407438905,60.39248407438905,60.39248407438905,60.519568042874795,60.39248407438905,60.26540010590331,60.26540010590331,60.64665201136054,60.519568042874795,60.26540010590331,60.64665201136054,60.39248407438905,60.26540010590331,60.26540010590331,60.26540010590331,60.39248407438905,60.26540010590331,60.39248407438905,60.39248407438905,60.64665201136054,60.64665201136054,60.26540010590331,60.26540010590331,60.64665201136054,60.26540010590331,60.519568042874795,60.26540010590331,60.519568042874795,60.39248407438905,60.26540010590331,60.519568042874795,60.39248407438905,60.519568042874795,60.519568042874795,60.39248407438905,60.39248407438905,60.26540010590331,60.39248407438905,60.519568042874795,60.519568042874795,60.64665201136054,60.39248407438905,60.39248407438905,60.26540010590331,60.64665201136054,60.519568042874795,60.64665201136054,60.39248407438905,60.519568042874795,60.39248407438905,60.39248407438905,60.519568042874795,60.519568042874795,60.519568042874795,60.39248407438905,60.519568042874795,60.519568042874795,60.39248407438905,60.26540010590331,60.26540010590331,60.39248407438905,60.39248407438905,60.519568042874795,60.519568042874795,60.64665201136054,60.64665201136054,60.26540010590331,60.64665201136054,60.39248407438905,60.26540010590331,60.26540010590331,60.64665201136054,60.39248407438905,60.26540010590331,60.64665201136054,60.519568042874795,60.39248407438905,60.519568042874795,60.39248407438905,60.39248407438905,60.26540010590331,60.39248407438905,60.519568042874795,60.519568042874795,60.519568042874795,60.26540010590331,60.64665201136054,60.64665201136054,60.39248407438905,60.39248407438905,60.64665201136054,60.519568042874795,60.26540010590331,60.26540010590331,60.519568042874795,60.64665201136054,60.64665201136054,60.39248407438905,60.519568042874795,60.519568042874795,60.519568042874795,60.64665201136054,60.519568042874795,60.519568042874795,60.26540010590331,60.26540010590331,60.64665201136054,60.519568042874795,60.519568042874795,60.64665201136054,60.64665201136054,60.519568042874795,60.64665201136054,60.64665201136054,60.519568042874795,60.39248407438905,60.64665201136054,60.39248407438905,60.64665201136054,60.39248407438905,60.519568042874795,60.64665201136054,60.64665201136054,60.519568042874795,60.26540010590331,60.39248407438905,60.519568042874795,60.519568042874795,60.519568042874795,60.64665201136054,60.26540010590331,60.39248407438905,60.39248407438905,60.26540010590331,60.26540010590331,60.39248407438905,60.26540010590331,60.64665201136054,60.64665201136054,60.519568042874795,60.26540010590331,60.64665201136054,60.26540010590331,60.519568042874795,60.26540010590331,60.64665201136054,60.64665201136054,60.519568042874795,60.519568042874795,60.26540010590331,60.64665201136054,60.519568042874795,60.26540010590331,60.39248407438905,60.26540010590331,60.39248407438905,60.39248407438905,60.519568042874795,60.39248407438905,60.64665201136054,60.519568042874795,60.26540010590331,60.64665201136054,60.519568042874795,60.39248407438905,60.64665201136054,60.26540010590331,60.26540010590331,60.519568042874795,60.519568042874795,60.26540010590331,60.64665201136054,60.64665201136054,60.39248407438905,60.519568042874795,60.26540010590331,60.39248407438905
60.476106425946774,60.34599664868755,60.21588687142834,60.21588687142834,60.606216203205975,60.34599664868755,60.476106425946774,60.34599664868755,60.476106425946774,60.34599664868755,60.606216203205975,60.476106425946774,60.34599664868755,60.606216203205975,60.606216203205975,60.21588687142834,60.21588687142834,60.34599664868755,60.34599664868755,60.21588687142834,60.21588687142834,60.21588687142834,60.21588687142834,60.34599664868755,60.21588687142834,60.34599664868755,60.476106425946774,60.21588687142834,60.34599664868755,60.34599664868755,60.606216203205975,60.476106425946774,60.606216203205975,60.21588687142834,60.476106425946774,60.476106425946774,60.34599664868755,60.34599664868755,60.606216203205975,60.21588687142834,60.21588687142834,60.34599664868755,60.34599664868755,60.34599664868755,60.476106425946774,60.606216203205975,60.34599664868755,60.606216203205975,60.34599664868755,60.34599664868755,60.476106425946774,60.476106425946774,60.606216203205975,60.21588687142834,60.476106425946774,60.476106425946774,60.34599664868755,60.21588687142834,60.606216203205975,60.34599664868755,60.34599664868755,60.21588687142834,60.606216203205975,60.606216203205975,60.21588687142834,60.606216203205975,60.606216203205975,60.21588687142834,60.21588687142834,60.606216203205975,60.21588687142834,60.21588687142834,60.34599664868755,60.34599664868755,60.606216203205975,60.21588687142834,60.34599664868755,60.476106425946774,60.606216203205975,60.476106425946774,60.606216203205975,60.21588687142834,60.34599664868755,60.34599664868755,60.21588687142834,60.21588687142834,60.606216203205975,60.34599664868755,60.476106425946774,60.476106425946774,60.34599664868755,60.34599664868755,60.34599664868755,60.34599664868755,60.476106425946774,60.606216203205975,60.21588687142834,60.476106425946774,60.21588687142834,60.476106425946774,60.606216203205975,60.21588687142834,60.21588687142834,60.21588687142834,60.21588687142834,60.476106425946774,60.34599664868755,60.606216203205975,60.21588687142834,60.21588687142834,60.34599664868755,60.34599664868755,60.606216203205975,60.21588687142834,60.476106425946774,60.606216203205975,60.476106425946774,60.476106425946774,60.21588687142834,60.34599664868755,60.21588687142834,60.34599664868755,60.34599664868755,60.34599664868755,60.34599664868755,60.34599664868755,60.606216203205975,60.476106425946774,60.476106425946774,60.34599664868755,60.21588687142834,60.34599664868755,60.606216203205975,60.34599664868755,60.34599664868755,60.476106425946774,60.606216203205975,60.606216203205975,60.34599664868755,60.34599664868755,60.606216203205975,60.606216203205975,60.21588687142834,60.476106425946774,60.476106425946774,60.34599664868755,60.476106425946774,60.21588687142834,60.34599664868755,60.34599664868755,60.606216203205975,60.606216203205975,60.21588687142834,60.606216203205975,60.476106425946774,60.476106425946774,60.21588687142834,60.476106425946774,60.476106425946774,60.606216203205975,60.34599664868755,60.606216203205975,60.34599664868755,60.476106425946774,60.606216203205975,60.34599664868755,60.21588687142834,60.34599664868755,60.34599664868755,60.476106425946774,60.476106425946774,60.34599664868755,60.606216203205975,60.34599664868755,60.606216203205975,60.476106425946774,60.606216203205975,60.34599664868755,60.606216203205975,60.476106425946774,60.476106425946774,60.21588687142834,60.34599664868755,60.34599664868755,60.34599664868755,60.34599664868755,60.34599664868755,60.606216203205975,60.606216203205975,60.21588687142834,60.21588687142834,60.476106425946774,60.21588687142834,60.21588687142834,60.34599664868755,60.21588687142834,60.476106425946774,60.34599664868755,60.34599664868755,60.34599664868755
60.565780395051426,60.43264480901874,60.43264480901874,60.166373636953374,60.166373636953374,60.43264480901874,60.166373636953374,60.43264480901874,60.43264480901874,60.43264480901874,60.43264480901874,60.29950922298606,60.43264480901874,60.43264480901874,60.29950922298606,60.166373636953374,60.565780395051426,60.29950922298606,60.43264480901874,60.29950922298606,60.166373636953374,60.166373636953374,60.43264480901874,60.166373636953374,60.565780395051426,60.565780395051426,60.43264480901874,60.565780395051426,60.29950922298606,60.565780395051426,60.166373636953374,60.166373636953374,60.29950922298606,60.166373636953374,60.43264480901874,60.166373636953374,60.565780395051426,60.43264480901874,60.43264480901874,60.43264480901874,60.166373636953374,60.166373636953374,60.43264480901874,60.43264480901874,60.166373636953374,60.166373636953374,60.29950922298606,60.43264480901874,60.166373636953374,60.166373636953374,60.166373636953374,60.565780395051426,60.29950922298606,60.166373636953374,60.29950922298606,60.166373636953374,60.43264480901874,60.29950922298606,60.43264480901874,60.29950922298606,60.29950922298606,60.565780395051426,60.43264480901874,60.565780395051426,60.565780395051426,60.565780395051426,60.166373636953374,60.166373636953374,60.565780395051426,60.29950922298606,60.166373636953374,60.29950922298606,60.29950922298606,60.43264480901874,60.43264480901874,60.43264480901874,60.166373636953374,60.43264480901874,60.29950922298606,60.166373636953374,60.166373636953374,60.29950922298606,60.166373636953374,60.565780395051426,60.29950922298606,60.166373636953374,60.29950922298606,60.29950922298606,60.29950922298606,60.43264480901874,60.565780395051426,60.29950922298606,60.565780395051426,60.565780395051426,60.29950922298606,60.43264480901874,60.565780395051426,60.565780395051426,60.166373636953374,60.29950922298606,60.43264480901874,60.43264480901874,60.166373636953374,60.43264480901874,60.565780395051426,60.29950922298606,60.166373636953374,60.565780395051426,60.29950922298606,60.29950922298606,60.43264480901874,60.166373636953374,60.29950922298606,60.166373636953374,60.166373636953374,60.565780395051426,60.43264480901874,60.166373636953374,60.565780395051426,60.565780395051426,60.166373636953374,60.43264480901874,60.43264480901874,60.43264480901874,60.29950922298606,60.29950922298606,60.166373636953374,60.565780395051426,60.166373636953374,60.29950922298606,60.565780395051426,60.29950922298606,60.565780395051426,60.166373636953374,60.43264480901874,60.565780395051426,60.565780395051426,60.43264480901874,60.565780395051426,60.166373636953374,60.565780395051426,60.43264480901874,60.565780395051426,60.565780395051426,60.29950922298606,60.29950922298606,60.43264480901874,60.166373636953374,60.166373636953374,60.29950922298606,60.166373636953374,60.43264480901874,60.565780395051426,60.29950922298606,60.29950922298606,60.29950922298606,60.29950922298606,60.29950922298606,60.565780395051426,60.43264480901874,60.166373636953374,60.29950922298606,60.29950922298606,60.565780395051426,60.166373636953374,60.29950922298606,60.43264480901874,60.565780395051426,60.43264480901874,60.166373636953374,60.29950922298606,60.166373636953374,60.43264480901874,60.166373636953374,60.29950922298606,60.565780395051426,60.43264480901874,60.565780395051426,60.565780395051426,60.29950922298606,60.565780395051426,60.565780395051426,60.565780395051426,60.166373636953374,60.29950922298606,60.166373636953374,60.565780395051426,60.43264480901874,60.29950922298606,60.43264480901874,60.43264480901874,60.43264480901874,60.166373636953374,60.29950922298606,60.166373636953374,60.565780395051426,60.565780395051426,60.43264480901874,60.43264480901874,60.565780395051426
60.11686040247841,60.25302179728457,60.25302179728457,60.11686040247841,60.38918319209071,60.38918319209071,60.38918319209071,60.525344586896864,60.525344586896864,60.25302179728457,60.11686040247841,60.11686040247841,60.25302179728457,60.38918319209071,60.11686040247841,60.25302179728457,60.525344586896864,60.525344586896864,60.11686040247841,60.25302179728457,60.525344586896864,60.38918319209071,60.525344586896864,60.525344586896864,60.525344586896864,60.11686040247841,60.25302179728457,60.38918319209071,60.525344586896864,60.11686040247841,60.525344586896864,60.25302179728457,60.525344586896864,60.11686040247841,60.25302179728457,60.11686040247841,60.38918319209071,60.525344586896864,60.38918319209071,60.38918319209071,60.38918319209071,60.38918319209071,60.525344586896864,60.25302179728457,60.11686040247841,60.38918319209071,60.25302179728457,60.38918319209071,60.525344586896864,60.25302179728457,60.11686040247841,60.25302179728457,60.11686040247841,60.525344586896864,60.11686040247841,60.25302179728457,60.11686040247841,60.38918319209071,60.11686040247841,60.38918319209071,60.25302179728457,60.11686040247841,60.525344586896864,60.38918319209071,60.38918319209071,60.25302179728457,60.38918319209071,60.38918319209071,60.11686040247841,60.38918319209071,60.525344586896864,60.25302179728457,60.38918319209071,60.11686040247841,60.38918319209071,60.38918319209071,60.11686040247841,60.11686040247841,60.11686040247841,60.38918319209071,60.11686040247841,60.25302179728457,60.525344586896864,60.11686040247841,60.11686040247841,60.11686040247841,60.11686040247841,60.525344586896864,60.11686040247841,60.25302179728457,60.25302179728457,60.25302179728457,60.25302179728457,60.525344586896864,60.25302179728457,60.25302179728457,60.11686040247841,60.11686040247841,60.25302179728457,60.38918319209071,60.525344586896864,60.525344586896864,60.38918319209071,60.38918319209071,60.525344586896864,60.525344586896864,60.38918319209071,60.25302179728457,60.525344586896864,60.525344586896864,60.11686040247841,60.38918319209071,60.11686040247841,60.11686040247841,60.11686040247841,60.11686040247841,60.11686040247841,60.11686040247841,60.11686040247841,60.525344586896864,60.525344586896864,60.38918319209071,60.25302179728457,60.525344586896864,60.525344586896864,60.25302179728457,60.11686040247841,60.11686040247841,60.25302179728457,60.11686040247841,60.25302179728457,60.25302179728457,60.38918319209071,60.11686040247841,60.38918319209071,60.11686040247841,60.25302179728457,60.525344586896864,60.38918319209071,60.525344586896864,60.25302179728457,60.38918319209071,60.11686040247841,60.38918319209071,60.25302179728457,60.25302179728457,60.25302179728457,60.25302179728457,60.25302179728457,60.525344586896864,60.25302179728457,60.525344586896864,60.525344586896864,60.25302179728457,60.38918319209071,60.525344586896864,60.11686040247841,60.525344586896864,60.25302179728457,60.11686040247841,60.11686040247841,60.38918319209071,60.525344586896864,60.38918319209071,60.11686040247841,60.525344586896864,60.25302179728457,60.11686040247841,60.525344586896864,60.525344586896864,60.11686040247841,60.38918319209071,60.525344586896864,60.25302179728457,60.38918319209071,60.25302179728457,60.38918319209071,60.38918319209071,60.11686040247841,60.38918319209071,60.25302179728457,60.525344586896864,60.25302179728457,60.525344586896864,60.38918319209071,60.525344586896864,60.11686040247841,60.525344586896864,60.38918319209071,60.525344586896864,60.25302179728457,60.525344586896864,60.38918319209071,60.11686040247841,60.25302179728457,60.38918319209071,60.525344586896864,60.525344586896864,60.525344586896864,60.525344586896864
60.345721575162706,60.206534371583075,60.345721575162706,60.345721575162706,60.206534371583075,60.206534371583075,60.484908778742316,60.484908778742316,60.06734716800345,60.484908778742316,60.484908778742316,60.345721575162706,60.206534371583075,60.06734716800345,60.206534371583075,60.06734716800345,60.484908778742316,60.06734716800345,60.206534371583075,60.206534371583075,60.484908778742316,60.06734716800345,60.484908778742316,60.484908778742316,60.06734716800345,60.206534371583075,60.484908778742316,60.345721575162706,60.06734716800345,60.06734716800345,60.206534371583075,60.484908778742316,60.345721575162706,60.06734716800345,60.06734716800345,60.206534371583075,60.206534371583075,60.06734716800345,60.345721575162706,60.206534371583075,60.206534371583075,60.484908778742316,60.206534371583075,60.206534371583075,60.484908778742316,60.484908778742316,60.206534371583075,60.345721575162706,60.206534371583075,60.06734716800345,60.206534371583075,60.484908778742316,60.206534371583075,60.06734716800345,60.206534371583075,60.345721575162706,60.06734716800345,60.06734716800345,60.206534371583075,60.206534371583075,60.345721575162706,60.484908778742316,60.206534371583075,60.345721575162706,60.206534371583075,60.484908778742316,60.345721575162706,60.484908778742316,60.345721575162706,60.06734716800345,60.06734716800345,60.206534371583075,60.06734716800345,60.484908778742316,60.206534371583075,60.206534371583075,60.345721575162706,60.345721575162706,60.206534371583075,60.06734716800345,60.345721575162706,60.06734716800345,60.345721575162706,60.06734716800345,60.206534371583075,60.484908778742316,60.206534371583075,60.206534371583075,60.206534371583075,60.06734716800345,60.484908778742316,60.06734716800345,60.345721575162706,60.06734716800345,60.484908778742316,60.206534371583075,60.484908778742316,60.206534371583075,60.06734716800345,60.484908778742316,60.484908778742316,60.345721575162706,60.06734716800345,60.06734716800345,60.206534371583075,60.484908778742316,60.484908778742316,60.345721575162706,60.06734716800345,60.345721575162706,60.206534371583075,60.206534371583075,60.206534371583075,60.345721575162706,60.06734716800345,60.484908778742316,60.06734716800345,60.345721575162706,60.484908778742316,60.06734716800345,60.484908778742316,60.06734716800345,60.484908778742316,60.345721575162706,60.206534371583075,60.345721575162706,60.206534371583075,60.484908778742316,60.345721575162706,60.206534371583075,60.345721575162706,60.206534371583075,60.206534371583075,60.206534371583075,60.484908778742316,60.484908778742316,60.206534371583075,60.345721575162706,60.484908778742316,60.484908778742316,60.484908778742316,60.484908778742316,60.06734716800345,60.06734716800345,60.06734716800345,60.06734716800345,60.206534371583075,60.345721575162706,60.484908778742316,60.484908778742316,60.484908778742316,60.484908778742316,60.345721575162706,60.206534371583075,60.206534371583075,60.345721575162706,60.345721575162706,60.06734716800345,60.484908778742316,60.345721575162706,60.206534371583075,60.06734716800345,60.345721575162706,60.484908778742316,60.484908778742316,60.06734716800345,60.345721575162706,60.345721575162706,60.206534371583075,60.484908778742316,60.345721575162706,60.345721575162706,60.484908778742316,60.206534371583075,60.345721575162706,60.345721575162706,60.06734716800345,60.06734716800345,60.484908778742316,60.206534371583075,60.206534371583075,60.06734716800345,60.484908778742316,60.484908778742316,60.345721575162706,60.06734716800345,60.484908778742316,60.06734716800345,60.484908778742316,60.06734716800345,60.345721575162706,60.484908778742316,60.206534371583075,60.206534371583075,60.206534371583075,60.484908778742316,60.345721575162706,60.345721575162706,60.345721575162706,60.345721575162706
60.30225995823467,60.30225995823467,60.30225995823467,60.44447297058777,60.44447297058777,60.017833933528486,60.44447297058777,60.30225995823467,60.017833933528486,60.44447297058777,60.017833933528486,60.160046945881575,60.30225995823467,60.30225995823467,60.160046945881575,60.30225995823467,60.160046945881575,60.017833933528486,60.44447297058777,60.44447297058777,60.160046945881575,60.30225995823467,60.30225995823467,60.017833933528486,60.160046945881575,60.44447297058777,60.30225995823467,60.30225995823467,60.30225995823467,60.160046945881575,60.30225995823467,60.44447297058777,60.160046945881575,60.44447297058777,60.160046945881575,60.30225995823467,60.160046945881575,60.44447297058777,60.30225995823467,60.017833933528486,60.017833933528486,60.160046945881575,60.017833933528486,60.44447297058777,60.44447297058777,60.160046945881575,60.160046945881575,60.017833933528486,60.30225995823467,60.44447297058777,60.160046945881575,60.160046945881575,60.30225995823467,60.160046945881575,60.160046945881575,60.017833933528486,60.44447297058777,60.160046945881575,60.160046945881575,60.017833933528486,60.017833933528486,60.44447297058777,60.30225995823467,60.160046945881575,60.017833933528486,60.44447297058777,60.160046945881575,60.30225995823467,60.160046945881575,60.160046945881575,60.44447297058777,60.44447297058777,60.44447297058777,60.30225995823467,60.160046945881575,60.44447297058777,60.160046945881575,60.017833933528486,60.30225995823467,60.44447297058777,60.44447297058777,60.44447297058777,60.017833933528486,60.30225995823467,60.30225995823467,60.30225995823467,60.44447297058777,60.017833933528486,60.30225995823467,60.160046945881575,60.160046945881575,60.160046945881575,60.30225995823467,60.44447297058777,60.44447297058777,60.017833933528486,60.30225995823467,60.30225995823467,60.017833933528486,60.30225995823467,60.44447297058777,60.44447297058777,60.30225995823467,60.160046945881575,60.30225995823467,60.44447297058777,60.30225995823467,60.017833933528486,60.44447297058777,60.160046945881575,60.160046945881575,60.44447297058777,60.017833933528486,60.44447297058777,60.017833933528486,60.017833933528486,60.017833933528486,60.017833933528486,60.017833933528486,60.017833933528486,60.44447297058777,60.160046945881575,60.44447297058777,60.44447297058777,60.017833933528486,60.44447297058777,60.160046945881575,60.30225995823467,60.44447297058777,60.44447297058777,60.30225995823467,60.017833933528486,60.44447297058777,60.30225995823467,60.160046945881575,60.30225995823467,60.30225995823467,60.44447297058777,60.017833933528486,60.44447297058777,60.017833933528486,60.160046945881575,60.017833933528486,60.160046945881575,60.017833933528486,60.44447297058777,60.30225995823467,60.44447297058777,60.44447297058777,60.30225995823467,60.017833933528486,60.017833933528486,60.160046945881575,60.44447297058777,60.160046945881575,60.30225995823467,60.30225995823467,60.30225995823467,60.30225995823467,60.44447297058777,60.44447297058777,60.017833933528486,60.017833933528486,60.160046945881575,60.017833933528486,60.160046945881575,60.160046945881575,60.017833933528486,60.017833933528486,60.44447297058777,60.017833933528486,60.160046945881575,60.44447297058777,60.44447297058777,60.30225995823467,60.017833933528486,60.30225995823467,60.160046945881575,60.160046945881575,60.44447297058777,60.30225995823467,60.160046945881575,60.160046945881575,60.44447297058777,60.160046945881575,60.160046945881575,60.160046945881575,60.160046945881575,60.017833933528486,60.30225995823467,60.44447297058777,60.017833933528486,60.44447297058777,60.30225995823467,60.30225995823467,60.160046945881575,60.30225995823467,60.017833933528486,60.30225995823467,60.017833933528486
59.96832069905352,59.96832069905352,60.258798341306644,60.258798341306644,59.96832069905352,59.96832069905352,60.40403716243321,60.11355952018008,60.40403716243321,59.96832069905352,60.40403716243321,60.40403716243321,60.258798341306644,60.11355952018008,59.96832069905352,59.96832069905352,59.96832069905352,60.11355952018008,60.258798341306644,60.258798341306644,60.258798341306644,60.40403716243321,60.40403716243321,59.96832069905352,59.96832069905352,60.11355952018008,60.258798341306644,60.258798341306644,60.258798341306644,60.11355952018008,60.40403716243321,60.258798341306644,60.258798341306644,60.258798341306644,60.40403716243321,60.40403716243321,60.11355952018008,59.96832069905352,59.96832069905352,60.40403716243321,59.96832069905352,60.11355952018008,60.40403716243321,60.40403716243321,60.258798341306644,60.40403716243321,60.40403716243321,59.96832069905352,60.40403716243321,59.96832069905352,60.11355952018008,60.258798341306644,60.11355952018008,60.40403716243321,60.11355952018008,60.40403716243321,60.11355952018008,60.40403716243321,59.96832069905352,59.96832069905352,60.40403716243321,60.40403716243321,59.96832069905352,60.258798341306644,60.40403716243321,60.40403716243321,60.11355952018008,59.96832069905352,60.258798341306644,59.96832069905352,60.258798341306644,60.40403716243321,60.258798341306644,59.96832069905352,60.40403716243321,60.11355952018008,59.96832069905352,59.96832069905352,60.40403716243321,60.40403716243321,60.11355952018008,59.96832069905352,60.258798341306644,59.96832069905352,60.40403716243321,59.96832069905352,60.11355952018008,60.258798341306644,59.96832069905352,59.96832069905352,60.40403716243321,60.258798341306644,60.258798341306644,60.258798341306644,60.40403716243321,60.11355952018008,60.11355952018008,59.96832069905352,60.258798341306644,59.96832069905352,60.11355952018008,60.40403716243321,60.11355952018008,60.258798341306644,60.258798341306644,60.40403716243321,59.96832069905352,60.40403716243321,59.96832069905352,59.96832069905352,60.11355952018008,60.40403716243321,59.96832069905352,60.258798341306644,60.11355952018008,59.96832069905352,60.11355952018008,60.11355952018008,59.96832069905352,59.96832069905352,60.40403716243321,59.96832069905352,60.258798341306644,59.96832069905352,60.258798341306644,59.96832069905352,60.11355952018008,60.40403716243321,60.40403716243321,60.11355952018008,60.258798341306644,60.258798341306644,59.96832069905352,60.258798341306644,60.40403716243321,60.11355952018008,59.96832069905352,60.11355952018008,60.40403716243321,60.11355952018008,60.258798341306644,60.11355952018008,60.258798341306644,60.258798341306644,59.96832069905352,60.40403716243321,60.258798341306644,59.96832069905352,59.96832069905352,60.40403716243321,59.96832069905352,60.40403716243321,59.96832069905352,60.40403716243321,60.258798341306644,60.40403716243321,60.11355952018008,59.96832069905352,60.11355952018008,59.96832069905352,59.96832069905352,60.258798341306644,59.96832069905352,60.40403716243321,60.258798341306644,60.11355952018008,60.258798341306644,60.258798341306644,60.258798341306644,60.40403716243321,60.11355952018008,60.258798341306644,60.11355952018008,60.40403716243321,60.11355952018008,60.258798341306644,59.96832069905352,60.258798341306644,60.11355952018008,59.96832069905352,60.40403716243321,60.11355952018008,59.96832069905352,60.258798341306644,60.258798341306644,59.96832069905352,59.96832069905352,60.258798341306644,60.11355952018008,60.258798341306644,59.96832069905352,60.11355952018008,60.258798341306644,60.258798341306644,59.96832069905352,60.11355952018008,60.40403716243321,60.258798341306644,60.258798341306644,59.96832069905352
60.21533672437862,60.36360135427865,60.36360135427865,60.36360135427865,59.91880746457856,60.06707209447859,59.91880746457856,59.91880746457856,60.36360135427865,60.06707209447859,59.91880746457856,59.91880746457856,60.21533672437862,59.91880746457856,59.91880746457856,60.36360135427865,60.36360135427865,60.06707209447859,60.36360135427865,60.06707209447859,60.06707209447859,60.06707209447859,59.91880746457856,60.36360135427865,59.91880746457856,60.06707209447859,60.21533672437862,60.06707209447859,60.36360135427865,60.21533672437862,60.06707209447859,59.91880746457856,59.91880746457856,60.06707209447859,60.21533672437862,60.21533672437862,60.21533672437862,60.21533672437862,60.36360135427865,60.21533672437862,59.91880746457856,60.36360135427865,60.21533672437862,60.21533672437862,60.36360135427865,60.06707209447859,60.06707209447859,59.91880746457856,59.91880746457856,60.21533672437862,59.91880746457856,60.36360135427865,60.21533672437862,60.06707209447859,59.91880746457856,60.21533672437862,60.06707209447859,60.06707209447859,60.36360135427865,59.91880746457856,60.36360135427865,60.06707209447859,59.91880746457856,60.06707209447859,60.06707209447859,60.06707209447859,60.06707209447859,60.36360135427865,60.36360135427865,60.21533672437862,60.36360135427865,59.91880746457856,60.06707209447859,60.06707209447859,60.06707209447859,60.06707209447859,60.21533672437862,59.91880746457856,60.06707209447859,60.21533672437862,60.36360135427865,60.21533672437862,59.91880746457856,59.91880746457856,60.36360135427865,60.21533672437862,59.91880746457856,60.06707209447859,60.36360135427865,60.06707209447859,60.21533672437862,59.91880746457856,60.21533672437862,60.06707209447859,60.06707209447859,60.36360135427865,60.21533672437862,59.91880746457856,60.36360135427865,59.91880746457856,60.06707209447859,59.91880746457856,60.21533672437862,60.21533672437862,59.91880746457856,59.91880746457856,60.36360135427865,60.06707209447859,60.06707209447859,60.21533672437862,60.21533672437862,60.06707209447859,59.91880746457856,60.21533672437862,60.06707209447859,59.91880746457856,59.91880746457856,60.06707209447859,60.06707209447859,60.06707209447859,60.21533672437862,60.06707209447859,59.91880746457856,60.21533672437862,59.91880746457856,59.91880746457856,60.06707209447859,59.91880746457856,60.21533672437862,60.36360135427865,59.91880746457856,60.06707209447859,60.06707209447859,59.91880746457856,59.91880746457856,59.91880746457856,60.06707209447859,60.21533672437862,60.21533672437862,59.91880746457856,60.36360135427865,59.91880746457856,59.91880746457856,59.91880746457856,60.06707209447859,60.21533672437862,60.36360135427865,60.06707209447859,59.91880746457856,60.36360135427865,59.91880746457856,60.21533672437862,60.21533672437862,60.21533672437862,60.21533672437862,60.06707209447859,59.91880746457856,60.21533672437862,60.06707209447859,60.36360135427865,59.91880746457856,60.21533672437862,60.06707209447859,60.21533672437862,60.21533672437862,60.06707209447859,60.06707209447859,60.36360135427865,60.36360135427865,60.21533672437862,60.36360135427865,60.06707209447859,59.91880746457856,59.91880746457856,60.06707209447859,60.21533672437862,60.36360135427865,60.21533672437862,60.06707209447859,60.36360135427865,60.36360135427865,59.91880746457856,60.36360135427865,60.06707209447859,60.21533672437862,59.91880746457856,60.21533672437862,60.21533672437862,60.36360135427865,60.06707209447859,60.21533672437862,60.36360135427865,59.91880746457856,60.36360135427865,60.36360135427865,59.91880746457856,60.06707209447859,60.36360135427865,60.21533672437862,60.06707209447859
60.1718751074506,60.1718751074506,60.02058466877709,59.869294230103584,60.1718751074506,59.869294230103584,60.32316554612409,59.869294230103584,60.1718751074506,59.869294230103584,59.869294230103584,60.32316554612409,59.869294230103584,60.1718751074506,59.869294230103584,59.869294230103584,60.1718751074506,60.32316554612409,59.869294230103584,60.02058466877709,60.1718751074506,59.869294230103584,60.02058466877709,60.1718751074506,60.02058466877709,59.869294230103584,60.32316554612409,59.869294230103584,60.02058466877709,59.869294230103584,60.1718751074506,60.02058466877709,60.02058466877709,60.1718751074506,60.32316554612409,59.869294230103584,60.1718751074506,60.32316554612409,59.869294230103584,60.02058466877709,60.32316554612409,60.1718751074506,60.1718751074506,60.02058466877709,60.1718751074506,60.32316554612409,60.02058466877709,60.1718751074506,60.02058466877709,59.869294230103584,59.869294230103584,60.02058466877709,60.32316554612409,60.1718751074506,60.32316554612409,60.32316554612409,60.32316554612409,60.1718751074506,60.32316554612409,59.869294230103584,60.02058466877709,59.869294230103584,59.869294230103584,60.32316554612409,60.02058466877709,60.32316554612409,60.02058466877709,60.02058466877709,59.869294230103584,60.02058466877709,60.32316554612409,60.1718751074506,59.869294230103584,60.1718751074506,60.1718751074506,60.02058466877709,60.32316554612409,60.02058466877709,60.02058466877709,59.869294230103584,60.32316554612409,60.1718751074506,60.32316554612409,60.1718751074506,60.02058466877709,59.869294230103584,60.02058466877709,59.869294230103584,60.1718751074506,60.02058466877709,60.32316554612409,60.32316554612409,59.869294230103584,60.1718751074506,60.02058466877709,60.1718751074506,60.02058466877709,60.02058466877709,60.02058466877709,60.1718751074506,59.869294230103584,60.1718751074506,60.1718751074506,59.869294230103584,59.869294230103584,60.02058466877709,60.32316554612409,60.32316554612409,60.02058466877709,59.869294230103584,60.1718751074506,60.32316554612409,60.02058466877709,60.32316554612409,59.869294230103584,60.02058466877709,60.02058466877709,59.869294230103584,60.02058466877709,59.869294230103584,59.869294230103584,60.32316554612409,60.02058466877709,59.869294230103584,59.869294230103584,59.869294230103584,60.02058466877709,59.869294230103584,59.869294230103584,60.32316554612409,60.32316554612409,60.32316554612409,59.869294230103584,60.1718751074506,60.02058466877709,60.02058466877709,60.1718751074506,60.1718751074506,60.1718751074506,60.1718751074506,60.32316554612409,60.02058466877709,60.32316554612409,60.02058466877709,59.869294230103584,60.02058466877709,60.1718751074506,60.1718751074506,59.869294230103584,59.869294230103584,60.32316554612409,60.02058466877709,60.32316554612409,59.869294230103584,60.02058466877709,59.869294230103584,60.1718751074506,59.869294230103584,60.02058466877709,60.32316554612409,59.869294230103584,60.02058466877709,60.02058466877709,60.1718751074506,60.32316554612409,60.02058466877709,60.02058466877709,60.1718751074506,59.869294230103584,60.32316554612409,60.02058466877709,60.32316554612409,59.869294230103584,60.32316554612409,60.1718751074506,60.32316554612409,60.02058466877709,59.869294230103584,60.32316554612409,60.02058466877709,60.1718751074506,59.869294230103584,60.32316554612409,60.02058466877709,60.1718751074506,60.1718751074506,60.1718751074506,60.02058466877709,60.02058466877709,60.1718751074506,60.02058466877709,59.869294230103584,60.02058466877709,60.1718751074506,60.02058466877709,59.869294230103584,60.1718751074506,60.1718751074506,60.1718751074506,60.1718751074506
59.81978099562861,59.81978099562861,60.28272973796954,60.28272973796954,59.9740972430756,59.9740972430756,59.81978099562861,60.28272973796954,59.81978099562861,60.28272973796954,60.28272973796954,60.28272973796954,59.9740972430756,60.28272973796954,59.9740972430756,59.9740972430756,60.28272973796954,60.12841349052257,59.9740972430756,60.12841349052257,59.81978099562861,60.28272973796954,59.9740972430756,60.12841349052257,59.81978099562861,59.9740972430756,60.28272973796954,60.12841349052257,60.28272973796954,60.28272973796954,59.9740972430756,59.81978099562861,60.12841349052257,59.81978099562861,60.12841349052257,60.28272973796954,59.81978099562861,60.28272973796954,59.81978099562861,60.12841349052257,60.28272973796954,60.28272973796954,59.81978099562861,59.81978099562861,59.9740972430756,59.81978099562861,59.81978099562861,60.28272973796954,60.28272973796954,59.81978099562861,59.81978099562861,60.12841349052257,60.28272973796954,60.28272973796954,59.9740972430756,60.12841349052257,59.9740972430756,60.12841349052257,60.28272973796954,59.9740972430756,60.28272973796954,60.28272973796954,59.9740972430756,60.28272973796954,60.12841349052257,59.9740972430756,59.9740972430756,60.28272973796954,59.9740972430756,59.9740972430756,59.81978099562861,59.81978099562861,60.12841349052257,60.12841349052257,60.12841349052257,60.28272973796954,59.81978099562861,59.81978099562861,59.81978099562861,59.9740972430756,59.81978099562861,59.9740972430756,60.28272973796954,59.9740972430756,60.28272973796954,59.9740972430756,59.81978099562861,59.9740972430756,60.28272973796954,59.81978099562861,60.12841349052257,59.81978099562861,59.81978099562861,60.12841349052257,60.12841349052257,60.12841349052257,60.12841349052257,59.9740972430756,59.81978099562861,60.28272973796954,59.9740972430756,59.81978099562861,59.81978099562861,60.28272973796954,59.81978099562861,60.12841349052257,59.9740972430756,59.9740972430756,60.28272973796954,59.9740972430756,59.81978099562861,59.9740972430756,59.81978099562861,60.28272973796954,59.9740972430756,60.28272973796954,59.81978099562861,59.9740972430756,60.12841349052257,60.12841349052257,60.12841349052257,60.12841349052257,59.81978099562861,60.12841349052257,59.9740972430756,60.28272973796954,60.12841349052257,59.81978099562861,60.28272973796954,59.81978099562861,59.81978099562861,60.28272973796954,60.28272973796954,60.12841349052257,60.12841349052257,60.28272973796954,59.81978099562861,60.28272973796954,59.81978099562861,60.12841349052257,60.12841349052257,60.28272973796954,60.28272973796954,59.9740972430756,60.12841349052257,60.28272973796954,59.9740972430756,60.12841349052257,60.28272973796954,60.12841349052257,59.81978099562861,60.28272973796954,60.12841349052257,60.12841349052257,59.81978099562861,59.9740972430756,59.81978099562861,59.9740972430756,59.81978099562861,60.12841349052257,60.28272973796954,59.9740972430756,60.12841349052257,60.12841349052257,60.28272973796954,60.12841349052257,60.28272973796954,59.9740972430756,59.9740972430756,59.81978099562861,59.9740972430756,59.81978099562861,59.81978099562861,59.9740972430756,59.9740972430756,60.12841349052257,59.81978099562861,60.28272973796954,59.9740972430756,59.81978099562861,60.28272973796954,59.9740972430756,60.28272973796954,60.12841349052257,59.9740972430756,60.28272973796954,59.81978099562861,60.12841349052257,60.28272973796954,60.28272973796954,60.28272973796954,60.12841349052257,60.28272973796954,60.12841349052257,59.9740972430756,59.9740972430756,59.9740972430756,60.28272973796954,60.12841349052257,60.12841349052257
59.927609817374105,60.24229392981499,59.77026776115365,60.24229392981499,60.08495187359455,59.77026776115365,59.927609817374105,59.77026776115365,59.927609817374105,59.77026776115365,59.927609817374105,60.24229392981499,60.24229392981499,59.77026776115365,59.77026776115365,59.927609817374105,59.77026776115365,60.24229392981499,60.24229392981499,60.24229392981499,60.24229392981499,59.927609817374105,60.24229392981499,60.08495187359455,59.927609817374105,59.77026776115365,59.927609817374105,60.08495187359455,59.927609817374105,59.77026776115365,59.927609817374105,59.927609817374105,59.77026776115365,59.77026776115365,60.08495187359455,59.927609817374105,60.08495187359455,59.77026776115365,59.927609817374105,60.24229392981499,59.77026776115365,60.24229392981499,59.927609817374105,60.24229392981499,59.927609817374105,59.927609817374105,60.08495187359455,59.927609817374105,60.24229392981499,60.24229392981499,59.927609817374105,60.08495187359455,60.08495187359455,59.927609817374105,59.77026776115365,59.77026776115365,59.927609817374105,59.927609817374105,60.24229392981499,59.77026776115365,59.927609817374105,59.77026776115365,60.24229392981499,60.08495187359455,59.77026776115365,59.77026776115365,60.08495187359455,59.77026776115365,60.24229392981499,59.77026776115365,60.08495187359455,60.24229392981499,59.77026776115365,60.08495187359455,59.927609817374105,59.77026776115365,59.927609817374105,60.08495187359455,59.77026776115365,59.77026776115365,59.77026776115365,60.24229392981499,59.77026776115365,60.24229392981499,60.24229392981499,59.77026776115365,60.24229392981499,59.927609817374105,59.927609817374105,59.927609817374105,59.77026776115365,59.927609817374105,60.08495187359455,59.927609817374105,60.24229392981499,60.08495187359455,60.24229392981499,60.08495187359455,60.08495187359455,59.77026776115365,60.24229392981499,60.08495187359455,60.24229392981499,60.24229392981499,60.24229392981499,60.24229392981499,59.927609817374105,60.08495187359455,60.24229392981499,60.24229392981499,59.927609817374105,60.24229392981499,59.927609817374105,59.77026776115365,59.927609817374105,60.08495187359455,59.77026776115365,59.927609817374105,59.77026776115365,60.08495187359455,60.08495187359455,59.927609817374105,59.927609817374105,59.927609817374105,59.927609817374105,59.77026776115365,59.927609817374105,59.927609817374105,59.927609817374105,59.77026776115365,59.927609817374105,59.77026776115365,60.24229392981499,60.24229392981499,59.927609817374105,59.927609817374105,60.08495187359455,60.08495187359455,59.77026776115365,60.24229392981499,60.08495187359455,59.77026776115365,60.24229392981499,60.24229392981499,59.927609817374105,59.77026776115365,60.08495187359455,59.77026776115365,60.08495187359455,59.927609817374105,59.77026776115365,59.927609817374105,60.24229392981499,59.77026776115365,59.77026776115365,59.927609817374105,60.08495187359455,60.08495187359455,60.08495187359455,59.77026776115365,60.24229392981499,60.08495187359455,59.77026776115365,59.927609817374105,59.927609817374105,60.08495187359455,60.24229392981499,60.08495187359455,59.927609817374105,60.08495187359455,60.24229392981499,60.08495187359455,60.24229392981499,59.77026776115365,59.927609817374105,60.24229392981499,59.927609817374105,59.927609817374105,60.08495187359455,59.77026776115365,59.77026776115365,60.08495187359455,59.77026776115365,60.08495187359455,59.77026776115365,59.77026776115365,60.24229392981499,59.77026776115365,60.24229392981499,59.77026776115365,60.24229392981499,59.927609817374105,60.08495187359455,60.08495187359455,60.08495187359455,60.08495187359455,59.927609817374105,60.24229392981499,60.08495187359455,60.24229392981499
59.7207545266787,59.7207545266787,60.04149025666653,59.88112239167261,60.04149025666653,59.7207545266787,59.7207545266787,60.20185812166044,60.20185812166044,59.88112239167261,60.04149025666653,59.7207545266787,60.04149025666653,60.04149025666653,59.7207545266787,60.20185812166044,60.20185812166044,60.04149025666653,60.20185812166044,60.04149025666653,59.7207545266787,60.04149025666653,59.7207545266787,60.20185812166044,60.20185812166044,59.88112239167261,60.20185812166044,59.88112239167261,59.7207545266787,59.88112239167261,60.04149025666653,60.20185812166044,59.7207545266787,60.04149025666653,60.20185812166044,59.7207545266787,59.7207545266787,59.7207545266787,60.20185812166044,59.7207545266787,59.7207545266787,59.7207545266787,60.04149025666653,59.7207545266787,60.20185812166044,60.04149025666653,60.20185812166044,60.20185812166044,59.88112239167261,60.04149025666653,59.88112239167261,59.88112239167261,60.04149025666653,60.04149025666653,60.04149025666653,59.88112239167261,60.04149025666653,59.88112239167261,59.88112239167261,60.04149025666653,59.7207545266787,60.04149025666653,59.7207545266787,59.7207545266787,59.7207545266787,59.88112239167261,59.7207545266787,59.7207545266787,59.7207545266787,59.7207545266787,59.88112239167261,59.7207545266787,60.20185812166044,60.20185812166044,60.20185812166044,60.20185812166044,60.20185812166044,60.04149025666653,59.88112239167261,59.7207545266787,60.20185812166044,59.88112239167261,60.04149025666653,60.20185812166044,59.88112239167261,59.7207545266787,59.88112239167261,59.7207545266787,60.20185812166044,59.88112239167261,60.20185812166044,59.7207545266787,59.88112239167261,59.7207545266787,59.88112239167261,60.04149025666653,60.20185812166044,60.04149025666653,60.04149025666653,60.04149025666653,59.88112239167261,60.20185812166044,59.7207545266787,60.20185812166044,59.88112239167261,60.04149025666653,60.04149025666653,60.04149025666653,60.20185812166044,60.20185812166044,60.20185812166044,59.88112239167261,59.88112239167261,60.04149025666653,60.20185812166044,60.04149025666653,59.88112239167261,59.7207545266787,59.7207545266787,59.88112239167261,60.04149025666653,60.04149025666653,60.04149025666653,60.20185812166044,59.7207545266787,59.7207545266787,59.88112239167261,60.20185812166044,59.88112239167261,60.20185812166044,59.88112239167261,60.04149025666653,59.7207545266787,60.20185812166044,59.88112239167261,60.20185812166044,60.04149025666653,60.04149025666653,60.20185812166044,60.04149025666653,59.7207545266787,59.88112239167261,60.04149025666653,60.20185812166044,59.88112239167261,60.04149025666653,60.04149025666653,59.88112239167261,59.7207545266787,60.20185812166044,59.7207545266787,59.7207545266787,59.88112239167261,60.04149025666653,59.88112239167261,60.04149025666653,60.04149025666653,60.04149025666653,60.04149025666653,59.7207545266787,59.88112239167261,59.7207545266787,59.88112239167261,60.20185812166044,60.20185812166044,60.04149025666653,60.20185812166044,60.04149025666653,59.7207545266787,60.04149025666653,59.88112239167261,60.20185812166044,60.04149025666653,59.88112239167261,59.88112239167261,59.88112239167261,59.7207545266787,60.04149025666653,60.04149025666653,60.20185812166044,60.04149025666653,59.88112239167261,59.7207545266787,60.04149025666653,60.04149025666653,60.04149025666653,59.88112239167261,59.88112239167261,59.7207545266787,59.7207545266787,60.04149025666653,59.7207545266787,59.88112239167261,60.20185812166044,60.20185812166044,59.7207545266787,59.88112239167261,59.88112239167261,59.7207545266787,60.20185812166044
59.83463496597111,60.16142231350589,59.67124129220374,60.16142231350589,59.9980286397385,59.67124129220374,59.9980286397385,60.16142231350589,59.67124129220374,59.83463496597111,59.83463496597111,59.67124129220374,60.16142231350589,60.16142231350589,59.83463496597111,59.9980286397385,60.16142231350589,59.83463496597111,59.9980286397385,59.9980286397385,59.67124129220374,59.9980286397385,60.16142231350589,59.67124129220374,59.67124129220374,59.83463496597111,59.67124129220374,59.9980286397385,59.67124129220374,59.83463496597111,59.67124129220374,59.9980286397385,59.67124129220374,59.67124129220374,59.83463496597111,59.83463496597111,59.9980286397385,59.9980286397385,59.67124129220374,59.67124129220374,59.9980286397385,59.83463496597111,59.67124129220374,59.9980286397385,59.83463496597111,60.16142231350589,59.83463496597111,59.83463496597111,59.83463496597111,59.67124129220374,59.83463496597111,59.9980286397385,59.67124129220374,60.16142231350589,59.67124129220374,59.67124129220374,59.67124129220374,59.67124129220374,59.67124129220374,59.9980286397385,60.16142231350589,59.83463496597111,60.16142231350589,60.16142231350589,59.83463496597111,60.16142231350589,59.9980286397385,59.83463496597111,59.9980286397385,59.83463496597111,59.9980286397385,59.9980286397385,59.67124129220374,59.67124129220374,59.83463496597111,60.16142231350589,60.16142231350589,59.83463496597111,59.67124129220374,59.83463496597111,59.83463496597111,60.16142231350589,60.16142231350589,60.16142231350589,60.16142231350589,59.83463496597111,60.16142231350589,60.16142231350589,59.9980286397385,59.9980286397385,60.16142231350589,60.16142231350589,59.67124129220374,59.83463496597111,59.67124129220374,59.9980286397385,59.83463496597111,60.16142231350589,60.16142231350589,59.67124129220374,60.16142231350589,59.9980286397385,59.83463496597111,60.16142231350589,59.83463496597111,59.83463496597111,60.16142231350589,59.83463496597111,59.9980286397385,59.9980286397385,59.83463496597111,59.83463496597111,59.83463496597111,59.9980286397385,60.16142231350589,59.83463496597111,59.67124129220374,59.9980286397385,60.16142231350589,59.83463496597111,60.16142231350589,59.83463496597111,60.16142231350589,59.67124129220374,59.9980286397385,59.67124129220374,59.83463496597111,60.16142231350589,59.83463496597111,60.16142231350589,59.9980286397385,59.9980286397385,59.9980286397385,59.67124129220374,59.67124129220374,59.9980286397385,59.83463496597111,59.83463496597111,59.83463496597111,59.83463496597111,59.83463496597111,60.16142231350589,60.16142231350589,59.9980286397385,60.16142231350589,60.16142231350589,60.16142231350589,60.16142231350589,59.83463496597111,59.9980286397385,60.16142231350589,60.16142231350589,59.9980286397385,60.16142231350589,59.67124129220374,59.9980286397385,59.9980286397385,59.83463496597111,60.16142231350589,59.9980286397385,59.9980286397385,59.83463496597111,59.9980286397385,59.9980286397385,59.67124129220374,59.9980286397385,59.67124129220374,59.83463496597111,59.83463496597111,59.9980286397385,59.67124129220374,59.9980286397385,59.67124129220374,59.9980286397385,59.9980286397385,59.67124129220374,59.9980286397385,59.83463496597111,59.83463496597111,59.67124129220374,59.83463496597111,59.67124129220374,59.67124129220374,59.83463496597111,59.9980286397385,59.83463496597111,60.16142231350589,59.9980286397385,59.9980286397385,59.9980286397385,60.16142231350589,59.9980286397385,59.83463496597111,60.16142231350589,59.67124129220374,59.83463496597111,59.67124129220374,60.16142231350589,59.67124129220374,59.83463496597111
60.120986505351325,59.78814754026962,60.120986505351325,60.120986505351325,59.78814754026962,59.78814754026962,59.954567022810465,59.78814754026962,59.78814754026962,59.954567022810465,59.954567022810465,59.954567022810465,59.954567022810465,60.120986505351325,59.621728057728774,59.621728057728774,59.954567022810465,59.954567022810465,60.120986505351325,59.954567022810465,59.78814754026962,59.78814754026962,59.78814754026962,59.954567022810465,59.621728057728774,59.78814754026962,60.120986505351325,60.120986505351325,60.120986505351325,59.78814754026962,59.954567022810465,60.120986505351325,59.78814754026962,59.621728057728774,59.954567022810465,59.954567022810465,60.120986505351325,59.78814754026962,60.120986505351325,59.621728057728774,59.78814754026962,59.621728057728774,59.78814754026962,59.954567022810465,59.78814754026962,59.78814754026962,59.621728057728774,59.954567022810465,59.621728057728774,59.954567022810465,59.954567022810465,59.621728057728774,59.621728057728774,60.120986505351325,59.621728057728774,59.621728057728774,59.78814754026962,60.120986505351325,59.954567022810465,60.120986505351325,59.78814754026962,59.954567022810465,59.621728057728774,60.120986505351325,59.78814754026962,59.954567022810465,59.78814754026962,59.621728057728774,60.120986505351325,59.954567022810465,60.120986505351325,59.621728057728774,59.954567022810465,59.78814754026962,60.120986505351325,60.120986505351325,60.120986505351325,59.621728057728774,59.78814754026962,59.78814754026962,59.78814754026962,59.621728057728774,59.954567022810465,60.120986505351325,59.78814754026962,59.954567022810465,59.78814754026962,60.120986505351325,60.120986505351325,59.78814754026962,59.954567022810465,60.120986505351325,59.621728057728774,60.120986505351325,59.954567022810465,60.120986505351325,60.120986505351325,59.954567022810465,60.120986505351325,59.954567022810465,59.621728057728774,59.621728057728774,59.621728057728774,59.621728057728774,59.78814754026962,59.621728057728774,60.120986505351325,59.621728057728774,60.120986505351325,59.954567022810465,59.621728057728774,59.954567022810465,59.621728057728774,60.120986505351325,60.120986505351325,59.78814754026962,59.954567022810465,59.78814754026962,59.78814754026962,59.621728057728774,59.621728057728774,59.621728057728774,60.120986505351325,59.621728057728774,60.120986505351325,59.954567022810465,60.120986505351325,59.78814754026962,60.120986505351325,59.621728057728774,60.120986505351325,59.78814754026962,60.120986505351325,60.120986505351325,59.954567022810465,59.78814754026962,59.78814754026962,60.120986505351325,59.954567022810465,59.78814754026962,59.78814754026962,59.954567022810465,59.621728057728774,60.120986505351325,59.78814754026962,59.78814754026962,60.120986505351325,59.954567022810465,59.78814754026962,60.120986505351325,59.78814754026962,59.954567022810465,60.120986505351325,60.120986505351325,60.120986505351325,59.78814754026962,59.954567022810465,60.120986505351325,59.78814754026962,59.954567022810465,60.120986505351325,59.78814754026962,59.78814754026962,59.954567022810465,59.78814754026962,59.621728057728774,59.954567022810465,59.954567022810465,59.621728057728774,59.621728057728774,59.621728057728774,59.954567022810465,59.621728057728774,59.954567022810465,59.954567022810465,59.621728057728774,59.78814754026962,59.621728057728774,59.78814754026962,59.621728057728774,59.621728057728774,59.954567022810465,59.954567022810465,59.78814754026962,59.954567022810465,59.78814754026962,59.954567022810465,59.954567022810465,59.78814754026962,60.120986505351325,60.120986505351325,60.120986505351325,59.78814754026962,59.78814754026962,59.78814754026962,59.621728057728774,59.954567022810465,59.78814754026962,59.78814754026962,60.120986505351325
59.911105405882445,60.08055069719676,59.5722148232538,59.74166011456813,59.74166011456813,59.911105405882445,59.911105405882445,59.5722148232538,59.911105405882445,59.911105405882445,60.08055069719676,60.08055069719676,59.5722148232538,60.08055069719676,60.08055069719676,60.08055069719676,59.911105405882445,59.5722148232538,59.74166011456813,59.911105405882445,59.74166011456813,59.5722148232538,59.5722148232538,59.911105405882445,59.911105405882445,59.74166011456813,59.74166011456813,59.74166011456813,60.08055069719676,60.08055069719676,59.911105405882445,59.74166011456813,59.74166011456813,59.5722148232538,59.5722148232538,59.74166011456813,59.911105405882445,59.5722148232538,59.911105405882445,59.74166011456813,59.5722148232538,59.74166011456813,59.5722148232538,59.911105405882445,59.74166011456813,59.5722148232538,59.5722148232538,59.5722148232538,59.5722148232538,60.08055069719676,59.911105405882445,60.08055069719676,59.911105405882445,59.911105405882445,59.5722148232538,59.911105405882445,59.74166011456813,59.911105405882445,59.74166011456813,59.74166011456813,59.5722148232538,59.74166011456813,59.74166011456813,59.74166011456813,60.08055069719676,59.911105405882445,59.5722148232538,59.74166011456813,59.74166011456813,59.74166011456813,60.08055069719676,59.74166011456813,59.911105405882445,59.911105405882445,59.5722148232538,59.5722148232538,59.5722148232538,60.08055069719676,59.5722148232538,59.911105405882445,60.08055069719676,59.911105405882445,60.08055069719676,59.5722148232538,59.74166011456813,59.911105405882445,59.911105405882445,59.74166011456813,59.74166011456813,59.911105405882445,59.74166011456813,60.08055069719676,59.911105405882445,59.74166011456813,59.911105405882445,59.74166011456813,59.911105405882445,59.74166011456813,59.5722148232538,59.74166011456813,59.74166011456813,59.5722148232538,59.74166011456813,59.5722148232538,59.5722148232538,59.911105405882445,59.911105405882445,59.5722148232538,60.08055069719676,59.74166011456813,59.911105405882445,59.911105405882445,59.74166011456813,59.5722148232538,59.5722148232538,59.911105405882445,59.5722148232538,59.911105405882445,59.74166011456813,59.5722148232538,59.911105405882445,59.74166011456813,59.74166011456813,59.911105405882445,59.5722148232538,59.74166011456813,59.74166011456813,59.74166011456813,60.08055069719676,60.08055069719676,59.911105405882445,59.911105405882445,60.08055069719676,60.08055069719676,59.74166011456813,59.5722148232538,60.08055069719676,59.5722148232538,60.08055069719676,59.74166011456813,60.08055069719676,59.911105405882445,59.911105405882445,59.911105405882445,59.74166011456813,59.911105405882445,59.5722148232538,60.08055069719676,60.08055069719676,60.08055069719676,59.5722148232538,59.5722148232538,59.74166011456813,60.08055069719676,59.5722148232538,59.5722148232538,59.5722148232538,59.5722148232538,59.74166011456813,59.74166011456813,59.5722148232538,59.5722148232538,59.911105405882445,60.08055069719676,60.08055069719676,59.74166011456813,60.08055069719676,59.5722148232538,60.08055069719676,59.5722148232538,59.74166011456813,60.08055069719676,59.74166011456813,60.08055069719676,60.08055069719676,59.74166011456813,60.08055069719676,59.911105405882445,60.08055069719676,59.74166011456813,60.08055069719676,59.74166011456813,60.08055069719676,60.08055069719676,60.08055069719676,59.5722148232538,59.74166011456813,59.5722148232538,60.08055069719676,59.74166011456813,59.911105405882445,59.74166011456813,59.74166011456813,60.08055069719676,59.5722148232538,59.5722148232538,59.5722148232538,59.74166011456813,60.08055069719676,59.5722148232538
59.69517268886663,59.52270158877884,59.69517268886663,59.69517268886663,60.040114889042215,59.867643788954425,59.867643788954425,59.69517268886663,59.52270158877884,60.040114889042215,59.867643788954425,60.040114889042215,59.52270158877884,59.867643788954425,59.867643788954425,60.040114889042215,59.867643788954425,59.52270158877884,59.69517268886663,59.867643788954425,59.867643788954425,59.867643788954425,59.52270158877884,59.867643788954425,60.040114889042215,60.040114889042215,60.040114889042215,59.52270158877884,59.69517268886663,59.867643788954425,59.867643788954425,60.040114889042215,59.69517268886663,60.040114889042215,60.040114889042215,59.52270158877884,59.867643788954425,59.867643788954425,59.52270158877884,59.867643788954425,59.69517268886663,59.867643788954425,59.867643788954425,59.69517268886663,59.867643788954425,59.867643788954425,59.52270158877884,59.52270158877884,59.52270158877884,60.040114889042215,59.52270158877884,59.867643788954425,60.040114889042215,59.69517268886663,59.69517268886663,59.69517268886663,59.52270158877884,60.040114889042215,59.52270158877884,60.040114889042215,60.040114889042215,59.867643788954425,59.52270158877884,60.040114889042215,60.040114889042215,59.52270158877884,59.52270158877884,60.040114889042215,59.69517268886663,60.040114889042215,59.867643788954425,59.52270158877884,60.040114889042215,59.69517268886663,60.040114889042215,59.69517268886663,59.867643788954425,60.040114889042215,59.52270158877884,59.52270158877884,59.69517268886663,59.867643788954425,59.69517268886663,59.52270158877884,59.867643788954425,59.52270158877884,59.867643788954425,59.69517268886663,59.52270158877884,59.867643788954425,59.867643788954425,60.040114889042215,59.867643788954425,60.040114889042215,59.867643788954425,59.52270158877884,59.69517268886663,60.040114889042215,59.69517268886663,59.52270158877884,59.867643788954425,60.040114889042215,59.867643788954425,60.040114889042215,59.52270158877884,59.69517268886663,60.040114889042215,59.867643788954425,60.040114889042215,60.040114889042215,60.040114889042215,59.52270158877884,59.52270158877884,59.52270158877884,59.52270158877884,59.52270158877884,59.69517268886663,59.69517268886663,59.867643788954425,60.040114889042215,59.867643788954425,59.867643788954425,60.040114889042215,59.69517268886663,60.040114889042215,59.69517268886663,59.52270158877884,59.867643788954425,59.69517268886663,60.040114889042215,59.52270158877884,60.040114889042215,59.69517268886663,59.52270158877884,60.040114889042215,59.867643788954425,60.040114889042215,60.040114889042215,60.040114889042215,59.52270158877884,59.867643788954425,59.867643788954425,59.52270158877884,59.867643788954425,59.69517268886663,60.040114889042215,60.040114889042215,59.69517268886663,59.867643788954425,59.867643788954425,59.69517268886663,59.52270158877884,59.52270158877884,59.69517268886663,60.040114889042215,59.52270158877884,59.52270158877884,59.867643788954425,59.52270158877884,60.040114889042215,60.040114889042215,59.867643788954425,59.69517268886663,59.52270158877884,60.040114889042215,59.52270158877884,59.867643788954425,59.52270158877884,59.867643788954425,59.69517268886663,59.69517268886663,59.867643788954425,59.867643788954425,59.69517268886663,59.69517268886663,60.040114889042215,59.52270158877884,60.040114889042215,59.52270158877884,60.040114889042215,59.52270158877884,60.040114889042215,59.867643788954425,59.52270158877884,59.52270158877884,59.52270158877884,59.69517268886663,60.040114889042215,59.69517268886663,59.867643788954425,59.69517268886663,60.040114889042215,59.69517268886663,59.867643788954425,59.69517268886663,60.040114889042215,60.040114889042215,59.867643788954425,59.69517268886663,60.040114889042215
59.99967908088767,59.473188354303865,59.99967908088767,59.8241821720264,59.473188354303865,59.8241821720264,59.8241821720264,59.473188354303865,59.64868526316513,59.473188354303865,59.64868526316513,59.473188354303865,59.473188354303865,59.473188354303865,59.64868526316513,59.8241821720264,59.64868526316513,59.99967908088767,59.8241821720264,59.8241821720264,59.99967908088767,59.8241821720264,59.473188354303865,59.64868526316513,59.64868526316513,59.99967908088767,59.99967908088767,59.473188354303865,59.8241821720264,59.64868526316513,59.64868526316513,59.473188354303865,59.99967908088767,59.64868526316513,59.99967908088767,59.8241821720264,59.64868526316513,59.64868526316513,59.8241821720264,59.64868526316513,59.8241821720264,59.99967908088767,59.99967908088767,59.99967908088767,59.473188354303865,59.8241821720264,59.99967908088767,59.473188354303865,59.8241821720264,59.8241821720264,59.99967908088767,59.8241821720264,59.64868526316513,59.8241821720264,59.8241821720264,59.64868526316513,59.8241821720264,59.8241821720264,59.64868526316513,59.473188354303865,59.64868526316513,59.64868526316513,59.8241821720264,59.64868526316513,59.8241821720264,59.64868526316513,59.473188354303865,59.473188354303865,59.473188354303865,59.64868526316513,59.99967908088767,59.64868526316513,59.64868526316513,59.473188354303865,59.473188354303865,59.8241821720264,59.473188354303865,59.473188354303865,59.473188354303865,59.473188354303865,59.8241821720264,59.64868526316513,59.473188354303865,59.8241821720264,59.473188354303865,59.64868526316513,59.473188354303865,59.64868526316513,59.99967908088767,59.99967908088767,59.99967908088767,59.64868526316513,59.473188354303865,59.64868526316513,59.99967908088767,59.64868526316513,59.8241821720264,59.473188354303865,59.8241821720264,59.8241821720264,59.8241821720264,59.99967908088767,59.8241821720264,59.64868526316513,59.99967908088767,59.99967908088767,59.99967908088767,59.99967908088767,59.64868526316513,59.8241821720264,59.99967908088767,59.64868526316513,59.99967908088767,59.99967908088767,59.64868526316513,59.99967908088767,59.99967908088767,59.64868526316513,59.64868526316513,59.64868526316513,59.473188354303865,59.64868526316513,59.99967908088767,59.99967908088767,59.99967908088767,59.473188354303865,59.99967908088767,59.99967908088767,59.473188354303865,59.99967908088767,59.64868526316513,59.473188354303865,59.64868526316513,59.99967908088767,59.473188354303865,59.473188354303865,59.473188354303865,59.99967908088767,59.64868526316513,59.8241821720264,59.8241821720264,59.99967908088767,59.99967908088767,59.64868526316513,59.64868526316513,59.64868526316513,59.473188354303865,59.473188354303865,59.473188354303865,59.99967908088767,59.64868526316513,59.99967908088767,59.473188354303865,59.99967908088767,59.8241821720264,59.99967908088767,59.64868526316513,59.64868526316513,59.99967908088767,59.64868526316513,59.473188354303865,59.8241821720264,59.8241821720264,59.64868526316513,59.473188354303865,59.64868526316513,59.99967908088767,59.99967908088767,59.64868526316513,59.473188354303865,59.8241821720264,59.99967908088767,59.99967908088767,59.64868526316513,59.473188354303865,59.64868526316513,59.99967908088767,59.8241821720264,59.64868526316513,59.99967908088767,59.99967908088767,59.473188354303865,59.8241821720264,59.8241821720264,59.64868526316513,59.8241821720264,59.473188354303865,59.8241821720264,59.8241821720264,59.473188354303865,59.99967908088767,59.99967908088767,59.64868526316513,59.99967908088767,59.473188354303865,59.99967908088767,59.473188354303865,59.99967908088767,59.473188354303865,59.473188354303865
59.95924327273311,59.95924327273311,59.78072055509838,59.95924327273311,59.78072055509838,59.78072055509838,59.4236751198289,59.95924327273311,59.60219783746364,59.95924327273311,59.4236751198289,59.4236751198289,59.60219783746364,59.78072055509838,59.78072055509838,59.78072055509838,59.78072055509838,59.60219783746364,59.95924327273311,59.95924327273311,59.4236751198289,59.95924327273311,59.95924327273311,59.60219783746364,59.78072055509838,59.4236751198289,59.4236751198289,59.60219783746364,59.4236751198289,59.60219783746364,59.78072055509838,59.78072055509838,59.78072055509838,59.60219783746364,59.78072055509838,59.60219783746364,59.4236751198289,59.4236751198289,59.60219783746364,59.95924327273311,59.60219783746364,59.78072055509838,59.4236751198289,59.78072055509838,59.78072055509838,59.78072055509838,59.60219783746364,59.78072055509838,59.95924327273311,59.78072055509838,59.4236751198289,59.60219783746364,59.78072055509838,59.4236751198289,59.78072055509838,59.4236751198289,59.95924327273311,59.78072055509838,59.78072055509838,59.95924327273311,59.95924327273311,59.95924327273311,59.78072055509838,59.4236751198289,59.78072055509838,59.95924327273311,59.4236751198289,59.95924327273311,59.78072055509838,59.4236751198289,59.4236751198289,59.95924327273311,59.4236751198289,59.95924327273311,59.95924327273311,59.78072055509838,59.78072055509838,59.95924327273311,59.4236751198289,59.60219783746364,59.95924327273311,59.78072055509838,59.78072055509838,59.4236751198289,59.60219783746364,59.95924327273311,59.78072055509838,59.95924327273311,59.60219783746364,59.4236751198289,59.4236751198289,59.60219783746364,59.4236751198289,59.78072055509838,59.78072055509838,59.4236751198289,59.60219783746364,59.95924327273311,59.78072055509838,59.60219783746364,59.95924327273311,59.95924327273311,59.4236751198289,59.60219783746364,59.78072055509838,59.4236751198289,59.4236751198289,59.78072055509838,59.60219783746364,59.60219783746364,59.95924327273311,59.78072055509838,59.60219783746364,59.78072055509838,59.4236751198289,59.95924327273311,59.60219783746364,59.60219783746364,59.60219783746364,59.60219783746364,59.95924327273311,59.78072055509838,59.60219783746364,59.78072055509838,59.95924327273311,59.60219783746364,59.60219783746364,59.95924327273311,59.78072055509838,59.78072055509838,59.60219783746364,59.95924327273311,59.60219783746364,59.4236751198289,59.60219783746364,59.60219783746364,59.95924327273311,59.4236751198289,59.60219783746364,59.4236751198289,59.4236751198289,59.78072055509838,59.60219783746364,59.4236751198289,59.78072055509838,59.78072055509838,59.95924327273311,59.60219783746364,59.95924327273311,59.78072055509838,59.78072055509838,59.78072055509838,59.4236751198289,59.60219783746364,59.4236751198289,59.78072055509838,59.60219783746364,59.60219783746364,59.60219783746364,59.60219783746364,59.4236751198289,59.95924327273311,59.78072055509838,59.95924327273311,59.4236751198289,59.4236751198289,59.78072055509838,59.60219783746364,59.4236751198289,59.4236751198289,59.95924327273311,59.78072055509838,59.4236751198289,59.78072055509838,59.78072055509838,59.60219783746364,59.78072055509838,59.95924327273311,59.60219783746364,59.78072055509838,59.4236751198289,59.78072055509838,59.4236751198289,59.95924327273311,59.4236751198289,59.95924327273311,59.95924327273311,59.60219783746364,59.78072055509838,59.95924327273311,59.95924327273311,59.60219783746364,59.60219783746364,59.4236751198289,59.4236751198289,59.4236751198289,59.4236751198289,59.78072055509838,59.4236751198289,59.95924327273311
59.737258938170356,59.737258938170356,59.374161885353935,59.737258938170356,59.55571041176215,59.374161885353935,59.737258938170356,59.91880746457856,59.55571041176215,59.737258938170356,59.55571041176215,59.55571041176215,59.737258938170356,59.737258938170356,59.737258938170356,59.91880746457856,59.55571041176215,59.374161885353935,59.737258938170356,59.737258938170356,59.374161885353935,59.737258938170356,59.737258938170356,59.737258938170356,59.374161885353935,59.55571041176215,59.737258938170356,59.55571041176215,59.737258938170356,59.55571041176215,59.374161885353935,59.737258938170356,59.91880746457856,59.374161885353935,59.55571041176215,59.374161885353935,59.91880746457856,59.91880746457856,59.737258938170356,59.374161885353935,59.91880746457856,59.55571041176215,59.374161885353935,59.91880746457856,59.737258938170356,59.91880746457856,59.737258938170356,59.55571041176215,59.737258938170356,59.374161885353935,59.55571041176215,59.737258938170356,59.737258938170356,59.55571041176215,59.374161885353935,59.91880746457856,59.91880746457856,59.55571041176215,59.55571041176215,59.374161885353935,59.91880746457856,59.91880746457856,59.737258938170356,59.55571041176215,59.55571041176215,59.55571041176215,59.737258938170356,59.374161885353935,59.737258938170356,59.91880746457856,59.55571041176215,59.91880746457856,59.737258938170356,59.374161885353935,59.91880746457856,59.737258938170356,59.55571041176215,59.91880746457856,59.737258938170356,59.737258938170356,59.91880746457856,59.374161885353935,59.374161885353935,59.737258938170356,59.737258938170356,59.91880746457856,59.737258938170356,59.55571041176215,59.374161885353935,59.374161885353935,59.91880746457856,59.737258938170356,59.91880746457856,59.737258938170356,59.374161885353935,59.374161885353935,59.91880746457856,59.737258938170356,59.374161885353935,59.91880746457856,59.374161885353935,59.374161885353935,59.737258938170356,59.91880746457856,59.55571041176215,59.374161885353935,59.737258938170356,59.55571041176215,59.55571041176215,59.737258938170356,59.737258938170356,59.55571041176215,59.374161885353935,59.91880746457856,59.91880746457856,59.55571041176215,59.91880746457856,59.91880746457856,59.374161885353935,59.737258938170356,59.91880746457856,59.55571041176215,59.374161885353935,59.55571041176215,59.91880746457856,59.374161885353935,59.91880746457856,59.374161885353935,59.91880746457856,59.374161885353935,59.737258938170356,59.374161885353935,59.737258938170356,59.91880746457856,59.737258938170356,59.91880746457856,59.737258938170356,59.737258938170356,59.374161885353935,59.91880746457856,59.55571041176215,59.55571041176215,59.374161885353935,59.91880746457856,59.55571041176215,59.374161885353935,59.737258938170356,59.737258938170356,59.91880746457856,59.374161885353935,59.91880746457856,59.737258938170356,59.737258938170356,59.374161885353935,59.374161885353935,59.91880746457856,59.55571041176215,59.737258938170356,59.737258938170356,59.374161885353935,59.737258938170356,59.374161885353935,59.374161885353935,59.91880746457856,59.374161885353935,59.55571041176215,59.737258938170356,59.374161885353935,59.737258938170356,59.55571041176215,59.374161885353935,59.737258938170356,59.55571041176215,59.737258938170356,59.55571041176215,59.91880746457856,59.374161885353935,59.55571041176215,59.55571041176215,59.55571041176215,59.737258938170356,59.91880746457856,59.737258938170356,59.91880746457856,59.737258938170356,59.737258938170356,59.374161885353935,59.374161885353935,59.91880746457856,59.91880746457856,59.737258938170356,59.55571041176215,59.91880746457856,59.91880746457856,59.374161885353935,59.737258938170356,59.91880746457856,59.55571041176215,59.91880746457856,59.737258938170356
59.50922298606065,59.50922298606065,59.50922298606065,59.69379732124233,59.50922298606065,59.50922298606065,59.50922298606065,59.69379732124233,59.69379732124233,59.69379732124233,59.878371656424,59.50922298606065,59.50922298606065,59.878371656424,59.69379732124233,59.878371656424,59.69379732124233,59.69379732124233,59.69379732124233,59.50922298606065,59.69379732124233,59.324648650878984,59.50922298606065,59.69379732124233,59.69379732124233,59.69379732124233,59.69379732124233,59.50922298606065,59.69379732124233,59.50922298606065,59.69379732124233,59.878371656424,59.324648650878984,59.324648650878984,59.69379732124233,59.878371656424,59.878371656424,59.324648650878984,59.878371656424,59.69379732124233,59.324648650878984,59.50922298606065,59.69379732124233,59.69379732124233,59.69379732124233,59.50922298606065,59.878371656424,59.324648650878984,59.324648650878984,59.878371656424,59.69379732124233,59.324648650878984,59.324648650878984,59.69379732124233,59.324648650878984,59.324648650878984,59.324648650878984,59.50922298606065,59.50922298606065,59.324648650878984,59.878371656424,59.69379732124233,59.50922298606065,59.878371656424,59.50922298606065,59.50922298606065,59.878371656424,59.69379732124233,59.324648650878984,59.69379732124233,59.50922298606065,59.324648650878984,59.324648650878984,59.50922298606065,59.878371656424,59.878371656424,59.878371656424,59.324648650878984,59.324648650878984,59.324648650878984,59.324648650878984,59.878371656424,59.324648650878984,59.69379732124233,59.878371656424,59.878371656424,59.878371656424,59.878371656424,59.878371656424,59.69379732124233,59.50922298606065,59.324648650878984,59.69379732124233,59.878371656424,59.324648650878984,59.69379732124233,59.878371656424,59.878371656424,59.878371656424,59.69379732124233,59.878371656424,59.50922298606065,59.69379732124233,59.69379732124233,59.50922298606065,59.50922298606065,59.50922298606065,59.50922298606065,59.324648650878984,59.69379732124233,59.324648650878984,59.50922298606065,59.50922298606065,59.324648650878984,59.69379732124233,59.878371656424,59.878371656424,59.878371656424,59.50922298606065,59.878371656424,59.50922298606065,59.69379732124233,59.50922298606065,59.878371656424,59.878371656424,59.878371656424,59.324648650878984,59.69379732124233,59.69379732124233,59.878371656424,59.69379732124233,59.69379732124233,59.69379732124233,59.50922298606065,59.69379732124233,59.50922298606065,59.69379732124233,59.50922298606065,59.69379732124233,59.69379732124233,59.50922298606065,59.50922298606065,59.878371656424,59.50922298606065,59.878371656424,59.50922298606065,59.324648650878984,59.324648650878984,59.878371656424,59.324648650878984,59.324648650878984,59.878371656424,59.324648650878984,59.50922298606065,59.69379732124233,59.878371656424,59.878371656424,59.50922298606065,59.50922298606065,59.69379732124233,59.50922298606065,59.324648650878984,59.50922298606065,59.50922298606065,59.69379732124233,59.324648650878984,59.324648650878984,59.69379732124233,59.324648650878984,59.324648650878984,59.324648650878984,59.69379732124233,59.324648650878984,59.324648650878984,59.50922298606065,59.69379732124233,59.69379732124233,59.69379732124233,59.69379732124233,59.50922298606065,59.50922298606065,59.50922298606065,59.69379732124233,59.878371656424,59.878371656424,59.878371656424,59.878371656424,59.324648650878984,59.69379732124233,59.878371656424,59.50922298606065,59.50922298606065,59.878371656424,59.878371656424,59.69379732124233,59.69379732124233,59.50922298606065,59.50922298606065,59.324648650878984,59.324648650878984
59.27513541640401,59.27513541640401,59.46273556035915,59.27513541640401,59.27513541640401,59.83793584826944,59.46273556035915,59.27513541640401,59.650335704314294,59.46273556035915,59.650335704314294,59.27513541640401,59.83793584826944,59.46273556035915,59.650335704314294,59.27513541640401,59.46273556035915,59.83793584826944,59.27513541640401,59.83793584826944,59.46273556035915,59.27513541640401,59.83793584826944,59.46273556035915,59.46273556035915,59.83793584826944,59.46273556035915,59.27513541640401,59.83793584826944,59.46273556035915,59.46273556035915,59.46273556035915,59.650335704314294,59.46273556035915,59.46273556035915,59.83793584826944,59.650335704314294,59.83793584826944,59.27513541640401,59.650335704314294,59.27513541640401,59.83793584826944,59.46273556035915,59.46273556035915,59.27513541640401,59.83793584826944,59.46273556035915,59.46273556035915,59.27513541640401,59.83793584826944,59.46273556035915,59.46273556035915,59.46273556035915,59.27513541640401,59.46273556035915,59.27513541640401,59.650335704314294,59.83793584826944,59.46273556035915,59.27513541640401,59.83793584826944,59.27513541640401,59.650335704314294,59.46273556035915,59.83793584826944,59.650335704314294,59.27513541640401,59.83793584826944,59.27513541640401,59.650335704314294,59.83793584826944,59.83793584826944,59.46273556035915,59.46273556035915,59.46273556035915,59.46273556035915,59.27513541640401,59.46273556035915,59.27513541640401,59.46273556035915,59.650335704314294,59.27513541640401,59.650335704314294,59.83793584826944,59.83793584826944,59.27513541640401,59.27513541640401,59.27513541640401,59.27513541640401,59.83793584826944,59.83793584826944,59.650335704314294,59.83793584826944,59.83793584826944,59.650335704314294,59.83793584826944,59.650335704314294,59.83793584826944,59.650335704314294,59.83793584826944,59.27513541640401,59.27513541640401,59.27513541640401,59.46273556035915,59.83793584826944,59.27513541640401,59.650335704314294,59.650335704314294,59.27513541640401,59.650335704314294,59.46273556035915,59.83793584826944,59.27513541640401,59.27513541640401,59.650335704314294,59.46273556035915,59.83793584826944,59.27513541640401,59.650335704314294,59.27513541640401,59.27513541640401,59.83793584826944,59.27513541640401,59.46273556035915,59.650335704314294,59.46273556035915,59.46273556035915,59.27513541640401,59.46273556035915,59.83793584826944,59.83793584826944,59.83793584826944,59.27513541640401,59.27513541640401,59.27513541640401,59.83793584826944,59.46273556035915,59.27513541640401,59.46273556035915,59.83793584826944,59.27513541640401,59.650335704314294,59.27513541640401,59.46273556035915,59.27513541640401,59.27513541640401,59.27513541640401,59.27513541640401,59.46273556035915,59.27513541640401,59.46273556035915,59.83793584826944,59.83793584826944,59.27513541640401,59.650335704314294,59.83793584826944,59.650335704314294,59.83793584826944,59.46273556035915,59.650335704314294,59.27513541640401,59.650335704314294,59.83793584826944,59.650335704314294,59.27513541640401,59.27513541640401,59.83793584826944,59.46273556035915,59.83793584826944,59.27513541640401,59.650335704314294,59.83793584826944,59.83793584826944,59.46273556035915,59.27513541640401,59.650335704314294,59.650335704314294,59.27513541640401,59.83793584826944,59.27513541640401,59.27513541640401,59.27513541640401,59.83793584826944,59.27513541640401,59.83793584826944,59.46273556035915,59.83793584826944,59.650335704314294,59.46273556035915,59.46273556035915,59.27513541640401,59.650335704314294,59.83793584826944,59.83793584826944,59.83793584826944,59.83793584826944,59.46273556035915,59.650335704314294,59.83793584826944,59.650335704314294
59.22562218192905,59.416248134657664,59.606874087386274,59.606874087386274,59.606874087386274,59.79750004011489,59.79750004011489,59.79750004011489,59.416248134657664,59.22562218192905,59.606874087386274,59.79750004011489,59.606874087386274,59.416248134657664,59.606874087386274,59.79750004011489,59.22562218192905,59.416248134657664,59.22562218192905,59.416248134657664,59.416248134657664,59.22562218192905,59.22562218192905,59.606874087386274,59.416248134657664,59.22562218192905,59.79750004011489,59.22562218192905,59.22562218192905,59.79750004011489,59.22562218192905,59.416248134657664,59.22562218192905,59.22562218192905,59.416248134657664,59.79750004011489,59.416248134657664,59.22562218192905,59.416248134657664,59.79750004011489,59.416248134657664,59.416248134657664,59.606874087386274,59.416248134657664,59.79750004011489,59.79750004011489,59.606874087386274,59.606874087386274,59.22562218192905,59.79750004011489,59.79750004011489,59.79750004011489,59.22562218192905,59.22562218192905,59.79750004011489,59.416248134657664,59.416248134657664,59.416248134657664,59.22562218192905,59.22562218192905,59.79750004011489,59.416248134657664,59.79750004011489,59.416248134657664,59.22562218192905,59.606874087386274,59.416248134657664,59.606874087386274,59.22562218192905,59.79750004011489,59.416248134657664,59.606874087386274,59.416248134657664,59.416248134657664,59.22562218192905,59.79750004011489,59.22562218192905,59.416248134657664,59.606874087386274,59.416248134657664,59.606874087386274,59.416248134657664,59.606874087386274,59.79750004011489,59.416248134657664,59.416248134657664,59.22562218192905,59.416248134657664,59.22562218192905,59.416248134657664,59.416248134657664,59.79750004011489,59.22562218192905,59.79750004011489,59.416248134657664,59.416248134657664,59.416248134657664,59.22562218192905,59.22562218192905,59.22562218192905,59.22562218192905,59.79750004011489,59.416248134657664,59.416248134657664,59.416248134657664,59.22562218192905,59.22562218192905,59.416248134657664,59.22562218192905,59.606874087386274,59.416248134657664,59.416248134657664,59.22562218192905,59.606874087386274,59.606874087386274,59.22562218192905,59.416248134657664,59.22562218192905,59.416248134657664,59.22562218192905,59.22562218192905,59.22562218192905,59.416248134657664,59.79750004011489,59.416248134657664,59.22562218192905,59.416248134657664,59.22562218192905,59.79750004011489,59.606874087386274,59.79750004011489,59.416248134657664,59.416248134657664,59.606874087386274,59.22562218192905,59.22562218192905,59.79750004011489,59.416248134657664,59.606874087386274,59.416248134657664,59.416248134657664,59.79750004011489,59.606874087386274,59.79750004011489,59.22562218192905,59.416248134657664,59.606874087386274,59.416248134657664,59.79750004011489,59.22562218192905,59.606874087386274,59.606874087386274,59.606874087386274,59.79750004011489,59.606874087386274,59.22562218192905,59.79750004011489,59.606874087386274,59.22562218192905,59.416248134657664,59.79750004011489,59.606874087386274,59.22562218192905,59.606874087386274,59.416248134657664,59.606874087386274,59.22562218192905,59.606874087386274,59.79750004011489,59.22562218192905,59.22562218192905,59.22562218192905,59.22562218192905,59.416248134657664,59.22562218192905,59.22562218192905,59.22562218192905,59.22562218192905,59.416248134657664,59.416248134657664,59.416248134657664,59.79750004011489,59.416248134657664,59.79750004011489,59.22562218192905,59.79750004011489,59.416248134657664,59.22562218192905,59.416248134657664,59.79750004011489,59.416248134657664,59.79750004011489,59.22562218192905,59.606874087386274,59.79750004011489,59.416248134657664,59.416248134657664,59.22562218192905,59.606874087386274,59.416248134657664
59.56341247045825,59.56341247045825,59.757064231960335,59.56341247045825,59.176108947454075,59.56341247045825,59.176108947454075,59.369760708956164,59.56341247045825,59.757064231960335,59.369760708956164,59.176108947454075,59.757064231960335,59.369760708956164,59.176108947454075,59.369760708956164,59.757064231960335,59.757064231960335,59.56341247045825,59.757064231960335,59.369760708956164,59.56341247045825,59.369760708956164,59.56341247045825,59.176108947454075,59.56341247045825,59.176108947454075,59.176108947454075,59.176108947454075,59.176108947454075,59.176108947454075,59.56341247045825,59.176108947454075,59.176108947454075,59.757064231960335,59.176108947454075,59.56341247045825,59.176108947454075,59.56341247045825,59.757064231960335,59.757064231960335,59.56341247045825,59.757064231960335,59.757064231960335,59.56341247045825,59.56341247045825,59.56341247045825,59.176108947454075,59.757064231960335,59.369760708956164,59.369760708956164,59.369760708956164,59.176108947454075,59.176108947454075,59.757064231960335,59.56341247045825,59.369760708956164,59.757064231960335,59.757064231960335,59.757064231960335,59.176108947454075,59.176108947454075,59.757064231960335,59.176108947454075,59.369760708956164,59.369760708956164,59.176108947454075,59.369760708956164,59.56341247045825,59.757064231960335,59.176108947454075,59.176108947454075,59.757064231960335,59.56341247045825,59.176108947454075,59.757064231960335,59.56341247045825,59.56341247045825,59.369760708956164,59.369760708956164,59.757064231960335,59.176108947454075,59.56341247045825,59.369760708956164,59.757064231960335,59.757064231960335,59.176108947454075,59.56341247045825,59.757064231960335,59.369760708956164,59.176108947454075,59.757064231960335,59.757064231960335,59.176108947454075,59.369760708956164,59.56341247045825,59.369760708956164,59.176108947454075,59.757064231960335,59.757064231960335,59.176108947454075,59.176108947454075,59.369760708956164,59.176108947454075,59.176108947454075,59.369760708956164,59.176108947454075,59.56341247045825,59.56341247045825,59.369760708956164,59.56341247045825,59.757064231960335,59.369760708956164,59.757064231960335,59.757064231960335,59.176108947454075,59.757064231960335,59.56341247045825,59.56341247045825,59.369760708956164,59.757064231960335,59.757064231960335,59.369760708956164,59.369760708956164,59.369760708956164,59.176108947454075,59.369760708956164,59.369760708956164,59.56341247045825,59.757064231960335,59.56341247045825,59.56341247045825,59.757064231960335,59.176108947454075,59.56341247045825,59.56341247045825,59.757064231960335,59.176108947454075,59.56341247045825,59.176108947454075,59.369760708956164,59.369760708956164,59.369760708956164,59.56341247045825,59.757064231960335,59.56341247045825,59.757064231960335,59.757064231960335,59.56341247045825,59.757064231960335,59.757064231960335,59.757064231960335,59.176108947454075,59.176108947454075,59.757064231960335,59.369760708956164,59.369760708956164,59.176108947454075,59.56341247045825,59.757064231960335,59.56341247045825,59.369760708956164,59.56341247045825,59.757064231960335,59.176108947454075,59.757064231960335,59.757064231960335,59.369760708956164,59.176108947454075,59.369760708956164,59.56341247045825,59.369760708956164,59.369760708956164,59.757064231960335,59.176108947454075,59.757064231960335,59.176108947454075,59.757064231960335,59.757064231960335,59.369760708956164,59.176108947454075,59.56341247045825,59.176108947454075,59.56341247045825,59.369760708956164,59.757064231960335,59.56341247045825,59.757064231960335,59.56341247045825,59.757064231960335,59.56341247045825,59.176108947454075,59.757064231960335,59.56341247045825,59.757064231960335,59.56341247045825,59.369760708956164,59.757064231960335,59.176108947454075,59.56341247045825
59.71662842380577,59.323273283254665,59.323273283254665,59.12659571297911,59.519950853530226,59.519950853530226,59.12659571297911,59.12659571297911,59.71662842380577,59.519950853530226,59.71662842380577,59.323273283254665,59.519950853530226,59.519950853530226,59.323273283254665,59.323273283254665,59.323273283254665,59.519950853530226,59.323273283254665,59.519950853530226,59.12659571297911,59.323273283254665,59.71662842380577,59.12659571297911,59.519950853530226,59.323273283254665,59.12659571297911,59.519950853530226,59.519950853530226,59.71662842380577,59.12659571297911,59.519950853530226,59.519950853530226,59.519950853530226,59.519950853530226,59.323273283254665,59.323273283254665,59.519950853530226,59.519950853530226,59.323273283254665,59.519950853530226,59.323273283254665,59.71662842380577,59.323273283254665,59.323273283254665,59.12659571297911,59.71662842380577,59.519950853530226,59.12659571297911,59.323273283254665,59.71662842380577,59.323273283254665,59.519950853530226,59.12659571297911,59.71662842380577,59.12659571297911,59.71662842380577,59.519950853530226,59.12659571297911,59.323273283254665,59.323273283254665,59.12659571297911,59.71662842380577,59.519950853530226,59.12659571297911,59.323273283254665,59.323273283254665,59.519950853530226,59.519950853530226,59.323273283254665,59.323273283254665,59.323273283254665,59.71662842380577,59.12659571297911,59.323273283254665,59.12659571297911,59.12659571297911,59.12659571297911,59.323273283254665,59.71662842380577,59.323273283254665,59.323273283254665,59.323273283254665,59.71662842380577,59.12659571297911,59.323273283254665,59.71662842380577,59.71662842380577,59.323273283254665,59.519950853530226,59.12659571297911,59.323273283254665,59.519950853530226,59.12659571297911,59.519950853530226,59.323273283254665,59.323273283254665,59.12659571297911,59.12659571297911,59.12659571297911,59.12659571297911,59.71662842380577,59.519950853530226,59.519950853530226,59.519950853530226,59.12659571297911,59.71662842380577,59.323273283254665,59.71662842380577,59.323273283254665,59.12659571297911,59.323273283254665,59.519950853530226,59.71662842380577,59.519950853530226,59.12659571297911,59.323273283254665,59.12659571297911,59.323273283254665,59.323273283254665,59.519950853530226,59.323273283254665,59.323273283254665,59.519950853530226,59.323273283254665,59.12659571297911,59.323273283254665,59.71662842380577,59.323273283254665,59.71662842380577,59.71662842380577,59.323273283254665,59.71662842380577,59.12659571297911,59.519950853530226,59.519950853530226,59.519950853530226,59.12659571297911,59.71662842380577,59.323273283254665,59.519950853530226,59.519950853530226,59.323273283254665,59.12659571297911,59.12659571297911,59.71662842380577,59.71662842380577,59.12659571297911,59.323273283254665,59.323273283254665,59.519950853530226,59.323273283254665,59.71662842380577,59.323273283254665,59.71662842380577,59.323273283254665,59.519950853530226,59.12659571297911,59.71662842380577,59.71662842380577,59.519950853530226,59.12659571297911,59.519950853530226,59.519950853530226,59.323273283254665,59.12659571297911,59.323273283254665,59.71662842380577,59.12659571297911,59.71662842380577,59.12659571297911,59.12659571297911,59.519950853530226,59.12659571297911,59.71662842380577,59.71662842380577,59.519950853530226,59.519950853530226,59.71662842380577,59.12659571297911,59.71662842380577,59.71662842380577,59.323273283254665,59.323273283254665,59.71662842380577,59.12659571297911,59.519950853530226,59.323273283254665,59.323273283254665,59.71662842380577,59.12659571297911,59.323273283254665,59.519950853530226,59.519950853530226,59.519950853530226,59.519950853530226,59.71662842380577,59.12659571297911,59.323273283254665,59.519950853530226
59.676192615651225,59.676192615651225,59.27678585755318,59.07708247850415,59.476489236602205,59.07708247850415,59.676192615651225,59.07708247850415,59.476489236602205,59.676192615651225,59.476489236602205,59.07708247850415,59.676192615651225,59.676192615651225,59.07708247850415,59.27678585755318,59.476489236602205,59.476489236602205,59.27678585755318,59.27678585755318,59.07708247850415,59.07708247850415,59.07708247850415,59.27678585755318,59.676192615651225,59.676192615651225,59.07708247850415,59.676192615651225,59.07708247850415,59.676192615651225,59.676192615651225,59.27678585755318,59.676192615651225,59.676192615651225,59.476489236602205,59.476489236602205,59.676192615651225,59.27678585755318,59.07708247850415,59.07708247850415,59.07708247850415,59.476489236602205,59.27678585755318,59.676192615651225,59.476489236602205,59.27678585755318,59.676192615651225,59.476489236602205,59.07708247850415,59.676192615651225,59.07708247850415,59.476489236602205,59.476489236602205,59.27678585755318,59.476489236602205,59.07708247850415,59.27678585755318,59.676192615651225,59.27678585755318,59.07708247850415,59.27678585755318,59.27678585755318,59.476489236602205,59.476489236602205,59.676192615651225,59.27678585755318,59.27678585755318,59.27678585755318,59.27678585755318,59.27678585755318,59.676192615651225,59.27678585755318,59.27678585755318,59.07708247850415,59.676192615651225,59.27678585755318,59.27678585755318,59.07708247850415,59.476489236602205,59.676192615651225,59.27678585755318,59.27678585755318,59.476489236602205,59.27678585755318,59.07708247850415,59.07708247850415,59.07708247850415,59.476489236602205,59.476489236602205,59.07708247850415,59.27678585755318,59.07708247850415,59.07708247850415,59.27678585755318,59.676192615651225,59.27678585755318,59.07708247850415,59.676192615651225,59.676192615651225,59.476489236602205,59.676192615651225,59.07708247850415,59.07708247850415,59.676192615651225,59.476489236602205,59.27678585755318,59.476489236602205,59.07708247850415,59.676192615651225,59.676192615651225,59.07708247850415,59.07708247850415,59.676192615651225,59.27678585755318,59.676192615651225,59.676192615651225,59.476489236602205,59.676192615651225,59.476489236602205,59.07708247850415,59.676192615651225,59.07708247850415,59.476489236602205,59.27678585755318,59.676192615651225,59.07708247850415,59.27678585755318,59.476489236602205,59.07708247850415,59.27678585755318,59.07708247850415,59.476489236602205,59.07708247850415,59.476489236602205,59.476489236602205,59.07708247850415,59.476489236602205,59.676192615651225,59.676192615651225,59.476489236602205,59.07708247850415,59.27678585755318,59.676192615651225,59.07708247850415,59.476489236602205,59.476489236602205,59.676192615651225,59.07708247850415,59.676192615651225,59.27678585755318,59.476489236602205,59.676192615651225,59.27678585755318,59.07708247850415,59.27678585755318,59.27678585755318,59.27678585755318,59.07708247850415,59.476489236602205,59.476489236602205,59.676192615651225,59.676192615651225,59.476489236602205,59.676192615651225,59.27678585755318,59.676192615651225,59.27678585755318,59.07708247850415,59.676192615651225,59.07708247850415,59.07708247850415,59.476489236602205,59.676192615651225,59.07708247850415,59.476489236602205,59.676192615651225,59.476489236602205,59.27678585755318,59.676192615651225,59.27678585755318,59.07708247850415,59.476489236602205,59.676192615651225,59.07708247850415,59.476489236602205,59.676192615651225,59.676192615651225,59.676192615651225,59.676192615651225,59.27678585755318,59.27678585755318,59.476489236602205,59.07708247850415,59.676192615651225,59.476489236602205,59.27678585755318,59.676192615651225,59.27678585755318,59.476489236602205,59.27678585755318
59.02756924402919,59.433027619674185,59.433027619674185,59.02756924402919,59.23029843185169,59.23029843185169,59.63575680749666,59.23029843185169,59.02756924402919,59.23029843185169,59.433027619674185,59.23029843185169,59.433027619674185,59.23029843185169,59.02756924402919,59.63575680749666,59.02756924402919,59.23029843185169,59.433027619674185,59.23029843185169,59.433027619674185,59.63575680749666,59.02756924402919,59.02756924402919,59.63575680749666,59.63575680749666,59.23029843185169,59.433027619674185,59.63575680749666,59.433027619674185,59.63575680749666,59.23029843185169,59.23029843185169,59.433027619674185,59.433027619674185,59.23029843185169,59.23029843185169,59.63575680749666,59.63575680749666,59.02756924402919,59.02756924402919,59.23029843185169,59.63575680749666,59.63575680749666,59.433027619674185,59.433027619674185,59.433027619674185,59.02756924402919,59.433027619674185,59.23029843185169,59.63575680749666,59.433027619674185,59.02756924402919,59.63575680749666,59.02756924402919,59.433027619674185,59.02756924402919,59.433027619674185,59.02756924402919,59.02756924402919,59.63575680749666,59.02756924402919,59.23029843185169,59.23029843185169,59.02756924402919,59.63575680749666,59.433027619674185,59.23029843185169,59.23029843185169,59.23029843185169,59.433027619674185,59.433027619674185,59.63575680749666,59.433027619674185,59.63575680749666,59.02756924402919,59.02756924402919,59.433027619674185,59.63575680749666,59.433027619674185,59.23029843185169,59.23029843185169,59.23029843185169,59.433027619674185,59.23029843185169,59.02756924402919,59.433027619674185,59.433027619674185,59.02756924402919,59.02756924402919,59.63575680749666,59.23029843185169,59.23029843185169,59.433027619674185,59.433027619674185,59.63575680749666,59.63575680749666,59.433027619674185,59.23029843185169,59.433027619674185,59.433027619674185,59.23029843185169,59.23029843185169,59.433027619674185,59.63575680749666,59.433027619674185,59.02756924402919,59.433027619674185,59.23029843185169,59.433027619674185,59.63575680749666,59.23029843185169,59.63575680749666,59.23029843185169,59.23029843185169,59.23029843185169,59.23029843185169,59.02756924402919,59.02756924402919,59.23029843185169,59.23029843185169,59.63575680749666,59.63575680749666,59.433027619674185,59.433027619674185,59.63575680749666,59.433027619674185,59.433027619674185,59.433027619674185,59.02756924402919,59.433027619674185,59.63575680749666,59.63575680749666,59.23029843185169,59.433027619674185,59.433027619674185,59.63575680749666,59.433027619674185,59.63575680749666,59.63575680749666,59.433027619674185,59.02756924402919,59.63575680749666,59.63575680749666,59.63575680749666,59.63575680749666,59.02756924402919,59.02756924402919,59.23029843185169,59.23029843185169,59.433027619674185,59.63575680749666,59.63575680749666,59.02756924402919,59.433027619674185,59.23029843185169,59.63575680749666,59.63575680749666,59.433027619674185,59.433027619674185,59.23029843185169,59.433027619674185,59.433027619674185,59.02756924402919,59.23029843185169,59.23029843185169,59.63575680749666,59.02756924402919,59.433027619674185,59.23029843185169,59.63575680749666,59.02756924402919,59.63575680749666,59.23029843185169,59.63575680749666,59.02756924402919,59.23029843185169,59.02756924402919,59.433027619674185,59.02756924402919,59.23029843185169,59.433027619674185,59.02756924402919,59.433027619674185,59.02756924402919,59.23029843185169,59.433027619674185,59.02756924402919,59.02756924402919,59.02756924402919,59.433027619674185,59.02756924402919,59.63575680749666,59.433027619674185,59.23029843185169,59.02756924402919,59.433027619674185,59.433027619674185,59.02756924402919,59.433027619674185
59.38956600274615,58.978056009554216,58.978056009554216,59.59532099934213,59.38956600274615,58.978056009554216,59.38956600274615,59.59532099934213,59.18381100615019,59.59532099934213,59.18381100615019,59.59532099934213,59.59532099934213,59.18381100615019,59.18381100615019,59.59532099934213,59.38956600274615,59.59532099934213,59.18381100615019,59.38956600274615,58.978056009554216,59.59532099934213,59.18381100615019,59.59532099934213,58.978056009554216,59.38956600274615,59.18381100615019,58.978056009554216,59.59532099934213,59.59532099934213,59.38956600274615,59.38956600274615,59.38956600274615,59.18381100615019,59.18381100615019,58.978056009554216,58.978056009554216,59.38956600274615,58.978056009554216,59.18381100615019,59.59532099934213,58.978056009554216,59.18381100615019,59.38956600274615,59.18381100615019,59.18381100615019,59.38956600274615,59.38956600274615,59.18381100615019,59.38956600274615,59.59532099934213,59.59532099934213,59.38956600274615,59.18381100615019,59.38956600274615,59.59532099934213,59.59532099934213,58.978056009554216,58.978056009554216,58.978056009554216,58.978056009554216,59.18381100615019,58.978056009554216,59.38956600274615,59.18381100615019,58.978056009554216,59.59532099934213,59.38956600274615,59.59532099934213,59.18381100615019,59.38956600274615,59.38956600274615,59.18381100615019,59.59532099934213,58.978056009554216,59.18381100615019,59.18381100615019,58.978056009554216,59.59532099934213,58.978056009554216,59.38956600274615,59.38956600274615,59.38956600274615,59.59532099934213,58.978056009554216,59.38956600274615,58.978056009554216,59.38956600274615,59.18381100615019,58.978056009554216,59.18381100615019,59.18381100615019,59.18381100615019,58.978056009554216,59.38956600274615,59.18381100615019,59.38956600274615,59.18381100615019,59.59532099934213,59.38956600274615,59.59532099934213,59.38956600274615,59.59532099934213,59.18381100615019,58.978056009554216,59.59532099934213,59.38956600274615,59.38956600274615,58.978056009554216,59.38956600274615,59.18381100615019,59.59532099934213,58.978056009554216,58.978056009554216,59.59532099934213,59.18381100615019,59.59532099934213,59.38956600274615,58.978056009554216,59.38956600274615,59.18381100615019,58.978056009554216,59.38956600274615,59.38956600274615,59.18381100615019,59.18381100615019,59.18381100615019,59.18381100615019,59.18381100615019,59.59532099934213,59.18381100615019,59.38956600274615,58.978056009554216,59.59532099934213,59.18381100615019,59.18381100615019,59.59532099934213,58.978056009554216,59.38956600274615,59.59532099934213,59.18381100615019,58.978056009554216,59.18381100615019,59.38956600274615,59.18381100615019,59.59532099934213,59.59532099934213,58.978056009554216,59.18381100615019,59.18381100615019,59.38956600274615,59.38956600274615,59.59532099934213,59.59532099934213,59.59532099934213,58.978056009554216,59.59532099934213,59.59532099934213,59.38956600274615,59.59532099934213,59.18381100615019,59.18381100615019,59.18381100615019,58.978056009554216,59.18381100615019,59.18381100615019,59.38956600274615,59.18381100615019,59.38956600274615,59.18381100615019,59.18381100615019,58.978056009554216,59.18381100615019,59.38956600274615,59.38956600274615,58.978056009554216,59.18381100615019,58.978056009554216,59.59532099934213,59.18381100615019,59.59532099934213,59.38956600274615,59.59532099934213,59.38956600274615,59.38956600274615,59.38956600274615,59.59532099934213,59.38956600274615,59.18381100615019,58.978056009554216,58.978056009554216,58.978056009554216,58.978056009554216,59.38956600274615,58.978056009554216,59.59532099934213,59.59532099934213,59.38956600274615,59.38956600274615,59.18381100615019
58.928542775079265,59.13732358044869,59.554885191187566,59.554885191187566,59.554885191187566,59.554885191187566,59.34610438581812,59.554885191187566,59.13732358044869,59.34610438581812,58.928542775079265,59.34610438581812,58.928542775079265,59.554885191187566,59.34610438581812,59.34610438581812,58.928542775079265,59.34610438581812,59.34610438581812,59.13732358044869,59.554885191187566,59.554885191187566,59.34610438581812,58.928542775079265,59.554885191187566,59.34610438581812,59.34610438581812,59.34610438581812,59.13732358044869,59.34610438581812,59.13732358044869,59.34610438581812,59.13732358044869,58.928542775079265,58.928542775079265,59.34610438581812,59.554885191187566,58.928542775079265,59.554885191187566,59.34610438581812,59.34610438581812,59.554885191187566,58.928542775079265,59.554885191187566,59.34610438581812,59.554885191187566,59.13732358044869,59.13732358044869,59.554885191187566,59.13732358044869,59.34610438581812,59.34610438581812,59.554885191187566,58.928542775079265,59.554885191187566,59.13732358044869,59.554885191187566,58.928542775079265,59.554885191187566,59.34610438581812,59.34610438581812,59.34610438581812,58.928542775079265,59.554885191187566,59.34610438581812,59.34610438581812,59.34610438581812,59.13732358044869,58.928542775079265,59.554885191187566,59.34610438581812,59.34610438581812,59.34610438581812,59.554885191187566,59.554885191187566,59.554885191187566,59.34610438581812,58.928542775079265,58.928542775079265,59.34610438581812,58.928542775079265,59.13732358044869,58.928542775079265,59.34610438581812,59.34610438581812,59.13732358044869,59.34610438581812,59.554885191187566,59.34610438581812,59.13732358044869,58.928542775079265,59.34610438581812,59.34610438581812,59.554885191187566,59.554885191187566,59.34610438581812,59.13732358044869,59.554885191187566,59.554885191187566,59.13732358044869,58.928542775079265,59.34610438581812,59.554885191187566,59.554885191187566,59.34610438581812,59.34610438581812,58.928542775079265,59.34610438581812,59.34610438581812,59.34610438581812,59.554885191187566,59.554885191187566,59.554885191187566,58.928542775079265,59.554885191187566,59.34610438581812,59.13732358044869,59.34610438581812,59.34610438581812,59.34610438581812,59.13732358044869,59.34610438581812,59.554885191187566,59.34610438581812,59.554885191187566,58.928542775079265,59.34610438581812,58.928542775079265,59.13732358044869,59.554885191187566,58.928542775079265,59.554885191187566,58.928542775079265,59.34610438581812,59.554885191187566,59.34610438581812,59.13732358044869,59.34610438581812,59.34610438581812,59.554885191187566,59.13732358044869,58.928542775079265,59.34610438581812,59.34610438581812,59.13732358044869,59.13732358044869,59.13732358044869,59.554885191187566,59.34610438581812,59.554885191187566,58.928542775079265,59.554885191187566,59.13732358044869,59.34610438581812,59.34610438581812,59.34610438581812,59.34610438581812,59.13732358044869,58.928542775079265,59.34610438581812,59.554885191187566,59.13732358044869,59.13732358044869,59.13732358044869,58.928542775079265,59.554885191187566,59.554885191187566,59.34610438581812,58.928542775079265,58.928542775079265,58.928542775079265,59.13732358044869,59.554885191187566,58.928542775079265,58.928542775079265,59.34610438581812,59.34610438581812,59.554885191187566,59.13732358044869,59.13732358044869,59.34610438581812,59.13732358044869,59.13732358044869,59.13732358044869,59.554885191187566,59.34610438581812,58.928542775079265,59.34610438581812,59.34610438581812,59.34610438581812,59.13732358044869,59.34610438581812,59.554885191187566,59.13732358044869,59.34610438581812,59.554885191187566,59.554885191187566,59.13732358044869,59.34610438581812,58.928542775079265
59.090836154747194,58.879029540604286,58.879029540604286,59.3026427688901,58.879029540604286,59.090836154747194,59.090836154747194,58.879029540604286,59.51444938303301,59.51444938303301,59.3026427688901,59.3026427688901,59.090836154747194,59.51444938303301,59.3026427688901,59.090836154747194,59.51444938303301,59.090836154747194,58.879029540604286,59.3026427688901,59.090836154747194,59.090836154747194,59.090836154747194,58.879029540604286,59.090836154747194,59.090836154747194,59.51444938303301,59.51444938303301,59.51444938303301,59.51444938303301,58.879029540604286,59.3026427688901,59.090836154747194,59.090836154747194,59.090836154747194,59.51444938303301,59.090836154747194,58.879029540604286,59.3026427688901,59.3026427688901,59.51444938303301,59.090836154747194,59.3026427688901,59.51444938303301,59.090836154747194,59.3026427688901,58.879029540604286,59.090836154747194,59.51444938303301,59.090836154747194,59.51444938303301,58.879029540604286,59.51444938303301,59.51444938303301,58.879029540604286,59.090836154747194,59.3026427688901,58.879029540604286,58.879029540604286,59.090836154747194,59.3026427688901,59.090836154747194,59.3026427688901,58.879029540604286,59.3026427688901,59.3026427688901,59.3026427688901,59.090836154747194,59.090836154747194,59.090836154747194,59.090836154747194,59.51444938303301,58.879029540604286,58.879029540604286,59.3026427688901,59.090836154747194,59.51444938303301,59.3026427688901,59.3026427688901,58.879029540604286,58.879029540604286,59.090836154747194,58.879029540604286,59.090836154747194,59.51444938303301,58.879029540604286,59.51444938303301,59.3026427688901,59.090836154747194,59.51444938303301,59.3026427688901,59.090836154747194,58.879029540604286,59.51444938303301,59.3026427688901,59.51444938303301,58.879029540604286,59.3026427688901,58.879029540604286,59.51444938303301,59.51444938303301,59.51444938303301,59.51444938303301,59.090836154747194,59.090836154747194,59.090836154747194,59.090836154747194,59.3026427688901,59.3026427688901,58.879029540604286,59.090836154747194,59.3026427688901,59.51444938303301,58.879029540604286,58.879029540604286,59.51444938303301,59.3026427688901,59.51444938303301,59.3026427688901,59.51444938303301,59.3026427688901,59.51444938303301,58.879029540604286,59.090836154747194,58.879029540604286,59.51444938303301,59.51444938303301,59.3026427688901,59.3026427688901,59.090836154747194,59.090836154747194,58.879029540604286,59.090836154747194,59.3026427688901,58.879029540604286,59.090836154747194,59.090836154747194,59.090836154747194,59.51444938303301,59.51444938303301,59.090836154747194,58.879029540604286,59.3026427688901,59.51444938303301,58.879029540604286,59.51444938303301,59.090836154747194,59.3026427688901,58.879029540604286,59.090836154747194,59.51444938303301,59.51444938303301,59.090836154747194,59.3026427688901,59.090836154747194,59.3026427688901,59.090836154747194,59.3026427688901,59.3026427688901,59.3026427688901,58.879029540604286,59.3026427688901,59.3026427688901,59.090836154747194,59.3026427688901,59.3026427688901,59.51444938303301,59.090836154747194,59.090836154747194,59.51444938303301,59.51444938303301,59.3026427688901,58.879029540604286,59.090836154747194,59.3026427688901,58.879029540604286,59.51444938303301,59.51444938303301,59.51444938303301,58.879029540604286,59.3026427688901,58.879029540604286,59.51444938303301,59.3026427688901,59.51444938303301,59.3026427688901,58.879029540604286,59.090836154747194,59.090836154747194,59.090836154747194,58.879029540604286,58.879029540604286,59.3026427688901,59.3026427688901,59.51444938303301,59.51444938303301,59.51444938303301,59.3026427688901,59.51444938303301,59.3026427688901
58.82951630612933,59.25918115196208,58.82951630612933,59.47401357487845,58.82951630612933,59.0443487290457,59.0443487290457,58.82951630612933,59.25918115196208,59.25918115196208,59.25918115196208,59.47401357487845,58.82951630612933,59.0443487290457,59.25918115196208,58.82951630612933,59.0443487290457,59.47401357487845,59.47401357487845,59.47401357487845,58.82951630612933,59.47401357487845,59.0443487290457,58.82951630612933,59.0443487290457,59.25918115196208,59.47401357487845,59.25918115196208,59.47401357487845,59.0443487290457,59.0443487290457,59.0443487290457,58.82951630612933,59.47401357487845,59.25918115196208,59.0443487290457,59.25918115196208,59.47401357487845,58.82951630612933,59.25918115196208,58.82951630612933,58.82951630612933,58.82951630612933,58.82951630612933,59.25918115196208,58.82951630612933,58.82951630612933,59.0443487290457,59.47401357487845,59.0443487290457,59.25918115196208,58.82951630612933,58.82951630612933,59.0443487290457,59.25918115196208,59.47401357487845,59.25918115196208,58.82951630612933,59.25918115196208,59.0443487290457,59.25918115196208,59.0443487290457,58.82951630612933,58.82951630612933,58.82951630612933,58.82951630612933,59.25918115196208,59.47401357487845,59.47401357487845,59.0443487290457,59.0443487290457,59.47401357487845,59.25918115196208,59.47401357487845,59.47401357487845,58.82951630612933,59.25918115196208,59.25918115196208,58.82951630612933,58.82951630612933,59.25918115196208,59.0443487290457,59.0443487290457,58.82951630612933,59.25918115196208,59.0443487290457,59.47401357487845,59.25918115196208,59.0443487290457,58.82951630612933,58.82951630612933,58.82951630612933,59.25918115196208,59.0443487290457,59.47401357487845,58.82951630612933,59.0443487290457,59.47401357487845,59.25918115196208,59.47401357487845,59.47401357487845,59.0443487290457,59.0443487290457,59.25918115196208,59.47401357487845,58.82951630612933,58.82951630612933,59.0443487290457,59.47401357487845,59.25918115196208,59.25918115196208,58.82951630612933,59.47401357487845,59.0443487290457,59.25918115196208,58.82951630612933,59.25918115196208,59.0443487290457,59.47401357487845,59.0443487290457,59.25918115196208,59.47401357487845,58.82951630612933,59.25918115196208,59.25918115196208,59.0443487290457,59.47401357487845,59.0443487290457,59.0443487290457,59.0443487290457,59.0443487290457,59.0443487290457,59.25918115196208,59.47401357487845,59.0443487290457,59.0443487290457,59.0443487290457,58.82951630612933,59.47401357487845,58.82951630612933,59.0443487290457,59.47401357487845,59.47401357487845,59.0443487290457,58.82951630612933,59.25918115196208,58.82951630612933,59.25918115196208,58.82951630612933,59.47401357487845,59.47401357487845,59.25918115196208,58.82951630612933,59.0443487290457,59.0443487290457,59.0443487290457,58.82951630612933,59.0443487290457,59.25918115196208,59.47401357487845,59.0443487290457,59.25918115196208,58.82951630612933,59.47401357487845,59.25918115196208,59.47401357487845,59.47401357487845,58.82951630612933,59.25918115196208,58.82951630612933,59.25918115196208,58.82951630612933,59.47401357487845,59.0443487290457,59.25918115196208,59.47401357487845,59.47401357487845,59.0443487290457,59.0443487290457,59.0443487290457,59.0443487290457,58.82951630612933,59.47401357487845,59.0443487290457,59.47401357487845,59.0443487290457,58.82951630612933,59.47401357487845,59.25918115196208,59.47401357487845,59.47401357487845,58.82951630612933,59.0443487290457,59.0443487290457,59.25918115196208,59.0443487290457,59.25918115196208,59.47401357487845,59.0443487290457,59.0443487290457
59.21571953503405,58.9978613033442,59.433577766723886,58.9978613033442,58.78000307165436,58.9978613033442,58.9978613033442,58.78000307165436,59.433577766723886,59.21571953503405,58.9978613033442,59.21571953503405,59.433577766723886,59.21571953503405,59.433577766723886,59.21571953503405,58.78000307165436,58.78000307165436,58.9978613033442,59.21571953503405,59.21571953503405,58.78000307165436,58.9978613033442,59.21571953503405,59.433577766723886,58.78000307165436,59.21571953503405,58.9978613033442,59.433577766723886,59.21571953503405,58.9978613033442,59.21571953503405,59.21571953503405,58.9978613033442,59.433577766723886,59.433577766723886,59.433577766723886,58.9978613033442,58.9978613033442,58.78000307165436,58.78000307165436,58.9978613033442,58.78000307165436,58.78000307165436,58.78000307165436,59.433577766723886,59.433577766723886,58.9978613033442,59.433577766723886,59.433577766723886,58.9978613033442,58.9978613033442,59.433577766723886,58.9978613033442,59.21571953503405,59.433577766723886,58.78000307165436,59.21571953503405,58.78000307165436,59.21571953503405,59.433577766723886,59.21571953503405,58.9978613033442,59.21571953503405,59.21571953503405,58.78000307165436,59.433577766723886,59.21571953503405,59.21571953503405,59.433577766723886,59.21571953503405,58.9978613033442,58.78000307165436,58.9978613033442,59.21571953503405,59.21571953503405,58.9978613033442,58.9978613033442,59.433577766723886,58.9978613033442,59.433577766723886,59.433577766723886,59.21571953503405,59.21571953503405,59.21571953503405,59.433577766723886,59.433577766723886,59.433577766723886,59.433577766723886,59.433577766723886,59.21571953503405,58.78000307165436,59.21571953503405,58.78000307165436,59.21571953503405,58.78000307165436,58.78000307165436,59.21571953503405,58.9978613033442,58.9978613033442,58.78000307165436,58.9978613033442,58.78000307165436,59.433577766723886,59.21571953503405,58.78000307165436,58.78000307165436,59.21571953503405,59.433577766723886,59.433577766723886,58.9978613033442,59.21571953503405,58.9978613033442,59.433577766723886,59.21571953503405,59.433577766723886,58.9978613033442,58.9978613033442,59.21571953503405,59.21571953503405,59.433577766723886,58.78000307165436,59.433577766723886,59.21571953503405,59.21571953503405,58.78000307165436,59.21571953503405,59.433577766723886,58.78000307165436,58.9978613033442,58.9978613033442,58.78000307165436,58.9978613033442,58.9978613033442,59.433577766723886,58.9978613033442,59.21571953503405,59.433577766723886,59.21571953503405,59.433577766723886,58.9978613033442,58.78000307165436,59.21571953503405,58.78000307165436,59.433577766723886,59.21571953503405,59.21571953503405,58.9978613033442,58.9978613033442,59.21571953503405,58.78000307165436,58.78000307165436,58.9978613033442,58.9978613033442,58.9978613033442,59.21571953503405,59.21571953503405,59.433577766723886,58.78000307165436,58.78000307165436,58.78000307165436,58.78000307165436,59.21571953503405,58.9978613033442,58.9978613033442,59.21571953503405,59.433577766723886,58.78000307165436,58.78000307165436,58.78000307165436,59.21571953503405,58.78000307165436,58.78000307165436,58.78000307165436,58.78000307165436,59.21571953503405,58.9978613033442,59.21571953503405,58.9978613033442,59.21571953503405,58.78000307165436,58.9978613033442,59.433577766723886,58.78000307165436,58.9978613033442,59.433577766723886,59.433577766723886,59.21571953503405,59.21571953503405,58.9978613033442,58.9978613033442,58.9978613033442,58.78000307165436,59.433577766723886,59.21571953503405,58.9978613033442,58.9978613033442,58.78000307165436,58.9978613033442,58.78000307165436
